  0.10000000000000001       0.38166347710964216     
  0.10040817718110437       0.34812677648046059     
  0.10081802044832047       0.31737581328173947     
  0.10122953660223166       0.29130717067264905     
  0.10164273247117964       0.27146229923642207     
  0.10205761491137796       0.25893751682233451     
  0.10247419080702558       0.25432674068785227     
  0.10289246707042120       0.25769914111891512     
  0.10331245064207799       0.26861150850181353     
  0.10373414849083867       0.28615289189612425     
  0.10415756761399117       0.30901713062513436     
  0.10458271503738485       0.33559736564379128     
  0.10500959781554686       0.36409555481167777     
  0.10543822303179938       0.39263946030862085     
  0.10586859779837712       0.41939952695586957     
  0.10630072925654524       0.44269849483921003     
  0.10673462457671801       0.46110742882622713     
  0.10717029095857759       0.47352302057932966     
  0.10760773563119364       0.47922243036292433     
  0.10804696585314330       0.47789348391894731     
  0.10848798891263144       0.46963962115486380     
  0.10893081212761184       0.45496051148372352     
  0.10937544284590843       0.43471061978532299     
  0.10982188844533726       0.41003915699030924     
  0.11027015633382903       0.38231572842842643     
  0.11072025394955184       0.35304656937871021     
  0.11117218876103470       0.32378651881095366     
  0.11162596826729153       0.29605183625900505     
  0.11208159999794542       0.27123863729003928     
  0.11253909151335369       0.25055114850590987     
  0.11299845040473337       0.23494321263272977     
  0.11345968429428700       0.22507556435274972     
  0.11392280083532935       0.22129040781257026     
  0.11438780771241415       0.22360381667786700     
  0.11485471264146174       0.23171550317814252     
  0.11532352336988719       0.24503461351567341     
  0.11579424767672861       0.26271944458526308     
  0.11626689337277650       0.28372837250205135     
  0.11674146830070313       0.30687885751525829     
  0.11721798033519278       0.33091115208249544     
  0.11769643738307244       0.35455328823508686     
  0.11817684738344295       0.37658404631918507     
  0.11865921830781066       0.39589089094730162     
  0.11914355816021997       0.41152027615880199     
  0.11962987497738581       0.42271824026060673     
  0.12011817682882717       0.42895979869821438     
  0.12060847181700105       0.42996626678510264     
  0.12110076807743671       0.42571027025089597     
  0.12159507377887094       0.41640879983345191     
  0.12209139712338332       0.40250520973584775     
  0.12258974634653247       0.38464152661042017     
  0.12309012971749274       0.36362280911995792     
  0.12359255553919130       0.34037556709821581     
  0.12409703214844603       0.31590240869913977     
  0.12460356791610375       0.29123513402983581     
  0.12511217124717913       0.26738843999733231     
  0.12562285058099434       0.24531625322400435     
  0.12613561439131882       0.22587247920923365     
  0.12665047118650996       0.20977766237956233     
  0.12716742950965446       0.19759271090483727     
  0.12768649793870987       0.18970047053724182     
  0.12820768508664696       0.18629555148152616     
  0.12873099960159279       0.18738243871069743     
  0.12925645016697404       0.19278156485289821     
  0.12978404550166117       0.20214270926183461     
  0.13031379436011306       0.21496481803031242     
  0.13084570553252231       0.23062112556218428     
  0.13137978784496107       0.24838830398725756     
  0.13191605015952751       0.26747827437961413     
  0.13245450137449291       0.28707128285624794     
  0.13299515042444918       0.30634887212348239     
  0.13353800628045717       0.32452545967313962     
  0.13408307795019572       0.34087736061747687     
  0.13463037447811083       0.35476825777236431     
  0.13517990494556581       0.36567031485856438     
  0.13573167847099218       0.37318034096816743     
  0.13628570421004074       0.37703063610854048     
  0.13684199135573349       0.37709436943848657     
  0.13740054913861643       0.37338555521269834     
  0.13796138682691236       0.36605388889991286     
  0.13852451372667493       0.35537488108565185     
  0.13908993918194296       0.34173587460244137     
  0.13965767257489561       0.32561864726220496     
  0.14022772332600780       0.30757938644802763     
  0.14080010089420669       0.28822687190560287     
  0.14137481477702879       0.26819971991619118     
  0.14195187451077720       0.24814352736768172     
  0.14253128967068007       0.22868871081646128     
  0.14311306987104958       0.21042976702518154     
  0.14369722476544117       0.19390659187122064     
  0.14428376404681392       0.17958838857065929     
  0.14487269744769149       0.16786057869528667     
  0.14546403474032335       0.15901500534661273     
  0.14605778573684705       0.15324359181566108     
  0.14665396028945119       0.15063549552517522     
  0.14725256829053859       0.15117768001731954     
  0.14785361967289068       0.15475872067932203     
  0.14845712440983222       0.16117556565102883     
  0.14906309251539690       0.17014289413906036     
  0.14967153404449324       0.18130465170782778     
  0.15028245909307170       0.19424729689747516     
  0.15089587779829214       0.20851426596251457     
  0.15151180033869191       0.22362115226967297     
  0.15213023693435482       0.23907110304550533     
  0.15275119784708088       0.25436995737251800     
  0.15337469338055626       0.26904068387151014     
  0.15400073388052446       0.28263672236488280     
  0.15462932973495802       0.29475388877821296     
  0.15526049137423079       0.30504056428205928     
  0.15589422927129087       0.31320595584879179     
  0.15653055394183482       0.31902628369348052     
  0.15716947594448166       0.32234881929052850     
  0.15781100588094832       0.32309376378825899     
  0.15845515439622559       0.32125401888024324     
  0.15910193217875471       0.31689295898906700     
  0.15975134996060453       0.31014036370985365     
  0.16040341851764989       0.30118671187635399     
  0.16105814866975027       0.29027607267984912     
  0.16171555128092935       0.27769785461167740     
  0.16237563725955523       0.26377768951486180     
  0.16303841755852153       0.24886773687928559     
  0.16370390317542910       0.23333669309056895     
  0.16437210515276834       0.21755978223995248     
  0.16504303457810285       0.20190899008322385     
  0.16571670258425286       0.18674378169595329     
  0.16639312034948034       0.17240251730042630     
  0.16707229909767446       0.15919475068823891     
  0.16775425009853762       0.14739456170874735     
  0.16843898466777257       0.13723503950982641     
  0.16912651416727026       0.12890399764147470     
  0.16981685000529834       0.12254096674360829     
  0.17051000363669019       0.11823547623489777     
  0.17120598656303537       0.11602660400019439     
  0.17190481033287031       0.11590374322982092     
  0.17260648654186983       0.11780850886490293     
  0.17331102683303970       0.12163768299512370     
  0.17401844289690985       0.12724707935935989     
  0.17472874647172817       0.13445619201307657     
  0.17544194934365545       0.14305348232882564     
  0.17615806334696094       0.15280215175756406     
  0.17687710036421864       0.16344624506835898     
  0.17759907232650440       0.17471692988421600     
  0.17832399121359424       0.18633880294791297     
  0.17905186905416270       0.19803608132820227     
  0.17978271792598266       0.20953854730949409     
  0.18051654995612570       0.22058712855901585     
  0.18125337732116351       0.23093900987553534     
  0.18199321224736950       0.24037218892610066     
  0.18273606701092207       0.24868940540850862     
  0.18348195393810826       0.25572139058842058     
  0.18423088540552804       0.26132940172591496     
  0.18498287384029991       0.26540702313292674     
  0.18573793172026712       0.26788123213465947     
  0.18649607157420448       0.26871274373187626     
  0.18725730598202642       0.26789566201058829     
  0.18802164757499584       0.26545647910330766     
  0.18878910903593346       0.26145247360349566     
  0.18955970309942835       0.25596956965277640     
  0.19033344255204943       0.24911972538737959     
  0.19111034023255730       0.24103792501955765     
  0.19189040903211749       0.23187885255703622     
  0.19267366189451438       0.22181332708245841     
  0.19346011181636599       0.21102457971297470     
  0.19424977184733941       0.19970445095393122     
  0.19504265509036750       0.18804958429112711     
  0.19583877470186650       0.17625768769318162     
  0.19663814389195391       0.16452392939360017     
  0.19744077592466802       0.15303752807484966     
  0.19824668411818794       0.14197859057288878     
  0.19905588184505443       0.13151524264939002     
  0.19986838253239200       0.12180109042618949     
  0.20068419966213161       0.11297304192177923     
  0.20150334677123438       0.10514950994204345     
  0.20232583745191612        9.8429009514116053E-002
  0.20315168535187320        9.2889155255822489E-002
  0.20398090417450848        8.8586056670127949E-002
  0.20481350767915915        8.5554102453835212E-002
  0.20564950968132489        8.3806118603924160E-002
  0.20648892405289709        8.3333879466838109E-002
  0.20733176472238896        8.4108945960984921E-002
  0.20817804567516671        8.6083801048607717E-002
  0.20902778095368180        8.9193249160815474E-002
  0.20988098465770355        9.3356043694140550E-002
  0.21073767094455342        9.8476704888947303E-002
  0.21159785402933992       0.10444748934666889     
  0.21246154818519422       0.11115047210973768     
  0.21332876774350720       0.11845970257068748     
  0.21419952709416737       0.12624339644218546     
  0.21507384068579924       0.13436612754796806     
  0.21595172302600341       0.14269098522069834     
  0.21683318868159726       0.15108166554815822     
  0.21771825227885655       0.15940446752312604     
  0.21860692850375804       0.16753016825351191     
  0.21949923210222347       0.17533575470695370     
  0.22039517788036408       0.18270599292921555     
  0.22129478070472614       0.18953481922215992     
  0.22219805550253774       0.19572654133232803     
  0.22310501726195672       0.20119684122725609     
  0.22401568103231900       0.20587357447058760     
  0.22493006192438844       0.20969736450148374     
  0.22584817511060773       0.21262199323704828     
  0.22677003582534988       0.21461459231311300     
  0.22769565936517111       0.21565564192926445     
  0.22862506108906488       0.21573878664520649     
  0.22955825641871638       0.21487047957010158     
  0.23049526083875860       0.21306946818288897     
  0.23143608989702943       0.21036613651363748     
  0.23238075920482931       0.20680171960278582     
  0.23332928443718048       0.20242740704039322     
  0.23428168133308711       0.19730335297929724     
  0.23523796569579644       0.19149761032605389     
  0.23619815339306083       0.18508500685692367     
  0.23716226035740115       0.17814598080072375     
  0.23813030258637141       0.17076539299633808     
  0.23910229614282377       0.16303133209199899     
  0.24007825715517533       0.15503392842940908     
  0.24105820181767584       0.14686419127255748     
  0.24204214639067612       0.13861288292328772     
  0.24303010720089804       0.13036944203788559     
  0.24402210064170560       0.12222096714563925     
  0.24501814317337661       0.11425126999500276     
  0.24601825132337590       0.10654000693853583     
  0.24702244168662996        9.9161895135713940E-002
  0.24803073092580163        9.2186018923221785E-002
  0.24904313577156709        8.5675230294007754E-002
  0.25005967302289334        7.9685646056212242E-002
  0.25108035954731700        7.4266242926159576E-002
  0.25210521228122396        6.9458550559191923E-002
  0.25313424823013059        6.5296441349681295E-002
  0.25416748446896609        6.1806014746560042E-002
  0.25520493814235545        5.9005572840788945E-002
  0.25624662646490398        5.6905683092241456E-002
  0.25729256672148348        5.5509323279545143E-002
  0.25834277626751834        5.4812103080003338E-002
  0.25939727252927380        5.4802556118655879E-002
  0.26045607300414547        5.5462495865329538E-002
  0.26151919526094891        5.6767428404262847E-002
  0.26258665694021183        5.8687014849631049E-002
  0.26365847575446660        6.1185576027811009E-002
  0.26473466948854396        6.4222631988664250E-002
  0.26581525599986822        6.7753468937637312E-002
  0.26690025321875377        7.1729726291663354E-002
  0.26798967914870253        7.6099996747870713E-002
  0.26908355186670235        8.0810432507578828E-002
  0.27018188952352734        8.5805351111559097E-002
  0.27128471034403900        9.1027834708243924E-002
  0.27239203262748851        9.6420316986899693E-002
  0.27350387474782023       0.10192515245494808     
  0.27462025515397709       0.10748516321523424     
  0.27574119237020622       0.11304415889764782     
  0.27686670499636645       0.11854742591330017     
  0.27799681170823720       0.12394218272164317     
  0.27913153125782791       0.12917799832527502     
  0.28027088247368953       0.13420717172801688     
  0.28141488426122702       0.13898507060365994     
  0.28256355560301261       0.14347042792087999     
  0.28371691555910122       0.14762559574985679     
  0.28487498326734656       0.15141675593421416     
  0.28603777794371876       0.15481408774489958     
  0.28720531888262307       0.15779189303765473     
  0.28837762545721990       0.16032867981059362     
  0.28955471711974690       0.16240720540131542     
  0.29073661340184104       0.16401448087265585     
  0.29192333391486291       0.16514173841174667     
  0.29311489835022253       0.16578436380809181     
  0.29431132647970543       0.16594179628283051     
  0.29551263815580109       0.16561739811355342     
  0.29671885331203263       0.16481829663764741     
  0.29792999196328690       0.16355520132302154     
  0.29914607420614708       0.16184219866953264     
  0.30036712021922612       0.15969652774878024     
  0.30159315026350136       0.15713833920590500     
  0.30282418468265071       0.15419044053629671     
  0.30406024390339059       0.15087803041468495     
  0.30530134843581452       0.14722842479589510     
  0.30654751887373349       0.14327077742773731     
  0.30779877589501764       0.13903579731914972     
  0.30905514026193970       0.13455546559301890     
  0.31031663282151906       0.12986275402517350     
  0.31158327450586787       0.12499134743103354     
  0.31285508633253861       0.11997537191134919     
  0.31413208940487242       0.11484913081045531     
  0.31541430491234945       0.10964685007635508     
  0.31670175413094059       0.10440243454369164     
  0.31799445842346041        9.9149236489959533E-002
  0.31929243923992134        9.3919837643797424E-002
  0.32059571811789023        8.8745845653485755E-002
  0.32190431668284508        8.3657705855201325E-002
  0.32321825664853443        7.8684529015480148E-002
  0.32453755981733712        7.3853935561893569E-002
  0.32586224808062436        6.9191916661116903E-002
  0.32719234341912323        6.4722712355411327E-002
  0.32852786790328065        6.0468706827684800E-002
  0.32986884369363056        5.6450340732533966E-002
  0.33121529304116082        5.2686040406487736E-002
  0.33256723828768275        4.9192163655515347E-002
  0.33392470186620210        4.5982961712080314E-002
  0.33528770630129073        4.3070556857796344E-002
  0.33665627420946076        4.0464935121250822E-002
  0.33803042829953994        3.8173953383791162E-002
  0.33941019137304806        3.6203360159009566E-002
  0.34079558632457546        3.4556829254179376E-002
  0.34218663614216327        3.3236005473766414E-002
  0.34358336390768413        3.2240561486173915E-002
  0.34498579279722608        3.1568264944688888E-002
  0.34639394608147639        3.1215054931886341E-002
  0.34780784712610791        3.1175126783073125E-002
  0.34922751939216706        3.1441024338309802E-002
  0.35065298643646264        3.2003738673644123E-002
  0.35208427191195729        3.2852812369971167E-002
  0.35352139956815942        3.3976448391850489E-002
  0.35496439325151735        3.5361622668213792E-002
  0.35641327690581565        3.6994199491595332E-002
  0.35786807457257153        3.8859048881841003E-002
  0.35932881039143427        4.0940165093657263E-002
  0.36079550860058590        4.3220785484344625E-002
  0.36226819353714296        4.5683508998110668E-002
  0.36374688963756052        4.8310413566003685E-002
  0.36523162143803800        5.1083171765246016E-002
  0.36672241357492547        5.3983164128166582E-002
  0.36821929078513355        5.6991589538549013E-002
  0.36972227790654283        6.0089572201667968E-002
  0.37123139987841652        6.3258264723147772E-002
  0.37274668174181458        6.6478946880706852E-002
  0.37426814864000829        6.9733119721526168E-002
  0.37579582581889864        7.3002594666033205E-002
  0.37732973862743413        7.6269577346120540E-002
  0.37886991251803198        7.9516745951894202E-002
  0.38041637304700071        8.2727323905770089E-002
  0.38196914587496344        8.5885146725913283E-002
  0.38352825676728425        8.8974722982432738E-002
  0.38509373159449567        9.1981289289290502E-002
  0.38666559633272773        9.4890859312379131E-002
  0.38824387706413899        9.7690266809601939E-002
  0.38982859997734975       0.10036720275195937     
  0.39141979136787586       0.10291024660551128     
  0.39301747763856587       0.10530889188263828     
  0.39462168530003849       0.10755356609723873     
  0.39623244097112265       0.10963564528231901     
  0.39784977137929967       0.11154746324994427     
  0.39947370336114574       0.11328231579265868     
  0.40110426386277853       0.11483446004235889     
  0.40274147994030307       0.11619910921722493     
  0.40438537876026137       0.11737242299973852     
  0.40603598760008325       0.11835149379913551     
  0.40769333384853856       0.11913432915992622     
  0.40935744500619187       0.11971983058441218     
  0.41102834868585908       0.12010776904160878     
  0.41270607261306486       0.12029875743764729     
  0.41439064462650332       0.12029422032375525     
  0.41608209267850005       0.12009636111736519     
  0.41778044483547516       0.11970812710988762     
  0.41948572927840988       0.11913317253132548     
  0.42119797430331363       0.11837581993729324     
  0.42291720832169355       0.11744102017826519     
  0.42464345986102636       0.11633431120408608     
  0.42637675756523108       0.11506177594908493     
  0.42811713019514508       0.11362999953459227     
  0.42986460662900056       0.11204602601641622     
  0.43161921586290408       0.11031731489494578     
  0.43338098701131811       0.10845169759515744     
  0.43514994930754325       0.10645733411293229     
  0.43692613210420378       0.10434267001291039     
  0.43870956487373508       0.10211639395162328     
  0.44050027720887197        9.9787395887993569E-002
  0.44229829882313998        9.7364726131511176E-002
  0.44410365955134889        9.4857555366558280E-002
  0.44591638935008682        9.2275135779569056E-002
  0.44773651829821842        8.9626763403955478E-002
  0.44956407659738296        8.6921741786152709E-002
  0.45139909457249600        8.4169347064711991E-002
  0.45324160267225266        8.1378794543196770E-002
  0.45509163146963244        7.8559206826721809E-002
  0.45694921166240710        7.5719583581384128E-002
  0.45881437407364939        7.2868772965575285E-002
  0.46068714965224478        7.0015444772281332E-002
  0.46256756947340538        6.7168065312000036E-002
  0.46445566473918498        6.4334874056833607E-002
  0.46635146677899686        6.1523862057686785E-002
  0.46825500705013429        5.8742752138328871E-002
  0.47016631713829160        5.5998980862356044E-002
  0.47208542875808879        5.3299682261843423E-002
  0.47401237375359806        5.0651673309707046E-002
  0.47594718409887132        4.8061441111494137E-002
  0.47788989189847175        4.5535131786498741E-002
  0.47984052938800570        4.3078541002749944E-002
  0.48179912893465782        4.0697106125532859E-002
  0.48376572303772875        3.8395899934683189E-002
  0.48574034432917323        3.6179625861921784E-002
  0.48772302557414277        3.4052614695960146E-002
  0.48971379967152823        3.2018822700009927E-002
  0.49171269965450648        3.0081831083635734E-002
  0.49371975869108847        2.8244846768608063E-002
  0.49573501008466908        2.6510704386510014E-002
  0.49775848727458005        2.4881869444318420E-002
  0.49979022383664523        2.3360442593005057E-002
  0.50183025348373689        2.1948164933363032E-002
  0.50387861006633561        2.0646424292731842E-002
  0.50593532757309234        1.9456262406080956E-002
  0.50800044013139123        1.8378382934965701E-002
  0.51007398200791731        1.7413160258191791E-002
  0.51215598760922409        1.6560648968599507E-002
  0.51424649148230461        1.5820594011168886E-002
  0.51634552831516523        1.5192441398662302E-002
  0.51845313293740036        1.4675349442218022E-002
  0.52056934032077162        1.4268200435681567E-002
  0.52269418557978653        1.3969612734005351E-002
  0.52482770397228251        1.3777953167714777E-002
  0.52696993090001132        1.3691349737247170E-002
  0.52912090190922667        1.3707704532887707E-002
  0.53128065269127367        1.3824706828029779E-002
  0.53344921908318188        1.4039846295584812E-002
  0.53562663706825886        1.4350426299531991E-002
  0.53781294277668812        1.4753577215803176E-002
  0.54000817248612853        1.5246269738969306E-002
  0.54221236262231554        1.5825328133482176E-002
  0.54442554975966673        1.6487443390531719E-002
  0.54664777062188774        1.7229186253907854E-002
  0.54887906208258186        1.8047020080572691E-002
  0.55111946116586275        1.8937313503961953E-002
  0.55336900504696696        1.9896352870332951E-002
  0.55562773105287300        2.0920354420740243E-002
  0.55789567666291884        2.2005476193467134E-002
  0.56017287950942463        2.3147829623933830E-002
  0.56245937737831742        2.4343490821261797E-002
  0.56475520820975744        2.5588511502775718E-002
  0.56706041009876806        2.6878929569779945E-002
  0.56937502129586803        2.8210779309930659E-002
  0.57169908020770599        2.9580101213463127E-002
  0.57403262539769728        3.0982951392385466E-002
  0.57637569558666502        3.2415410593553302E-002
  0.57872832965348131        3.3873592798259272E-002
  0.58109056663571335        3.5353653402620894E-002
  0.58346244573027040        3.6851796974628245E-002
  0.58584400629405475        3.8364284585215486E-002
  0.58823528784461476        3.9887440712139149E-002
  0.59063633006079996        4.1417659716801558E-002
  0.59304717278342045        4.2951411895425201E-002
  0.59546785601590702        4.4485249107181053E-002
  0.59789841992497528        4.6015809982994496E-002
  0.60033890484129260        4.7539824719797362E-002
  0.60278935126014666        4.9054119465963081E-002
  0.60524979984211758        5.0555620304568380E-002
  0.60772029141375294        5.2041356841939793E-002
  0.61020086696824494        5.3508465409714677E-002
  0.61269156766611022        5.4954191889321449E-002
  0.61519243483587394        5.6375894168420780E-002
  0.61770350997475421        5.7771044239396538E-002
  0.62022483474935197        5.9137229950489742E-002
  0.62275645099634114        6.0472156420601011E-002
  0.62529840072316345        6.1773647129167872E-002
  0.62785072610872605        6.3039644692847063E-002
  0.63041346950409982        6.4268211340998027E-002
  0.63298667343322390        6.5457529102189729E-002
  0.63557038059361004        6.6605899714116845E-002
  0.63816463385705124        6.7711744269439531E-002
  0.64076947627033398        6.8773602610145285E-002
  0.64338495105595150        6.9790132483061346E-002
  0.64601110161282127        7.0760108469158284E-002
  0.64864797151700582        7.1682420699243923E-002
  0.65129560452243462        7.2556073368575502E-002
  0.65395404456163087        7.3380183062819862E-002
  0.65662333574644061        7.4153976907660804E-002
  0.65930352236876377        7.4876790554188319E-002
  0.66199464890129045        7.5548066012025156E-002
  0.66469675999823752        7.6167349341937404E-002
  0.66740990049609028        7.6734288219447500E-002
  0.67013411541434675        7.7248629380716610E-002
  0.67286944995626363        7.7710215961705992E-002
  0.67561594950960757        7.8118984741334524E-002
  0.67837365964740748        7.8474963299068418E-002
  0.68114262612871068        7.8778267097061427E-002
  0.68392289489934310        7.9029096496652546E-002
  0.68671451209267076        7.9227733718701399E-002
  0.68951752403036504        7.9374539756907281E-002
  0.69233197722317286        7.9469951252919918E-002
  0.69515791837168661        7.9514477341705150E-002
  0.69799539436711988        7.9508696475280971E-002
  0.70084445229208592        7.9453253232592169E-002
  0.70370513942137802        7.9348855122938156E-002
  0.70657750322275481        7.9196269390021112E-002
  0.70946159135772713        7.8996319823328942E-002
  0.71235745168234910        7.8749883583223546E-002
  0.71526513224801314        7.8457888045754390E-002
  0.71818468130224533        7.8121307672884471E-002
  0.72111614728950835        7.7741160913467638E-002
  0.72405957885200312        7.7318507139994816E-002
  0.72701502483047720        7.6854443625792801E-002
  0.72998253426503557        7.6350102567039863E-002
  0.73296215639595286        7.5806648153654121E-002
  0.73595394066449149        7.5225273692794525E-002
  0.73895793671372234        7.4607198788421203E-002
  0.74197419438934753        7.3953666580071256E-002
  0.74500276374052765        7.3265941043716587E-002
  0.74804369502071344        7.2545304357300805E-002
  0.75109703868847777        7.1793054333285367E-002
  0.75416284540835488        7.1010501920272528E-002
  0.75724116605167924        7.0198968775531001E-002
  0.76033205169743068        6.9359784910006689E-002
  0.76343555363308235        6.8494286407168883E-002
  0.76655172335545019        6.7603813216827652E-002
  0.76968061257154952        6.6689707024837341E-002
  0.77282227319945096        6.5753309199407195E-002
  0.77597675736914307        6.4795958814540464E-002
  0.77914411742339751        6.3818990750940746E-002
  0.78232440591863694        6.2823733874551743E-002
  0.78551767562580699        6.1811509292726594E-002
  0.78872397953125306        6.0783628687866575E-002
  0.79194337083759792        5.9741392728222577E-002
  0.79517590296462559        5.8686089555411568E-002
  0.79842162955016782        5.7618993348064605E-002
  0.80168060445099321        5.6541362960908587E-002
  0.80495288174370172        5.5454440638459418E-002
  0.80823851572562166        5.4359450802402759E-002
  0.81153756091571005        5.3257598911637914E-002
  0.81485007205545901        5.2150070393864267E-002
  0.81817610410980179        5.1038029647514437E-002
  0.82151571226802678        4.9922619112747424E-002
  0.82486895194469190        4.8804958410155586E-002
  0.82823587878054472        4.7686143545768528E-002
  0.83161654864344625        4.6567246180881448E-002
  0.83501101762929653        4.5449312965182898E-002
  0.83841934206296653        4.4333364931610705E-002
  0.84184157849923302        4.3220396951325853E-002
  0.84527778372371576        4.2111377247157751E-002
  0.84872801475382054        4.1007246963846472E-002
  0.85219232883968588        3.9908919793379856E-002
  0.85567078346513115        3.8817281653708582E-002
  0.85916343634861292        3.7733190419100553E-002
  0.86267034544418009        3.6657475700391552E-002
  0.86619156894243732        3.5590938673375962E-002
  0.86972716527151039        3.4534351953583280E-002
  0.87327719309801433        3.3488459515683300E-002
  0.87684171132802924        3.2453976655768248E-002
  0.88042077910807537        3.1431589994767507E-002
  0.88401445582609561        3.0421957521260250E-002
  0.88762280111244185        2.9425708671963771E-002
  0.89124587484086226        2.8443444448193002E-002
  0.89488373712949654        2.7475737566603362E-002
  0.89853644834187318        2.6523132642548734E-002
  0.90220406908791040        2.5586146404411845E-002
  0.90588666022492215        2.4665267937286423E-002
  0.90958428285862880        2.3760958954416295E-002
  0.91329699834416944        2.2873654094828780E-002
  0.91702486828712149        2.2003761245622849E-002
  0.92076795454452198        2.1151661887409783E-002
  0.92452631922589401        2.0317711461430396E-002
  0.92830002469427830        1.9502239756910421E-002
  0.93208913356726641        1.8705551317247191E-002
  0.93589370871804145        1.7927925863655186E-002
  0.93971381327641990        1.7169618734936727E-002
  0.94354951062989978        1.6430861342076011E-002
  0.94740086442471305        1.5711861636393779E-002
  0.95126793856688030        1.5012804590037107E-002
  0.95515079722327212        1.4333852687615427E-002
  0.95904950482267404        1.3675146427829842E-002
  0.96296412605685466        1.3036804833984155E-002
  0.96689472588163972        1.2418925972299577E-002
  0.97084136951799027        1.1821587476995861E-002
  0.97480412245308368        1.1244847081137252E-002
  0.97878305044140190        1.0688743152279238E-002
  0.98277821950582100        1.0153295231990451E-002
  0.98678969593870736        9.6385045783590473E-003
  0.99081754630301844        9.1443547106302876E-003
  0.99486183743340539        8.6708119551586766E-003
  0.99892263643732426        8.2178259918919659E-003
   1.0030000106961476        7.7853304006412147E-003
   1.0070940278662834        7.3732432064247781E-003
   1.0112047558802988        6.9814674232076407E-003
   1.0153322629480441        6.6098915953927261E-003
   1.0194766175577885        6.2583903364514682E-003
   1.0236378884773538        5.9268248641145757E-003
   1.0278161447552574        5.6150435315752050E-003
   1.0320114557218547        5.3228823541869369E-003
   1.0362238909904942        5.0501655311698361E-003
   1.0404535204586696        4.7967059618666315E-003
   1.0447004143091787        4.5623057561201292E-003
   1.0489646430112913        4.3467567383708335E-003
   1.0532462773219167        4.1498409451004026E-003
   1.0575453882867758        3.9713311152737834E-003
   1.0618620472415838        3.8109911734574044E-003
   1.0661963258132321        3.6685767053168524E-003
   1.0705482959209747        3.5438354252205935E-003
   1.0749180297776255        3.4365076356997763E-003
   1.0793055998907541        3.3463266785367790E-003
   1.0837110790638902        3.2730193772775506E-003
   1.0881345403977287        3.2163064709820480E-003
   1.0925760572913470        3.1759030390492034E-003
   1.0970357034434204        3.1515189169713221E-003
   1.1015135528534441        3.1428591028916874E-003
   1.1060096798229635        3.1496241548565358E-003
   1.1105241589568067        3.1715105786719769E-003
   1.1150570651643195        3.2082112062896189E-003
   1.1196084736606120        3.2594155646637423E-003
   1.1241784599678060        3.3248102350358494E-003
   1.1287670999162849        3.4040792026176743E-003
   1.1333744696459565        3.4969041966580244E-003
   1.1380006456075142        3.6029650208905819E-003
   1.1426457045637044        3.7219398743739236E-003
   1.1473097235906025        3.8535056627451028E-003
   1.1519927800788912        3.9973382999218387E-003
   1.1566949517351428        4.1531130002955587E-003
   1.1614163165831117        4.3205045614715717E-003
   1.1661569529650266        4.4991876376188813E-003
   1.1709169395428922        4.6888370035024132E-003
   1.1756963552997917        4.8891278092794178E-003
   1.1804952795412009        5.0997358261488917E-003
   1.1853137918963028        5.3203376829498508E-003
   1.1901519723193061        5.5506110938119213E-003
   1.1950099010907769        5.7902350769687971E-003
   1.1998876588189678        6.0388901648487899E-003
   1.2047853264411541        6.2962586055641491E-003
   1.2097029852249803        6.5620245559262535E-003
   1.2146407167698074        6.8358742661153351E-003
   1.2195986030080641        7.1174962561417164E-003
   1.2245767262066105        7.4065814842369836E-003
   1.2295751689681005        7.7028235073164468E-003
   1.2345940142323542        8.0059186336599204E-003
   1.2396333452777308        8.3155660679576672E-003
   1.2446932457225151        8.6314680488736289E-003
   1.2497737995263021        8.9533299792774156E-003
   1.2548750909913893        9.2808605493005514E-003
   1.2599972047641785        9.6137718523734358E-003
   1.2651402258365791        9.9517794943994146E-003
   1.2703042395474162        1.0294602696225581E-002
   1.2754893315838498        1.0641964389568903E-002
   1.2806955879827961        1.0993591306557450E-002
   1.2859230951323521        1.1349214063046915E-002
   1.2911719397732333        1.1708567235872210E-002
   1.2964422090002106        1.2071389434194389E-002
   1.3017339902635547        1.2437423365101861E-002
   1.3070473713704895        1.2806415893625798E-002
   1.3123824404866489        1.3178118097327109E-002
   1.3177392861375357        1.3552285315612839E-002
   1.3231179972099965        1.3928677193939087E-002
   1.3285186629536925        1.4307057723054149E-002
   1.3339413729825829        1.4687195273437623E-002
   1.3393862172764077        1.5068862625086010E-002
   1.3448532861821869        1.5451836992798323E-002
   1.3503426704157151        1.5835900047108487E-002
   1.3558544610630672        1.6220837931013324E-002
   1.3613887495821120        1.6606441272642384E-002
   1.3669456278040288        1.6992505194011708E-002
   1.3725251879348284        1.7378829316004499E-002
   1.3781275225568879        1.7765217759718479E-002
   1.3837527246304846        1.8151479144316002E-002
   1.3894008874953359        1.8537426581513750E-002
   1.3950721048721533        1.8922877666843557E-002
   1.4007664708641934        1.9307654467816435E-002
   1.4064840799588225        1.9691583509116199E-002
   1.4122250270290799        2.0074495754950177E-002
   1.4179894073352572        2.0456226588679564E-002
   1.4237773165264773        2.0836615789850070E-002
   1.4295888506422783        2.1215507508742099E-002
   1.4354241061142121        2.1592750238555211E-002
   1.4412831797674421        2.1968196785341419E-002
   1.4471661688223481        2.2341704235796928E-002
   1.4530731708961429        2.2713133923021465E-002
   1.4590042840044910        2.3082351390350350E-002
   1.4649596065631323        2.3449226353362600E-002
   1.4709392373895191        2.3813632660165708E-002
   1.4769432757044543        2.4175448250054993E-002
   1.4829718211337348        2.4534555110642953E-002
   1.4890249737098105        2.4890839233551940E-002
   1.4951028338734396        2.5244190568760191E-002
   1.5012055024753554        2.5594502977689074E-002
   1.5073330807779428        2.5941674185118113E-002
   1.5134856704569155        2.6285605730008908E-002
   1.5196633736030056        2.6626202915320363E-002
   1.5258662927236537        2.6963374756892439E-002
   1.5320945307447145        2.7297033931474469E-002
   1.5383481910121630        2.7627096723971567E-002
   1.5446273772938062        2.7953482973979954E-002
   1.5509321937810101        2.8276116021680401E-002
   1.5572627450904259        2.8594922653156399E-002
   1.5636191362657244        2.8909833045200652E-002
   1.5700014727793419        2.9220780709673294E-002
   1.5764098605342303        2.9527702437470590E-002
   1.5828444058656099        2.9830538242162936E-002
   1.5893052155427401        3.0129231303356992E-002
   1.5957923967706868        3.0423727909837155E-002
   1.6023060571921037        3.0713977402536046E-002
   1.6088463048890147        3.0999932117385623E-002
   1.6154132483846122        3.1281547328095974E-002
   1.6220069966450557        3.1558781188907217E-002
   1.6286276590812767        3.1831594677359361E-002
   1.6352753455508005        3.2099951537122584E-002
   1.6419501663595648        3.2363818220926689E-002
   1.6486522322637496        3.2623163833630717E-002
   1.6553816544716176        3.2877960075468428E-002
   1.6621385446453594        3.3128181185504722E-002
   1.6689230149029417        3.3373803885337887E-002
   1.6757351778199741        3.3614807323079102E-002
   1.6825751464315746        3.3851173017639652E-002
   1.6894430342342412        3.4082884803355591E-002
   1.6963389551877424        3.4309928774977058E-002
   1.7032630237170037        3.4532293233048510E-002
   1.7102153547140044        3.4749968629704919E-002
   1.7171960635396897        3.4962947514907326E-002
   1.7242052660258809        3.5171224483139710E-002
   1.7312430784771990        3.5374796120588463E-002
   1.7383096176729915        3.5573660952823896E-002
   1.7454050008692747        3.5767819393002394E-002
   1.7525293458006783        3.5957273690606154E-002
   1.7596827706823941        3.6142027880737261E-002
   1.7668653942121444        3.6322087733980518E-002
   1.7740773355721486        3.6497460706849755E-002
   1.7813187144310982        3.6668155892829957E-002
   1.7885896509461472        3.6834183974027407E-002
   1.7958902657649043        3.6995557173439275E-002
   1.8032206800274309        3.7152289207851893E-002
   1.8105810153682576        3.7304395241377998E-002
   1.8179713939183981        3.7451891839640060E-002
   1.8253919383073787        3.7594796924608473E-002
   1.8328427716652678        3.7733129730100075E-002
   1.8403240176247260        3.7866910757943809E-002
   1.8478358003230537        3.7996161734818207E-002
   1.8553782444042495        3.8120905569765426E-002
   1.8629514750210820        3.8241166312385118E-002
   1.8705556178371661        3.8356969111712103E-002
   1.8781907990290427        3.8468340175778749E-002
   1.8858571452882809        3.8575306731865960E-002
   1.8935547838235744        3.8677896987442062E-002
   1.9012838423628520        3.8776140091791193E-002
   1.9090444491554013        3.8870066098331657E-002
   1.9168367329739937        3.8959705927622559E-002
   1.9246608231170197        3.9045091331059614E-002
   1.9325168494106386        3.9126254855257031E-002
   1.9404049422109304        3.9203229807114659E-002
   1.9483252324060565        3.9276050219568176E-002
   1.9562778514184365        3.9344750818019039E-002
   1.9642629312069249        3.9409366987441623E-002
   1.9722806042690040        3.9469934740164345E-002
   1.9803310036429771        3.9526490684319807E-002
   1.9884142629101824        3.9579071992961831E-002
   1.9965305161972071        3.9627716373843040E-002
   2.0046798981781091        3.9672462039849074E-002
   2.0128625440766581        3.9713347680085075E-002
   2.0210785896685763        3.9750412431607762E-002
   2.0293281712837890        3.9783695851798660E-002
   2.0376114258086915        3.9813237891372331E-002
   2.0459284906884188        3.9839078868013772E-002
   2.0542795039291217        3.9861259440638515E-002
   2.0626646041002639        3.9879820584269157E-002
   2.0710839303369175        3.9894803565522059E-002
   2.0795376223420732        3.9906249918697012E-002
   2.0880258203889532        3.9914201422463415E-002
   2.0965486653233478        3.9918700077135306E-002
   2.1051062985659468        3.9919788082529134E-002
   2.1136988621146831        3.9917507816395664E-002
   2.1223264985470975        3.9911901813419901E-002
   2.1309893510226989        3.9903012744780558E-002
   2.1396875632853374        3.9890883398262071E-002
   2.1484212796655959        3.9875556658911265E-002
   2.1571906450831819        3.9857075490230952E-002
   2.1659958050493291        3.9835482915902887E-002
   2.1748369056692178        3.9810822002031600E-002
   2.1837140936443968        3.9783135839902374E-002
   2.1926275162752127        3.9752467529244287E-002
   2.2015773214632635        3.9718860161990631E-002
   2.2105636577138457        3.9682356806529449E-002
   2.2195866741384194        3.9643000492435285E-002
   2.2286465204570853        3.9600834195674665E-002
   2.2377433470010675        3.9555900824277193E-002
   2.2468773047152077        3.9508243204464104E-002
   2.2560485451604677        3.9457904067226560E-002
   2.2652572205164492        3.9404926035345539E-002
   2.2745034835839171        3.9349351610845240E-002
   2.2837874877873303        3.9291223162872466E-002
   2.2931093871773944        3.9230582915993857E-002
   2.3024693364336155        3.9167472938902777E-002
   2.3118674908668622        3.9101935133528561E-002
   2.3213040064219506        3.9034011224540359E-002
   2.3307790396802273        3.8963742749237126E-002
   2.3402927478621649        3.8891171047816975E-002
   2.3498452888299783        3.8816337254017640E-002
   2.3594368210902377        3.8739282286120662E-002
   2.3690675037965030        3.8660046838311965E-002
   2.3787374967519588        3.8578671372390946E-002
   2.3884469604120731        3.8495196109821175E-002
   2.3981960558872570        3.8409661024115145E-002
   2.4079849449455333        3.8322105833545624E-002
   2.4178137900152290        3.8232569994176895E-002
   2.4276827541876669        3.8141092693208353E-002
   2.4375920012198664        3.8047712842623697E-002
   2.4475416955372706        3.7952469073138838E-002
   2.4575320022364697        3.7855399728441194E-002
   2.4675630870879357        3.7756542859714054E-002
   2.4776351165387829        3.7655936220439321E-002
   2.4877482577155234        3.7553617261471529E-002
   2.4979026784268394        3.7449623126377229E-002
   2.5080985471663721        3.7343990647032671E-002
   2.5183360331155162        3.7236756339474202E-002
   2.5286153061462220        3.7127956399994187E-002
   2.5389365368238228        3.7017626701476798E-002
   2.5492998964098588        3.6905802789967870E-002
   2.5597055568649218        3.6792519881472002E-002
   2.5701536908515048        3.6677812858971724E-002
   2.5806444717368717        3.6561716269662543E-002
   2.5911780735959340        3.6444264322397987E-002
   2.6017546712141315        3.6325490885339803E-002
   2.6123744400903441        3.6205429483806284E-002
   2.6230375564397970        3.6084113298315158E-002
   2.6337441971969815        3.5961575162813730E-002
   2.6444945400185995        3.5837847563092620E-002
   2.6552887632865070        3.5712962635376592E-002
   2.6661270461106703        3.5586952165088691E-002
   2.6770095683321458        3.5459847585781260E-002
   2.6879365105260575        3.5331679978230064E-002
   2.6989080540045989        3.5202480069685814E-002
   2.7099243808200328        3.5072278233279575E-002
   2.7209856737677236        3.4941104487575494E-002
   2.7320921163891634        3.4808988496268206E-002
   2.7432438929750149        3.4675959568019180E-002
   2.7544411885681774        3.4542046656428266E-002
   2.7656841889668535        3.4407278360135650E-002
   2.7769730807276272        3.4271682923050301E-002
   2.7883080511685678        3.4135288234700883E-002
   2.7996892883723348        3.3998121830704484E-002
   2.8111169811892935        3.3860210893349819E-002
   2.8225913192406575        3.3721582252290966E-002
   2.8341124929216317        3.3582262385346902E-002
   2.8456806934045655        3.3442277419404830E-002
   2.8572961126421350        3.3301653131421520E-002
   2.8689589433705232        3.3160414949521141E-002
   2.8806693791126143        3.3018587954184588E-002
   2.8924276141812122        3.2876196879527510E-002
   2.9042338436822610        3.2733266114663775E-002
   2.9160882635180831        3.2589819705150548E-002
   2.9279910703906258        3.2445881354512776E-002
   2.9399424618047334        3.2301474425842705E-002
   2.9519426360714194        3.2156621943472317E-002
   2.9639917923111532        3.2011346594715426E-002
   2.9760901304571732        3.1865670731676322E-002
   2.9882378512587997        3.1719616373122282E-002
   3.0004351562847607        3.1573205206417432E-002
   3.0126822479265480        3.1426458589514511E-002
   3.0249793294017673        3.1279397553002831E-002
   3.0373266047575087        3.1132042802209135E-002
   3.0497242788737404        3.0984414719349002E-002
   3.0621725574667020        3.0836533365726664E-002
   3.0746716470923223        3.0688418483980462E-002
   3.0872217551496384        3.0540089500371757E-002
   3.0998230898842483        3.0391565527115087E-002
   3.1124758603917613        3.0242865364747122E-002
   3.1251802766212617        3.0094007504532831E-002
   3.1379365493788032        2.9945010130905711E-002
   3.1507448903309023        2.9795891123941341E-002
   3.1636055120080444        2.9646668061861305E-002
   3.1765186278082207        2.9497358223565896E-002
   3.1894844520004644        2.9347978591193598E-002
   3.2025031997284015        2.9198545852705982E-002
   3.2155750870138298        2.9049076404495403E-002
   3.2287003307602982        2.8899586354014465E-002
   3.2418791487567020        2.8750091522425518E-002
   3.2551117596809069        2.8600607447268049E-002
   3.2683983831033703        2.8451149385142906E-002
   3.2817392394907818        2.8301732314411798E-002
   3.2951345502097307        2.8152370937909996E-002
   3.3085845375303724        2.8003079685671652E-002
   3.3220894246301196        2.7853872717665561E-002
   3.3356494355973410        2.7704763926540754E-002
   3.3492647954350852        2.7555766940379686E-002
   3.3629357300648142        2.7406895125458557E-002
   3.3766624663301439        2.7258161589013299E-002
   3.3904452320006189        2.7109579182009621E-002
   3.4042842557754875        2.6961160501916569E-002
   3.4181797672874907        2.6812917895482298E-002
   3.4321319971066844        2.6664863461510327E-002
   3.4461411767442565        2.6517009053636405E-002
   3.4602075386563675        2.6369366283104129E-002
   3.4743313162480152        2.6221946521538197E-002
   3.4885127438769019        2.6074760903715345E-002
   3.5027520568573265        2.5927820330330809E-002
   3.5170494914640815        2.5781135470760545E-002
   3.5314052849363842        2.5634716765817488E-002
   3.5458196754818094        2.5488574430501520E-002
   3.5602929022802345        2.5342718456742415E-002
   3.5748252054878202        2.5197158616134363E-002
   3.5894168262409902        2.5051904462662457E-002
   3.6040680066604258        2.4906965335419272E-002
   3.6187789898550959        2.4762350361311598E-002
   3.6335500199262847        2.4618068457756225E-002
   3.6483813419716364        2.4474128335365056E-002
   3.6632732020892336        2.4330538500617376E-002
   3.6782258473816740        2.4187307258520307E-002
   3.6932395259601685        2.4044442715255944E-002
   3.7083144869486642        2.3901952780815069E-002
   3.7234509804879772        2.3759845171616504E-002
   3.7386492577399353        2.3618127413112207E-002
   3.7539095708915569        2.3476806842377344E-002
   3.7692321731592284        2.3335890610684695E-002
   3.7846173187929102        2.3195385686063472E-002
   3.8000652630803460        2.3055298855841604E-002
   3.8155762623513128        2.2915636729171733E-002
   3.8311505739818670        2.2776405739539849E-002
   3.8467884563986092        2.2637612147256993E-002
   3.8624901690829847        2.2499262041932880E-002
   3.8782559725755825        2.2361361344932013E-002
   3.8940861284804527        2.2223915811811299E-002
   3.9099808994694594        2.2086931034739129E-002
   3.9259405492866346        2.1950412444895873E-002
   3.9419653427525452        2.1814365314855439E-002
   3.9580555457687030        2.1678794760947199E-002
   3.9742114253219660        2.1543705745599009E-002
   3.9904332494889743        2.1409103079660385E-002
   4.0067212874405893        2.1274991424705632E-002
   4.0230758094463717        2.1141375295317615E-002
   4.0394970868790629        2.1008259061350724E-002
   4.0559853922190783        2.0875646950174239E-002
   4.0725409990590427        2.0743543048894728E-002
   4.0891641821083224        2.0611951306558299E-002
   4.1058552171975808        2.0480875536332273E-002
   4.1226143812833644        2.0350319417665855E-002
   4.1394419524526915        2.0220286498430346E-002
   4.1563382099276636        2.0090780197038371E-002
   4.1733034340701094        1.9961803804542076E-002
   4.1903379063862296        1.9833360486710638E-002
   4.2074419095312638        1.9705453286086499E-002
   4.2246157273141920        1.9578085124020723E-002
   4.2418596447024361        1.9451258802687124E-002
   4.2591739478265858        1.9324977007075545E-002
   4.2765589239851547        1.9199242306963925E-002
   4.2940148616493437        1.9074057158869034E-002
   4.3115420504678283        1.8949423907976604E-002
   4.3291407812715565        1.8825344790050155E-002
   4.3468113460785895        1.8701821933318562E-002
   4.3645540380989400        1.8578857360342916E-002
   4.3823691517394279        1.8456452989862489E-002
   4.4002569826085844        1.8334610638619183E-002
   4.4182178275215458        1.8213332023161836E-002
   4.4362519845049730        1.8092618761629271E-002
   4.4543597528020111        1.7972472375512506E-002
   4.4725414328772475        1.7852894291396533E-002
   4.4907973264216903        1.7733885842681305E-002
   4.5091277363577875        1.7615448271282180E-002
   4.5275329668444471        1.7497582729309860E-002
   4.5460133232820850        1.7380290280730133E-002
   4.5645691123176864        1.7263571903002956E-002
   4.5832006418499045        1.7147428488701683E-002
   4.6019082210341660        1.7031860847111925E-002
   4.6206921602877928        1.6916869705810678E-002
   4.6395527712951647        1.6802455712225238E-002
   4.6584903670128890        1.6688619435172559E-002
   4.6775052616749795        1.6575361366378865E-002
   4.6965977707980926        1.6462681921979708E-002
   4.7157682111867478        1.6350581444000475E-002
   4.7350169009385850        1.6239060201817927E-002
   4.7543441594496505        1.6128118393601978E-002
   4.7737503074196939        1.6017756147739013E-002
   4.7932356668574805        1.5907973524235876E-002
   4.8128005610861475        1.5798770516105193E-002
   4.8324453147485658        1.5690147050731983E-002
   4.8521702538127149        1.5582102991221944E-002
   4.8719757055771122        1.5474638137730911E-002
   4.8918619986762248        1.5367752228776588E-002
   4.9118294630859394        1.5261444942531789E-002
   4.9318784301290162        1.5155715898099918E-002
   4.9520092324806102        1.5050564656772531E-002
   4.9722222041737796        1.4945990723269334E-002
   4.9925176806050207        1.4841993546960513E-002
   5.0128959985398502        1.4738572523071897E-002
   5.0333574961183860        1.4635726993872656E-002
   5.0539025128609465        1.4533456249846215E-002
   5.0745313896737043        1.4431759530843996E-002
   5.0952444688543324        1.4330636027222494E-002
   5.1160420940976774        1.4230084880963908E-002
   5.1369246105014765        1.4130105186780005E-002
   5.1578923645720769        1.4030695993199943E-002
   5.1789457042301867        1.3931856303641863E-002
   5.2000849788166388        1.3833585077468520E-002
   5.2213105390982024        1.3735881231026996E-002
   5.2426227372734004        1.3638743638672950E-002
   5.2640219269783390        1.3542171133779046E-002
   5.2855084632925946        1.3446162509728406E-002
   5.3070827027450962        1.3350716520892482E-002
   5.3287450033200381        1.3255831883594233E-002
   5.3504957244628288        1.3161507277056100E-002
   5.3723352270860527        1.3067741344333453E-002
   5.3942638735754480        1.2974532693233582E-002
   5.4162820277959387        1.2881879897219929E-002
   5.4383900550976607        1.2789781496302288E-002
   5.4605883223220175        1.2698235997912968E-002
   5.4828771978077846        1.2607241877768889E-002
   5.5052570513972130        1.2516797580719856E-002
   5.5277282544421542        1.2426901521583362E-002
   5.5502911798102446        1.2337552085965757E-002
   5.5729462018910780        1.2248747631070200E-002
   5.5956936966024218        1.2160486486491399E-002
   5.6185340413964466        1.2072766954997307E-002
   5.6414676152660075        1.1985587313298050E-002
   5.6644947987509173        1.1898945812801973E-002
   5.6876159739442613        1.1812840680359354E-002
   5.7108315244987482        1.1727270118993520E-002
   5.7341418356330687        1.1642232308619736E-002
   5.7575472941382806        1.1557725406752107E-002
   5.7810482883842447        1.1473747549198339E-002
   5.8046452083260549        1.1390296850742778E-002
   5.8283384455105089        1.1307371405817864E-002
   5.8521283930826149        1.1224969289163798E-002
   5.8760154457921070        1.1143088556477134E-002
