  0.10000000000000001       0.24958535103784396     
  0.10040817718110437       0.22777858963265835     
  0.10081802044832047       0.21234834010923906     
  0.10122953660223166       0.20416015217768874     
  0.10164273247117964       0.20357967942301811     
  0.10205761491137796       0.21046403899812369     
  0.10247419080702558       0.22418689217822318     
  0.10289246707042120       0.24369404059104582     
  0.10331245064207799       0.26758451205870404     
  0.10373414849083867       0.29421072900555978     
  0.10415756761399117       0.32179047116688758     
  0.10458271503738485       0.34852298554780992     
  0.10500959781554686       0.37270174732055994     
  0.10543822303179938       0.39281699091823952     
  0.10586859779837712       0.40764214003137839     
  0.10630072925654524       0.41629957805103773     
  0.10673462457671801       0.41830271406669423     
  0.10717029095857759       0.41357290646306932     
  0.10760773563119364       0.40243140151310242     
  0.10804696585314330       0.38556793188799687     
  0.10848798891263144       0.36398891735702010     
  0.10893081212761184       0.33894925255719743     
  0.10937544284590843       0.31187241020683376     
  0.10982188844533726       0.28426400933146367     
  0.11027015633382903       0.25762409458431762     
  0.11072025394955184       0.23336316140126237     
  0.11117218876103470       0.21272647597672456     
  0.11162596826729153       0.19673052560818463     
  0.11208159999794542       0.18611455002932475     
  0.11253909151335369       0.18130910958526886     
  0.11299845040473337       0.18242260463364954     
  0.11345968429428700       0.18924563330840929     
  0.11392280083532935       0.20127211724276359     
  0.11438780771241415       0.21773528441694481     
  0.11485471264146174       0.23765591235453259     
  0.11532352336988719       0.25989972957914731     
  0.11579424767672861       0.28324056297975808     
  0.11626689337277650       0.30642570641408268     
  0.11674146830070313       0.32824006368630493     
  0.11721798033519278       0.34756586974450043     
  0.11769643738307244       0.36343519262214768     
  0.11817684738344295       0.37507293460598690     
  0.11865921830781066       0.38192864997673059     
  0.11914355816021997       0.38369614246756745     
  0.11962987497738581       0.38032046272233455     
  0.12011817682882717       0.37199256106920903     
  0.12060847181700105       0.35913243407705481     
  0.12110076807743671       0.34236210969654413     
  0.12159507377887094       0.32247022605367465     
  0.12209139712338332       0.30037026006080858     
  0.12258974634653247       0.27705464712292260     
  0.12309012971749274       0.25354710161430072     
  0.12359255553919130       0.23085540436742774     
  0.12409703214844603       0.20992677794522038     
  0.12460356791610375       0.19160773678891896     
  0.12511217124717913       0.17660999432150359     
  0.12562285058099434       0.16548365161647455     
  0.12613561439131882       0.15859850214846924     
  0.12665047118650996       0.15613388422363378     
  0.12716742950965446       0.15807711580409273     
  0.12768649793870987       0.16423017273652360     
  0.12820768508664696       0.17422393566978117     
  0.12873099960159279       0.18753904519089856     
  0.12925645016697404       0.20353217780572497     
  0.12978404550166117       0.22146639298518300     
  0.13031379436011306       0.24054410602157153     
  0.13084570553252231       0.25994121227202360     
  0.13137978784496107       0.27884092211975781     
  0.13191605015952751       0.29646595687752686     
  0.13245450137449291       0.31210789616390761     
  0.13299515042444918       0.32515264781511255     
  0.13353800628045717       0.33510122201354575     
  0.13408307795019572       0.34158522142676717     
  0.13463037447811083       0.34437669818585637     
  0.13517990494556581       0.34339226637054099     
  0.13573167847099218       0.33869158601358385     
  0.13628570421004074       0.33047054332218351     
  0.13684199135573349       0.31904963503338357     
  0.13740054913861643       0.30485821728484225     
  0.13796138682691236       0.28841539740118960     
  0.13852451372667493       0.27030842848745490     
  0.13908993918194296       0.25116951115821640     
  0.13965767257489561       0.23165191503198992     
  0.14022772332600780       0.21240630699296179     
  0.14080010089420669       0.19405811697139858     
  0.14137481477702879       0.17718668930713785     
  0.14195187451077720       0.16230686347533976     
  0.14253128967068007       0.14985350732632857     
  0.14311306987104958       0.14016939446646459     
  0.14369722476544117       0.13349668040408497     
  0.14428376404681392       0.12997209480280214     
  0.14487269744769149       0.12962583443442821     
  0.14546403474032335       0.13238401748768958     
  0.14605778573684705       0.13807444841311628     
  0.14665396028945119       0.14643534640407518     
  0.14725256829053859       0.15712661210969200     
  0.14785361967289068       0.16974314766114784     
  0.14845712440983222       0.18382970523075426     
  0.14906309251539690       0.19889671908405682     
  0.14967153404449324       0.21443657472953584     
  0.15028245909307170       0.22993978504626245     
  0.15089587779829214       0.24491057542298278     
  0.15151180033869191       0.25888142583496965     
  0.15213023693435482       0.27142617499888771     
  0.15275119784708088       0.28217135768325596     
  0.15337469338055626       0.29080551823652823     
  0.15400073388052446       0.29708631876315889     
  0.15462932973495802       0.30084533656490675     
  0.15526049137423079       0.30199052007577215     
  0.15589422927129087       0.30050634339220161     
  0.15653055394183482       0.29645176475387192     
  0.15716947594448166       0.28995615239863726     
  0.15781100588094832       0.28121339086946617     
  0.15845515439622559       0.27047442121014553     
  0.15910193217875471       0.25803849901363718     
  0.15975134996060453       0.24424347477796654     
  0.16040341851764989       0.22945541158601890     
  0.16105814866975027       0.21405785614566902     
  0.16171555128092935       0.19844107134022504     
  0.16237563725955523       0.18299152248859346     
  0.16303841755852153       0.16808188650789335     
  0.16370390317542910       0.15406182423965686     
  0.16437210515276834       0.14124972255488091     
  0.16504303457810285       0.12992557574339711     
  0.16571670258425286       0.12032513636950869     
  0.16639312034948034       0.11263542545425689     
  0.16707229909767446       0.10699165167503726     
  0.16775425009853762       0.10347555031333287     
  0.16843898466777257       0.10211511587563848     
  0.16912651416727026       0.10288566847576347     
  0.16981685000529834       0.10571216387236874     
  0.17051000363669019       0.11047263103004772     
  0.17120598656303537       0.11700259959266855     
  0.17190481033287031       0.12510036295435631     
  0.17260648654186983       0.13453291077624474     
  0.17331102683303970       0.14504235778440386     
  0.17401844289690985       0.15635269333543494     
  0.17472874647172817       0.16817667828503902     
  0.17544194934365545       0.18022272178584953     
  0.17615806334696094       0.19220158034496782     
  0.17687710036421864       0.20383273430375554     
  0.17759907232650440       0.21485031233793014     
  0.17832399121359424       0.22500845206671191     
  0.17905186905416270       0.23408600385025624     
  0.17978271792598266       0.24189050479548307     
  0.18051654995612570       0.24826137035189028     
  0.18125337732116351       0.25307227116154773     
  0.18199321224736950       0.25623268257174348     
  0.18273606701092207       0.25768861301275670     
  0.18348195393810826       0.25742253492833744     
  0.18423088540552804       0.25545255782140819     
  0.18498287384029991       0.25183089700070216     
  0.18573793172026712       0.24664170360384380     
  0.18649607157420448       0.23999833130707676     
  0.18725730598202642       0.23204012274645747     
  0.18802164757499584       0.22292880405934420     
  0.18878910903593346       0.21284457914737723     
  0.18955970309942835       0.20198201634681603     
  0.19033344255204943       0.19054581929205297     
  0.19111034023255730       0.17874657102985089     
  0.19189040903211749       0.16679653606864989     
  0.19267366189451438       0.15490559923362524     
  0.19346011181636599       0.14327741316307219     
  0.19424977184733941       0.13210581825305417     
  0.19504265509036750       0.12157159006630233     
  0.19583877470186650       0.11183955989744025     
  0.19663814389195391       0.10305614455244050     
  0.19744077592466802        9.5347311667948104E-002
  0.19824668411818794        8.8816997263913539E-002
  0.19905588184505443        8.3545982871579827E-002
  0.19986838253239200        7.9591230670232133E-002
  0.20068419966213161        7.6985666740683356E-002
  0.20150334677123438        7.5738394919999480E-002
  0.20232583745191612        7.5835316916314954E-002
  0.20315168535187320        7.7240128388104429E-002
  0.20398090417450848        7.9895655659930884E-002
  0.20481350767915915        8.3725493666177819E-002
  0.20564950968132489        8.8635902594943972E-002
  0.20648892405289709        9.4517918536788259E-002
  0.20733176472238896       0.10124963220104868     
  0.20817804567516671       0.10869858940446248     
  0.20902778095368180       0.11672426750826448     
  0.20988098465770355       0.12518058321525388     
  0.21073767094455342       0.13391838906301268     
  0.21159785402933992       0.14278791848241659     
  0.21246154818519422       0.15164114234573192     
  0.21332876774350720       0.16033400341745307     
  0.21419952709416737       0.16872849895374328     
  0.21507384068579924       0.17669458578428099     
  0.21595172302600341       0.18411188646671880     
  0.21683318868159726       0.19087117944598836     
  0.21771825227885655       0.19687566050015673     
  0.21860692850375804       0.20204196703909710     
  0.21949923210222347       0.20630096097602516     
  0.22039517788036408       0.20959826985633911     
  0.22129478070472614       0.21189458965211436     
  0.22219805550253774       0.21316575607073099     
  0.22310501726195672       0.21340259434715511     
  0.22401568103231900       0.21261056026386899     
  0.22493006192438844       0.21080918755052130     
  0.22584817511060773       0.20803135884469356     
  0.22677003582534988       0.20432241904021464     
  0.22769565936517111       0.19973915111139157     
  0.22862506108906488       0.19434863538726135     
  0.22955825641871638       0.18822701377195419     
  0.23049526083875860       0.18145818058254345     
  0.23143608989702943       0.17413242152550640     
  0.23238075920482931       0.16634502188169181     
  0.23332928443718048       0.15819486424469242     
  0.23428168133308711       0.14978303518827912     
  0.23523796569579644       0.14121145905568094     
  0.23619815339306083       0.13258157569889345     
  0.23716226035740115       0.12399307748170946     
  0.23813030258637141       0.11554271922774931     
  0.23910229614282377       0.10732321307540425     
  0.24007825715517533        9.9422218425537806E-002
  0.24105820181767584        9.1921435363522402E-002
  0.24204214639067612        8.4895808131682376E-002
  0.24303010720089804        7.8412843446340336E-002
  0.24402210064170560        7.2532046718160076E-002
  0.24501814317337661        6.7304477565635901E-002
  0.24601825132337590        6.2772424427377752E-002
  0.24702244168662996        5.8969196594599198E-002
  0.24803073092580163        5.5919030613895242E-002
  0.24904313577156709        5.3637106762267156E-002
  0.25005967302289334        5.2129670179437725E-002
  0.25108035954731700        5.1394250262329785E-002
  0.25210521228122396        5.1419971086465746E-002
  0.25313424823013059        5.2187944920261853E-002
  0.25416748446896609        5.3671740339967799E-002
  0.25520493814235545        5.5837916032849662E-002
  0.25624662646490398        5.8646611089979227E-002
  0.25729256672148348        6.2052182432175501E-002
  0.25834277626751834        6.6003879976423027E-002
  0.25939727252927380        7.0446550227668506E-002
  0.26045607300414547        7.5321359163573257E-002
  0.26151919526094891        8.0566525558245755E-002
  0.26258665694021183        8.6118056255297309E-002
  0.26365847575446660        9.1910475340586231E-002
  0.26473466948854396        9.7877539670408201E-002
  0.26581525599986822       0.10395293377118170     
  0.26690025321875377       0.11007093773164214     
  0.26798967914870253       0.11616706234811279     
  0.26908355186670235       0.12217864644779573     
  0.27018188952352734       0.12804541199498143     
  0.27128471034403900       0.13370997327170384     
  0.27239203262748851       0.13911829710957174     
  0.27350387474782023       0.14422011182553904     
  0.27462025515397709       0.14896926317444115     
  0.27574119237020622       0.15332401626885594     
  0.27686670499636645       0.15724730302681633     
  0.27799681170823720       0.16070691528530054     
  0.27913153125782791       0.16367564425809833     
  0.28027088247368953       0.16613136751736607     
  0.28141488426122702       0.16805708513617301     
  0.28256355560301261       0.16944090704263479     
  0.28371691555910122       0.17027599400350601     
  0.28487498326734656       0.17056045497556682     
  0.28603777794371876       0.17029720383659575     
  0.28720531888262307       0.16949377873455918     
  0.28837762545721990       0.16816212747460013     
  0.28955471711974690       0.16631836249976201     
  0.29073661340184104       0.16398248911475383     
  0.29192333391486291       0.16117811065435456     
  0.29311489835022253       0.15793211431157117     
  0.29431132647970543       0.15427434131783291     
  0.29551263815580109       0.15023724511098840     
  0.29671885331203263       0.14585554103954534     
  0.29792999196328690       0.14116585103630336     
  0.29914607420614708       0.13620634655430755     
  0.30036712021922612       0.13101639289596007     
  0.30159315026350136       0.12563619788507666     
  0.30282418468265071       0.12010646763478108     
  0.30406024390339059       0.11446807195421825     
  0.30530134843581452       0.10876172171702719     
  0.30654751887373349       0.10302766028706963     
  0.30779877589501764        9.7305370864614188E-002
  0.30905514026193970        9.1633301381584931E-002
  0.31031663282151906        8.6048608339772542E-002
  0.31158327450586787        8.0586920753322841E-002
  0.31285508633253861        7.5282125128229210E-002
  0.31413208940487242        7.0166172188816198E-002
  0.31541430491234945        6.5268905845828784E-002
  0.31670175413094059        6.0617914694211877E-002
  0.31799445842346041        5.6238406132157082E-002
  0.31929243923992134        5.2153103007581740E-002
  0.32059571811789023        4.8382162524720336E-002
  0.32190431668284508        4.4943116982712888E-002
  0.32321825664853443        4.1850835770407033E-002
  0.32453755981733712        3.9117507907535057E-002
  0.32586224808062436        3.6752644302116340E-002
  0.32719234341912323        3.4763098787533753E-002
  0.32852786790328065        3.3153106910159880E-002
  0.32986884369363056        3.1924341359530109E-002
  0.33121529304116082        3.1075982867620221E-002
  0.33256723828768275        3.0604805351406993E-002
  0.33392470186620210        3.0505274033151435E-002
  0.33528770630129073        3.0769655245223116E-002
  0.33665627420946076        3.1388136610189694E-002
  0.33803042829953994        3.2348956281702229E-002
  0.33941019137304806        3.3638539936731549E-002
  0.34079558632457546        3.5241644224240753E-002
  0.34218663614216327        3.7141505398658736E-002
  0.34358336390768413        3.9319991897810422E-002
  0.34498579279722608        4.1757759663478486E-002
  0.34639394608147639        4.4434409047740410E-002
  0.34780784712610791        4.7328642198895321E-002
  0.34922751939216706        5.0418419876390126E-002
  0.35065298643646264        5.3681116703925523E-002
  0.35208427191195729        5.7093673933203588E-002
  0.35352139956815942        6.0632748856748429E-002
  0.35496439325151735        6.4274860076391147E-002
  0.35641327690581565        6.7996527903569859E-002
  0.35786807457257153        7.1774409238025041E-002
  0.35932881039143427        7.5585426342220263E-002
  0.36079550860058590        7.9406888999304440E-002
  0.36226819353714296        8.3216609612206144E-002
  0.36374688963756052        8.6993010870059326E-002
  0.36523162143803800        9.0715225675189526E-002
  0.36672241357492547        9.4363189088966765E-002
  0.36821929078513355        9.7917722117654926E-002
  0.36972227790654283       0.10136060721964396     
  0.37123139987841652       0.10467465547290947     
  0.37274668174181458       0.10784376539599504     
  0.37426814864000829       0.11085297346706671     
  0.37579582581889864       0.11368849643354668     
  0.37732973862743413       0.11633776554932197     
  0.37886991251803198       0.11878945291756868     
  0.38041637304700071       0.12103349015467976     
  0.38196914587496344       0.12306107962471084     
  0.38352825676728425       0.12486469852413074     
  0.38509373159449567       0.12643809612349247     
  0.38666559633272773       0.12777628449606843     
  0.38824387706413899       0.12887552308346756     
  0.38982859997734975       0.12973329746499643     
  0.39141979136787586       0.13034829271104781     
  0.39301747763856587       0.13072036171127965     
  0.39462168530003849       0.13085048887588463     
  0.39623244097112265       0.13074074961301888     
  0.39784977137929967       0.13039426598757239     
  0.39947370336114574       0.12981515896612358     
  0.40110426386277853       0.12900849765024125     
  0.40274147994030307       0.12798024589549770     
  0.40438537876026137       0.12673720670675126     
  0.40603598760008325       0.12528696479166079     
  0.40769333384853856       0.12363782764414287     
  0.40935744500619187       0.12179876551776293     
  0.41102834868585908       0.11977935063601412     
  0.41270607261306486       0.11758969597225888     
  0.41439064462650332       0.11524039391692384     
  0.41608209267850005       0.11274245513352404     
  0.41778044483547516       0.11010724788837505     
  0.41948572927840988       0.10734643812157803     
  0.42119797430331363       0.10447193050917994     
  0.42291720832169355       0.10149581074841432     
  0.42464345986102636        9.8430289279771960E-002
  0.42637675756523108        9.5287646641433077E-002
  0.42811713019514508        9.2080180633398595E-002
  0.42986460662900056        8.8820155450640231E-002
  0.43161921586290408        8.5519752926754955E-002
  0.43338098701131811        8.2191026012133517E-002
  0.43514994930754325        7.8845854593535963E-002
  0.43692613210420378        7.5495903745303045E-002
  0.43870956487373508        7.2152584486309124E-002
  0.44050027720887197        6.8827017101176710E-002
  0.44229829882313998        6.5529997069315754E-002
  0.44410365955134889        6.2271963631044584E-002
  0.44591638935008682        5.9062971006433339E-002
  0.44773651829821842        5.5912662269589838E-002
  0.44956407659738296        5.2830245868954143E-002
  0.45139909457249600        4.9824474772723240E-002
  0.45324160267225266        4.6903628207875608E-002
  0.45509163146963244        4.4075495951372140E-002
  0.45694921166240710        4.1347365122962311E-002
  0.45881437407364939        3.8726009420680524E-002
  0.46068714965224478        3.6217680732492909E-002
  0.46256756947340538        3.3828103050697014E-002
  0.46445566473918498        3.1562468609558469E-002
  0.46635146677899686        2.9425436161242702E-002
  0.46825500705013429        2.7421131300401066E-002
  0.47016631713829160        2.5553148743722907E-002
  0.47208542875808879        2.3824556467390779E-002
  0.47401237375359806        2.2237901602617002E-002
  0.47594718409887132        2.0795217987285557E-002
  0.47788989189847175        1.9498035270144844E-002
  0.47984052938800570        1.8347389462964818E-002
  0.48179912893465782        1.7343834835544861E-002
  0.48376572303772875        1.6487457048436658E-002
  0.48574034432917323        1.5777887418652641E-002
  0.48772302557414277        1.5214318214493126E-002
  0.48971379967152823        1.4795518876848188E-002
  0.49171269965450648        1.4519853065945481E-002
  0.49371975869108847        1.4385296434444934E-002
  0.49573501008466908        1.4389455030025793E-002
  0.49775848727458005        1.4529584233121701E-002
  0.49979022383664523        1.4802608138226302E-002
  0.50183025348373689        1.5205139290169367E-002
  0.50387861006633561        1.5733498689935038E-002
  0.50593532757309234        1.6383735987936056E-002
  0.50800044013139123        1.7151649786133163E-002
  0.51007398200791731        1.8032807973991399E-002
  0.51215598760922409        1.9022568026952041E-002
  0.51424649148230461        2.0116097199870595E-002
  0.51634552831516523        2.1308392551681498E-002
  0.51845313293740036        2.2594300741411551E-002
  0.52056934032077162        2.3968537539518695E-002
  0.52269418557978653        2.5425707002407909E-002
  0.52482770397228251        2.6960320261814191E-002
  0.52696993090001132        2.8566813884563481E-002
  0.52912090190922667        3.0239567761982205E-002
  0.53128065269127367        3.1972922491942057E-002
  0.53344921908318188        3.3761196220159620E-002
  0.53562663706825886        3.5598700910934318E-002
  0.53781294277668812        3.7479758020970921E-002
  0.54000817248612853        3.9398713553306694E-002
  0.54221236262231554        4.1349952471627996E-002
  0.54442554975966673        4.3327912458417717E-002
  0.54664777062188774        4.5327097003400686E-002
  0.54887906208258186        4.7342087811684586E-002
  0.55111946116586275        4.9367556523772047E-002
  0.55336900504696696        5.1398275742280779E-002
  0.55562773105287300        5.3429129362745617E-002
  0.55789567666291884        5.5455122208264207E-002
  0.56017287950942463        5.7471388970021735E-002
  0.56245937737831742        5.9473202457851732E-002
  0.56475520820975744        6.1455981166992107E-002
  0.56706041009876806        6.3415296169057972E-002
  0.56937502129586803        6.5346877336984743E-002
  0.57169908020770599        6.7246618915299594E-002
  0.57403262539769728        6.9110584448547771E-002
  0.57637569558666502        7.0935011082062696E-002
  0.57872832965348131        7.2716313250476672E-002
  0.58109056663571335        7.4451085770495168E-002
  0.58346244573027040        7.6136106355435051E-002
  0.58584400629405475        7.7768337569911639E-002
  0.58823528784461476        7.9344928243825941E-002
  0.59063633006079996        8.0863214365470212E-002
  0.59304717278342045        8.2320719474129958E-002
  0.59546785601590702        8.3715154573029804E-002
  0.59789841992497528        8.5044417583841680E-002
  0.60033890484129260        8.6306592364262150E-002
  0.60278935126014666        8.7499947310363577E-002
  0.60524979984211758        8.8622933565551509E-002
  0.60772029141375294        8.9674182858001578E-002
  0.61020086696824494        9.0652504988428750E-002
  0.61269156766611022        9.1556884989953943E-002
  0.61519243483587394        9.2386479981675429E-002
  0.61770350997475421        9.3140615737348026E-002
  0.62022483474935197        9.3818782990304828E-002
  0.62275645099634114        9.4420633495449935E-002
  0.62529840072316345        9.4945975868782242E-002
  0.62785072610872605        9.5394771224521682E-002
  0.63041346950409982        9.5767128629460768E-002
  0.63298667343322390        9.6063300393702006E-002
  0.63557038059361004        9.6283677216429331E-002
  0.63816463385705124        9.6428783204841162E-002
  0.64076947627033398        9.6499270783812860E-002
  0.64338495105595150        9.6495915513284236E-002
  0.64601110161282127        9.6419610829777430E-002
  0.64864797151700582        9.6271362727840551E-002
  0.65129560452243462        9.6052284396597576E-002
  0.65395404456163087        9.5763590825954634E-002
  0.65662333574644061        9.5406593396379552E-002
  0.65930352236876377        9.4982694465531925E-002
  0.66199464890129045        9.4493381964378939E-002
  0.66469675999823752        9.3940224014793156E-002
  0.66740990049609028        9.3324863579984513E-002
  0.67013411541434675        9.2649013158485394E-002
  0.67286944995626363        9.1914449531777520E-002
  0.67561594950960757        9.1123008575020828E-002
  0.67837365964740748        9.0276580139733276E-002
  0.68114262612871068        8.9377103016661935E-002
  0.68392289489934310        8.8426559986487491E-002
  0.68671451209267076        8.7426972965427646E-002
  0.68951752403036504        8.6380398252225321E-002
  0.69233197722317286        8.5288921882455321E-002
  0.69515791837168661        8.4154655095541875E-002
  0.69799539436711988        8.2979729919346157E-002
  0.70084445229208592        8.1766294876675999E-002
  0.70370513942137802        8.0516510817574077E-002
  0.70657750322275481        7.9232546880758231E-002
  0.70946159135772713        7.7916576587134190E-002
  0.71235745168234910        7.6570774067844072E-002
  0.71526513224801314        7.5197310428902403E-002
  0.71818468130224533        7.3798350254050599E-002
  0.72111614728950835        7.2376048247073943E-002
  0.72405957885200312        7.0932546014455436E-002
  0.72701502483047720        6.9469968988877362E-002
  0.72998253426503557        6.7990423493751451E-002
  0.73296215639595286        6.6495993948635396E-002
  0.73595394066449149        6.4988740215086452E-002
  0.73895793671372234        6.3470695082225248E-002
  0.74197419438934753        6.1943861891009068E-002
  0.74500276374052765        6.0410212295961455E-002
  0.74804369502071344        5.8871684162872570E-002
  0.75109703868847777        5.7330179600763150E-002
  0.75416284540835488        5.5787563126200021E-002
  0.75724116605167924        5.4245659957866482E-002
  0.76033205169743068        5.2706254439110894E-002
  0.76343555363308235        5.1171088586043231E-002
  0.76655172335545019        4.9641860758601677E-002
  0.76968061257154952        4.8120224451877788E-002
  0.77282227319945096        4.6607787204874629E-002
  0.77597675736914307        4.5106109623761971E-002
  0.77914411742339751        4.3616704516600206E-002
  0.78232440591863694        4.2141036136426342E-002
  0.78551767562580699        4.0680519529517727E-002
  0.78872397953125306        3.9236519985593785E-002
  0.79194337083759792        3.7810352586669822E-002
  0.79517590296462559        3.6403281851226071E-002
  0.79842162955016782        3.5016521470336737E-002
  0.80168060445099321        3.3651234132375932E-002
  0.80495288174370172        3.2308531432904838E-002
  0.80823851572562166        3.0989473866340229E-002
  0.81153756091571005        2.9695070896008709E-002
  0.81485007205545901        2.8426281099194792E-002
  0.81817610410980179        2.7184012383817166E-002
  0.82151571226802678        2.5969122273377873E-002
  0.82486895194469190        2.4782418256868756E-002
  0.82823587878054472        2.3624658200345695E-002
  0.83161654864344625        2.2496550816924053E-002
  0.83501101762929653        2.1398756191991879E-002
  0.83841934206296653        2.0331886360483175E-002
  0.84184157849923302        1.9296505933109040E-002
  0.84527778372371576        1.8293132768497117E-002
  0.84872801475382054        1.7322238688250613E-002
  0.85219232883968588        1.6384250231998396E-002
  0.85567078346513115        1.5479549449574531E-002
  0.85916343634861292        1.4608474727529901E-002
  0.86267034544418009        1.3771321647250334E-002
  0.86619156894243732        1.2968343872023301E-002
  0.86972716527151039        1.2199754060472291E-002
  0.87327719309801433        1.1465724803846613E-002
  0.87684171132802924        1.0766389584733374E-002
  0.88042077910807537        1.0101843754832765E-002
  0.88401445582609561        9.4721455295122253E-003
  0.88762280111244185        8.8773169969367863E-003
  0.89124587484086226        8.3173451396446156E-003
  0.89488373712949654        7.7921828665181445E-003
  0.89853644834187318        7.3017500531756202E-003
  0.90220406908791040        6.8459345888879884E-003
  0.90588666022492215        6.4245934281986113E-003
  0.90958428285862880        6.0375536455035978E-003
  0.91329699834416944        5.6846134909220615E-003
  0.91702486828712149        5.3655434458640969E-003
  0.92076795454452198        5.0800872767750947E-003
  0.92452631922589401        4.8279630856088735E-003
  0.92830002469427830        4.6088643556551120E-003
  0.93208913356726641        4.4224609914149541E-003
  0.93589370871804145        4.2684003512897155E-003
  0.93971381327641990        4.1463082719153440E-003
  0.94354951062989978        4.0557900830418834E-003
  0.94740086442471305        3.9964316119218473E-003
  0.95126793856688030        3.9678001762372388E-003
  0.95515079722327212        3.9694455646548310E-003
  0.95904950482267404        4.0009010041617337E-003
  0.96296412605685466        4.0616841133923340E-003
  0.96689472588163972        4.1512978412140385E-003
  0.97084136951799027        4.2692313898975804E-003
  0.97480412245308368        4.4149611222485605E-003
  0.97878305044140190        4.5879514521336160E-003
  0.98277821950582100        4.7876557178817654E-003
  0.98678969593870736        5.0135170380929952E-003
  0.99081754630301844        5.2649691494335163E-003
  0.99486183743340539        5.5414372260423088E-003
  0.99892263643732426        5.8423386802183078E-003
   1.0030000106961476        6.1670839441002609E-003
   1.0070940278662834        6.5150772320919899E-003
   1.0112047558802988        6.8857172838254106E-003
   1.0153322629480441        7.2783980874905931E-003
   1.0194766175577885        7.6925095833997514E-003
   1.0236378884773538        8.1274383476847532E-003
   1.0278161447552574        8.5825682560621563E-003
   1.0320114557218547        9.0572811276299278E-003
   1.0362238909904942        9.5509573486922371E-003
   1.0404535204586696        1.0062976476632964E-002
   1.0447004143091787        1.0592717823891068E-002
   1.0489646430112913        1.1139561022111591E-002
   1.0532462773219167        1.1702886566573723E-002
   1.0575453882867758        1.2282076341017141E-002
   1.0618620472415838        1.2876514123013657E-002
   1.0661963258132321        1.3485586070046834E-002
   1.0705482959209747        1.4108681186483311E-002
   1.0749180297776255        1.4745191771639573E-002
   1.0793055998907541        1.5394513849159169E-002
   1.0837110790638902        1.6056047577936893E-002
   1.0881345403977287        1.6729197644834978E-002
   1.0925760572913470        1.7413373639455960E-002
   1.0970357034434204        1.8107990411242281E-002
   1.1015135528534441        1.8812468409189320E-002
   1.1060096798229635        1.9526234004465674E-002
   1.1105241589568067        2.0248719796246897E-002
   1.1150570651643195        2.0979364901071336E-002
   1.1196084736606120        2.1717615226043117E-002
   1.1241784599678060        2.2462923726205598E-002
   1.1287670999162849        2.3214750646418918E-002
   1.1333744696459565        2.3972563748080780E-002
   1.1380006456075142        2.4735838521031263E-002
   1.1426457045637044        2.5504058380987887E-002
   1.1473097235906025        2.6276714852861281E-002
   1.1519927800788912        2.7053307740301225E-002
   1.1566949517351428        2.7833345281826849E-002
   1.1614163165831117        2.8616344293895507E-002
   1.1661569529650266        2.9401830301265898E-002
   1.1709169395428922        3.0189337655008402E-002
   1.1756963552997917        3.0978409638519829E-002
   1.1804952795412009        3.1768598561895692E-002
   1.1853137918963028        3.2559465845011064E-002
   1.1901519723193061        3.3350582089662011E-002
   1.1950099010907769        3.4141527141118094E-002
   1.1998876588189678        3.4931890139427699E-002
   1.2047853264411541        3.5721269560822951E-002
   1.2097029852249803        3.6509273249564766E-002
   1.2146407167698074        3.7295518440561504E-002
   1.2195986030080641        3.8079631773096589E-002
   1.2245767262066105        3.8861249295993994E-002
   1.2295751689681005        3.9640016464545388E-002
   1.2345940142323542        4.0415588129519085E-002
   1.2396333452777308        4.1187628518565958E-002
   1.2446932457225151        4.1955811210334815E-002
   1.2497737995263021        4.2719819101600304E-002
   1.2548750909913893        4.3479344367704335E-002
   1.2599972047641785        4.4234088416607101E-002
   1.2651402258365791        4.4983761836835875E-002
   1.2703042395474162        4.5728084339615227E-002
   1.2754893315838498        4.6466784695458577E-002
   1.2806955879827961        4.7199600665492031E-002
   1.2859230951323521        4.7926278927776206E-002
   1.2911719397732333        4.8646574998890142E-002
   1.2964422090002106        4.9360253151027780E-002
   1.3017339902635547        5.0067086324858817E-002
   1.3070473713704895        5.0766856038395348E-002
   1.3123824404866489        5.1459352292101773E-002
   1.3177392861375357        5.2144373470477172E-002
   1.3231179972099965        5.2821726240336465E-002
   1.3285186629536925        5.3491225446008712E-002
   1.3339413729825829        5.4152694001663476E-002
   1.3393862172764077        5.4805962780973563E-002
   1.3448532861821869        5.5450870504315665E-002
   1.3503426704157151        5.6087263623700478E-002
   1.3558544610630672        5.6714996205623272E-002
   1.3613887495821120        5.7333929812019541E-002
   1.3669456278040288        5.7943933379498935E-002
   1.3725251879348284        5.8544883097032263E-002
   1.3781275225568879        5.9136662282257377E-002
   1.3837527246304846        5.9719161256561612E-002
   1.3894008874953359        6.0292277219099390E-002
   1.3950721048721533        6.0855914119891136E-002
   1.4007664708641934        6.1409982532149854E-002
   1.4064840799588225        6.1954399523972539E-002
   1.4122250270290799        6.2489088529531132E-002
   1.4179894073352572        6.3013979219891353E-002
   1.4237773165264773        6.3529007373582788E-002
   1.4295888506422783        6.4034114747037449E-002
   1.4354241061142121        6.4529248945014842E-002
   1.4412831797674421        6.5014363291116178E-002
   1.4471661688223481        6.5489416698498421E-002
   1.4530731708961429        6.5954373540883682E-002
   1.4590042840044910        6.6409203523961874E-002
   1.4649596065631323        6.6853881557276396E-002
   1.4709392373895191        6.7288387626680018E-002
   1.4769432757044543        6.7712706667444333E-002
   1.4829718211337348        6.8126828438100820E-002
   1.4890249737098105        6.8530747395087716E-002
   1.4951028338734396        6.8924462568274614E-002
   1.5012055024753554        6.9307977437432361E-002
   1.5073330807779428        6.9681299809709135E-002
   1.5134856704569155        7.0044441698175822E-002
   1.5196633736030056        7.0397419201495032E-002
   1.5258662927236537        7.0740252384767832E-002
   1.5320945307447145        7.1072965161607785E-002
   1.5383481910121630        7.1395585177488841E-002
   1.5446273772938062        7.1708143694410809E-002
   1.5509321937810101        7.2010675476923594E-002
   1.5572627450904259        7.2303218679546949E-002
   1.5636191362657244        7.2585814735621368E-002
   1.5700014727793419        7.2858508247622994E-002
   1.5764098605342303        7.3121346878969831E-002
   1.5828444058656099        7.3374381247349699E-002
   1.5893052155427401        7.3617664819591949E-002
   1.5957923967706868        7.3851253808107115E-002
   1.6023060571921037        7.4075207068912033E-002
   1.6088463048890147        7.4289586001262037E-002
   1.6154132483846122        7.4494454448902001E-002
   1.6220069966450557        7.4689878602953189E-002
   1.6286276590812767        7.4875926906445373E-002
   1.6352753455508005        7.5052669960505261E-002
   1.6419501663595648        7.5220180432209169E-002
   1.6486522322637496        7.5378532964105877E-002
   1.6553816544716176        7.5527804085414901E-002
   1.6621385446453594        7.5668072124902258E-002
   1.6689230149029417        7.5799417125436822E-002
   1.6757351778199741        7.5921920760225664E-002
   1.6825751464315746        7.6035666250728523E-002
   1.6894430342342412        7.6140738286247220E-002
   1.6963389551877424        7.6237222945188102E-002
   1.7032630237170037        7.6325207617990137E-002
   1.7102153547140044        7.6404780931714378E-002
   1.7171960635396897        7.6476032676286054E-002
   1.7242052660258809        7.6539053732380791E-002
   1.7312430784771990        7.6593936000947757E-002
   1.7383096176729915        7.6640772334355761E-002
   1.7454050008692747        7.6679656469154256E-002
   1.7525293458006783        7.6710682960435816E-002
   1.7596827706823941        7.6733947117786749E-002
   1.7668653942121444        7.6749544942813192E-002
   1.7740773355721486        7.6757573068228391E-002
   1.7813187144310982        7.6758128698592276E-002
   1.7885896509461472        7.6751309552054225E-002
   1.7958902657649043        7.6737213804650387E-002
   1.8032206800274309        7.6715940035071872E-002
   1.8105810153682576        7.6687587171420102E-002
   1.8179713939183981        7.6652254439324247E-002
   1.8253919383073787        7.6610041311504229E-002
   1.8328427716652678        7.6561047458758705E-002
   1.8403240176247260        7.6505372702362101E-002
   1.8478358003230537        7.6443116967848404E-002
   1.8553782444042495        7.6374380240165018E-002
   1.8629514750210820        7.6299262520174660E-002
   1.8705556178371661        7.6217863782488640E-002
   1.8781907990290427        7.6130283934606538E-002
   1.8858571452882809        7.6036622777347102E-002
   1.8935547838235744        7.5936979966547108E-002
   1.9012838423628520        7.5831454976007268E-002
   1.9090444491554013        7.5720147061666354E-002
   1.9168367329739937        7.5603155226981023E-002
   1.9246608231170197        7.5480578189491956E-002
   1.9325168494106386        7.5352514348554056E-002
   1.9404049422109304        7.5219061754210254E-002
   1.9483252324060565        7.5080318077189442E-002
   1.9562778514184365        7.4936380580004999E-002
   1.9642629312069249        7.4787346089134829E-002
   1.9722806042690040        7.4633310968261535E-002
   1.9803310036429771        7.4474371092552533E-002
   1.9884142629101824        7.4310621823958256E-002
   1.9965305161972071        7.4142157987508561E-002
   2.0046798981781091        7.3969073848587183E-002
   2.0128625440766581        7.3791463091162385E-002
   2.0210785896685763        7.3609418796955428E-002
   2.0293281712837890        7.3423033425525683E-002
   2.0376114258086915        7.3232398795251147E-002
   2.0459284906884188        7.3037606065187680E-002
   2.0542795039291217        7.2838745717784245E-002
   2.0626646041002639        7.2635907542435152E-002
   2.0710839303369175        7.2429180619852901E-002
   2.0795376223420732        7.2218653307236730E-002
   2.0880258203889532        7.2004413224225350E-002
   2.0965486653233478        7.1786547239607063E-002
   2.1051062985659468        7.1565141458775808E-002
   2.1136988621146831        7.1340281211910397E-002
   2.1223264985470975        7.1112051042860058E-002
   2.1309893510226989        7.0880534698718758E-002
   2.1396875632853374        7.0645815120071079E-002
   2.1484212796655959        7.0407974431890064E-002
   2.1571906450831819        7.0167093935072783E-002
   2.1659958050493291        6.9923254098593984E-002
   2.1748369056692178        6.9676534552263275E-002
   2.1837140936443968        6.9427014080067295E-002
   2.1926275162752127        6.9174770614083170E-002
   2.2015773214632635        6.8919881228944685E-002
   2.2105636577138457        6.8662422136846563E-002
   2.2195866741384194        6.8402468683072842E-002
   2.2286465204570853        6.8140095342030624E-002
   2.2377433470010675        6.7875375713778191E-002
   2.2468773047152077        6.7608382521029409E-002
   2.2560485451604677        6.7339187606622539E-002
   2.2652572205164492        6.7067861931437253E-002
   2.2745034835839171        6.6794475572747258E-002
   2.2837874877873303        6.6519097722994358E-002
   2.2931093871773944        6.6241796688969984E-002
   2.3024693364336155        6.5962639891392005E-002
   2.3118674908668622        6.5681693864862473E-002
   2.3213040064219506        6.5399024258196381E-002
   2.3307790396802273        6.5114695835103972E-002
   2.3402927478621649        6.4828772475220758E-002
   2.3498452888299783        6.4541317175467516E-002
   2.3594368210902377        6.4252392051732332E-002
   2.3690675037965030        6.3962058340861272E-002
   2.3787374967519588        6.3670376402947995E-002
   2.3884469604120731        6.3377405723908611E-002
   2.3981960558872570        6.3083204918335245E-002
   2.4079849449455333        6.2787831732613181E-002
   2.4178137900152290        6.2491343048294720E-002
   2.4276827541876669        6.2193794885717836E-002
   2.4375920012198664        6.1895242407860734E-002
   2.4475416955372706        6.1595739924422369E-002
   2.4575320022364697        6.1295340896118489E-002
   2.4675630870879357        6.0994097939187669E-002
   2.4776351165387829        6.0692062830091861E-002
   2.4877482577155234        6.0389286510410492E-002
   2.4979026784268394        6.0085819091913309E-002
   2.5080985471663721        5.9781709861806497E-002
   2.5183360331155162        5.9477007288144382E-002
   2.5286153061462220        5.9171759025397126E-002
   2.5389365368238228        5.8866011920167362E-002
   2.5492998964098588        5.8559812017049365E-002
   2.5597055568649218        5.8253204564621269E-002
   2.5701536908515048        5.7946234021565894E-002
   2.5806444717368717        5.7638944062909842E-002
   2.5911780735959340        5.7331377586377942E-002
   2.6017546712141315        5.7023576718853219E-002
   2.6123744400903441        5.6715582822937913E-002
   2.6230375564397970        5.6407436503608667E-002
   2.6337441971969815        5.6099177614959903E-002
   2.6444945400185995        5.5790845267029307E-002
   2.6552887632865070        5.5482477832699925E-002
   2.6661270461106703        5.5174112954673837E-002
   2.6770095683321458        5.4865787552510988E-002
   2.6879365105260575        5.4557537829728275E-002
   2.6989080540045989        5.4249399280954944E-002
   2.7099243808200328        5.3941406699136885E-002
   2.7209856737677236        5.3633594182788756E-002
   2.7320921163891634        5.3325995143284691E-002
   2.7432438929750149        5.3018642312187690E-002
   2.7544411885681774        5.2711567748609925E-002
   2.7656841889668535        5.2404802846601983E-002
   2.7769730807276272        5.2098378342564894E-002
   2.7883080511685678        5.1792324322683797E-002
   2.7996892883723348        5.1486670230375731E-002
   2.8111169811892935        5.1181444873752618E-002
   2.8225913192406575        5.0876676433090663E-002
   2.8341124929216317        5.0572392468306436E-002
   2.8456806934045655        5.0268619926436053E-002
   2.8572961126421350        4.9965385149111370E-002
   2.8689589433705232        4.9662713880033738E-002
   2.8806693791126143        4.9360631272440156E-002
   2.8924276141812122        4.9059161896559705E-002
   2.9042338436822610        4.8758329747056559E-002
   2.9160882635180831        4.8458158250459057E-002
   2.9279910703906258        4.8158670272569287E-002
   2.9399424618047334        4.7859888125853803E-002
   2.9519426360714194        4.7561833576809973E-002
   2.9639917923111532        4.7264527853309903E-002
   2.9760901304571732        4.6967991651913676E-002
   2.9882378512587997        4.6672245145156534E-002
   3.0004351562847607        4.6377307988802949E-002
   3.0126822479265480        4.6083199329068236E-002
   3.0249793294017673        4.5789937809804712E-002
   3.0373266047575087        4.5497541579651954E-002
   3.0497242788737404        4.5206028299146946E-002
   3.0621725574667020        4.4915415147796171E-002
   3.0746716470923223        4.4625718831104645E-002
   3.0872217551496384        4.4336955587562468E-002
   3.0998230898842483        4.4049141195587199E-002
   3.1124758603917613        4.3762290980419560E-002
   3.1251802766212617        4.3476419820973555E-002
   3.1379365493788032        4.3191542156637133E-002
   3.1507448903309023        4.2907671994024163E-002
   3.1636055120080444        4.2624822913676551E-002
   3.1765186278082207        4.2343008076713359E-002
   3.1894844520004644        4.2062240231429723E-002
   3.2025031997284015        4.1782531719841282E-002
   3.2155750870138298        4.1503894484174582E-002
   3.2287003307602982        4.1226340073303211E-002
   3.2418791487567020        4.0949879649128579E-002
   3.2551117596809069        4.0674523992903611E-002
   3.2683983831033703        4.0400283511500344E-002
   3.2817392394907818        4.0127168243619921E-002
   3.2951345502097307        3.9855187865944809E-002
   3.3085845375303724        3.9584351699232287E-002
   3.3220894246301196        3.9314668714349202E-002
   3.3356494355973410        3.9046147538247158E-002
   3.3492647954350852        3.8778796459878535E-002
   3.3629357300648142        3.8512623436052690E-002
   3.3766624663301439        3.8247636097230656E-002
   3.3904452320006189        3.7983841753260333E-002
   3.4042842557754875        3.7721247399051056E-002
   3.4181797672874907        3.7459859720186374E-002
   3.4321319971066844        3.7199685098476459E-002
   3.4461411767442565        3.6940729617448778E-002
   3.4602075386563675        3.6682999067777694E-002
   3.4743313162480152        3.6426498952652389E-002
   3.4885127438769019        3.6171234493084299E-002
   3.5027520568573265        3.5917210633151599E-002
   3.5170494914640815        3.5664432045183367E-002
   3.5314052849363842        3.5412903134882101E-002
   3.5458196754818094        3.5162628046384731E-002
   3.5602929022802345        3.4913610667262784E-002
   3.5748252054878202        3.4665854633460863E-002
   3.5894168262409902        3.4419363334174842E-002
   3.6040680066604258        3.4174139916668622E-002
   3.6187789898550959        3.3930187291030679E-002
   3.6335500199262847        3.3687508134869537E-002
   3.6483813419716364        3.3446104897950288E-002
   3.6632732020892336        3.3205979806769391E-002
   3.6782258473816740        3.2967134869071033E-002
   3.6932395259601685        3.2729571878303436E-002
   3.7083144869486642        3.2493292418016018E-002
   3.7234509804879772        3.2258297866197355E-002
   3.7386492577399353        3.2024589399555402E-002
   3.7539095708915569        3.1792167997738305E-002
   3.7692321731592284        3.1561034447497707E-002
   3.7846173187929102        3.1331189346794755E-002
   3.8000652630803460        3.1102633108848525E-002
   3.8155762623513128        3.0875365966127194E-002
   3.8311505739818670        3.0649387974283536E-002
   3.8467884563986092        3.0424699016033476E-002
   3.8624901690829847        3.0201298804979126E-002
   3.8782559725755825        2.9979186889377164E-002
   3.8940861284804527        2.9758362655851113E-002
   3.9099808994694594        2.9538825333050078E-002
   3.9259405492866346        2.9320573995252827E-002
   3.9419653427525452        2.9103607565919010E-002
   3.9580555457687030        2.8887924821185646E-002
   3.9742114253219660        2.8673524393313124E-002
   3.9904332494889743        2.8460404774076839E-002
   4.0067212874405893        2.8248564318108113E-002
   4.0230758094463717        2.8038001246183473E-002
   4.0394970868790629        2.7828713648463052E-002
   4.0559853922190783        2.7620699487678636E-002
   4.0725409990590427        2.7413956602236174E-002
   4.0891641821083224        2.7208482709444232E-002
   4.1058552171975808        2.7004275408346538E-002
   4.1226143812833644        2.6801332182849226E-002
   4.1394419524526915        2.6599650404630470E-002
   4.1563382099276636        2.6399227336035731E-002
   4.1733034340701094        2.6200060132926820E-002
   4.1903379063862296        2.6002145847487803E-002
   4.2074419095312638        2.5805481430963225E-002
   4.2246157273141920        2.5610063736395600E-002
   4.2418596447024361        2.5415889521272668E-002
   4.2591739478265858        2.5222955450152670E-002
   4.2765589239851547        2.5031258097241074E-002
   4.2940148616493437        2.4840793948924061E-002
   4.3115420504678283        2.4651559406257892E-002
   4.3291407812715565        2.4463550787417559E-002
   4.3468113460785895        2.4276764330101373E-002
   4.3645540380989400        2.4091196193895111E-002
   4.3823691517394279        2.3906842462595057E-002
   4.4002569826085844        2.3723699146490248E-002
   4.4182178275215458        2.3541762184604263E-002
   4.4362519845049730        2.3361027446898081E-002
   4.4543597528020111        2.3181490736433302E-002
   4.4725414328772475        2.3003147791497317E-002
   4.4907973264216903        2.2825994287689385E-002
   4.5091277363577875        2.2650025839970132E-002
   4.5275329668444471        2.2475238004673017E-002
   4.5460133232820850        2.2301626281479608E-002
   4.5645691123176864        2.2129186115358374E-002
   4.5832006418499045        2.1957912898467883E-002
   4.6019082210341660        2.1787801972024630E-002
   4.6206921602877928        2.1618848628135914E-002
   4.6395527712951647        2.1451048111598658E-002
   4.6584903670128890        2.1284395621664422E-002
   4.6775052616749795        2.1118886313770222E-002
   4.6965977707980926        2.0954515301237483E-002
   4.7157682111867478        2.0791277656937480E-002
   4.7350169009385850        2.0629168414925739E-002
   4.7543441594496505        2.0468182572043518E-002
   4.7737503074196939        2.0308315089489409E-002
   4.7932356668574805        2.0149560894359462E-002
   4.8128005610861475        1.9991914881157105E-002
   4.8324453147485658        1.9835371913273413E-002
   4.8521702538127149        1.9679926824437758E-002
   4.8719757055771122        1.9525574420139576E-002
   4.8918619986762248        1.9372309479021389E-002
   4.9118294630859394        1.9220126754243831E-002
   4.9318784301290162        1.9069020974822794E-002
   4.9520092324806102        1.8918986846939587E-002
   4.9722222041737796        1.8770019055223176E-002
   4.9925176806050207        1.8622112264007507E-002
   5.0128959985398502        1.8475261118561029E-002
   5.0333574961183860        1.8329460246291715E-002
   5.0539025128609465        1.8184704257925857E-002
   5.0745313896737043        1.8040987748662800E-002
   5.0952444688543324        1.7898305299303977E-002
   5.1160420940976774        1.7756651477359657E-002
   5.1369246105014765        1.7616020838128934E-002
   5.1578923645720769        1.7476407925759142E-002
   5.1789457042301867        1.7337807274280748E-002
   5.2000849788166388        1.7200213408619661E-002
   5.2213105390982024        1.7063620845587671E-002
   5.2426227372734004        1.6928024094850253E-002
   5.2640219269783390        1.6793417659873286E-002
   5.2855084632925946        1.6659796038848176E-002
   5.3070827027450962        1.6527153725596062E-002
   5.3287450033200381        1.6395485210451699E-002
   5.3504957244628288        1.6264784981126396E-002
   5.3723352270860527        1.6135047523552087E-002
   5.3942638735754480        1.6006267322704704E-002
   5.4162820277959387        1.5878438863408870E-002
   5.4383900550976607        1.5751556631123584E-002
   5.4605883223220175        1.5625615112709035E-002
   5.4828771978077846        1.5500608797175509E-002
   5.5052570513972130        1.5376532176413637E-002
   5.5277282544421542        1.5253379745907491E-002
   5.5502911798102446        1.5131146005430134E-002
   5.5729462018910780        1.5009825459721763E-002
   5.5956936966024218        1.4889412619151327E-002
   5.6185340413964466        1.4769902000361691E-002
   5.6414676152660075        1.4651288126898141E-002
   5.6644947987509173        1.4533565529821168E-002
   5.6876159739442613        1.4416728748303912E-002
   5.7108315244987482        1.4300772330213381E-002
   5.7341418356330687        1.4185690832677331E-002
   5.7575472941382806        1.4071478822635814E-002
   5.7810482883842447        1.3958130877378221E-002
   5.8046452083260549        1.3845641585066064E-002
   5.8283384455105089        1.3734005545241557E-002
   5.8521283930826149        1.3623217369322441E-002
   5.8760154457921070        1.3513271681083124E-002
