  0.10000000000000001       0.49394800805397360     
  0.10040817718110437       0.42840590621311991     
  0.10081802044832047       0.35550713349352758     
  0.10122953660223166       0.28044241158412148     
  0.10164273247117964       0.20846557420536566     
  0.10205761491137796       0.14452932901237464     
  0.10247419080702558        9.2953681090694767E-002
  0.10289246707042120        5.7148336905745334E-002
  0.10331245064207799        3.9405697925264563E-002
  0.10373414849083867        4.0775480928099350E-002
  0.10415756761399117        6.1025999844592685E-002
  0.10458271503738485        9.8691142739864818E-002
  0.10500959781554686       0.15119647740248604     
  0.10543822303179938       0.21505306487820419     
  0.10586859779837712       0.28610372326204814     
  0.10630072925654524       0.35980384920743153     
  0.10673462457671801       0.43151756560471333     
  0.10717029095857759       0.49680992407742802     
  0.10760773563119364       0.55171707023344174     
  0.10804696585314330       0.59297852609598234     
  0.10848798891263144       0.61821884943182315     
  0.10893081212761184       0.62606964646922014     
  0.10937544284590843       0.61622697503896628     
  0.10982188844533726       0.58944330959391522     
  0.11027015633382903       0.54745719261214765     
  0.11072025394955184       0.49286724241282570     
  0.11117218876103470       0.42896013979979042     
  0.11162596826729153       0.35950443812878002     
  0.11208159999794542       0.28852344924226458     
  0.11253909151335369       0.22006102088369170     
  0.11299845040473337       0.15795376071318953     
  0.11345968429428700       0.10562224504204107     
  0.11392280083532935        6.5892082662695473E-002
  0.11438780771241415        4.0853520993328299E-002
  0.11485471264146174        3.1765738016605351E-002
  0.11532352336988719        3.9009223249631395E-002
  0.11579424767672861        6.2086877620443556E-002
  0.11626689337277650        9.9671809299323413E-002
  0.11674146830070313       0.14969740642973259     
  0.11721798033519278       0.20948324094700352     
  0.11769643738307244       0.27588878503145065     
  0.11817684738344295       0.34548585772901341     
  0.11865921830781066       0.41474018758143283     
  0.11914355816021997       0.48019247176219437     
  0.11962987497738581       0.53862980019127815     
  0.12011817682882717       0.58723923817031809     
  0.12060847181700105       0.62373664852798083     
  0.12110076807743671       0.64646539618913379     
  0.12159507377887094       0.65446131890616788     
  0.12209139712338332       0.64748216981532403     
  0.12258974634653247       0.62600154557421717     
  0.12309012971749274       0.59116902055489251     
  0.12359255553919130       0.54473973651512730     
  0.12409703214844603       0.48897798599373032     
  0.12460356791610375       0.42654033000474328     
  0.12511217124717913       0.36034447706050049     
  0.12562285058099434       0.29343050883284078     
  0.12613561439131882       0.22882107189667114     
  0.12665047118650996       0.16938688389651912     
  0.12716742950965446       0.11772335786856530     
  0.12768649793870987        7.6043372423958436E-002
  0.12820768508664696        4.6090257740226848E-002
  0.12873099960159279        2.9073982236392376E-002
  0.12925645016697404        2.5632368727754755E-002
  0.12978404550166117        3.5817997269657773E-002
  0.13031379436011306        5.9110317079166544E-002
  0.13084570553252231        9.4451438839549429E-002
  0.13137978784496107       0.14030315135227273     
  0.13191605015952751       0.19472193473811344     
  0.13245450137449291       0.25544814911453051     
  0.13299515042444918       0.32000517658403282     
  0.13353800628045717       0.38580409006753935     
  0.13408307795019572       0.45024941103728477     
  0.13463037447811083       0.51084168783688666     
  0.13517990494556581       0.56527295865909721     
  0.13573167847099218       0.61151163465080682     
  0.13628570421004074       0.64787392131926924     
  0.13684199135573349       0.67307956017656867     
  0.13740054913861643       0.68629038602274073     
  0.13796138682691236       0.68713092731020464     
  0.13852451372667493       0.67569099799447596     
  0.13908993918194296       0.65251091202211553     
  0.13965767257489561       0.61855057239783851     
  0.14022772332600780       0.57514422592737002     
  0.14080010089420669       0.52394311707673213     
  0.14137481477702879       0.46684860948796281     
  0.14195187451077720       0.40593856588113969     
  0.14253128967068007       0.34338988530396514     
  0.14311306987104958       0.28140009420798684     
  0.14369722476544117       0.22211078172287779     
  0.14428376404681392       0.16753547013413633     
  0.14487269744769149       0.11949423195810623     
  0.14546403474032335        7.9557020130926664E-002
  0.14605778573684705        4.8997283932007960E-002
  0.14665396028945119        2.8757017189047947E-002
  0.14725256829053859        1.9423943838721210E-002
  0.14785361967289068        2.1221105181899878E-002
  0.14845712440983222        3.4008688145963722E-002
  0.14906309251539690        5.7297537928179293E-002
  0.14967153404449324        9.0273442988282188E-002
  0.15028245909307170       0.13183097475528369     
  0.15089587779829214       0.18061541555925470     
  0.15151180033869191       0.23507112076257236     
  0.15213023693435482       0.29349453706992967     
  0.15275119784708088       0.35409003852534010     
  0.15337469338055626       0.41502674267783629     
  0.15400073388052446       0.47449452789863078     
  0.15462932973495802       0.53075758337780488     
  0.15526049137423079       0.58220397916840694     
  0.15589422927129087       0.62738993707568236     
  0.15653055394183482       0.66507770587222947     
  0.15716947594448166       0.69426618759713232     
  0.15781100588094832       0.71421371688565061     
  0.15845515439622559       0.72445265393850322     
  0.15910193217875471       0.72479570593027154     
  0.15975134996060453       0.71533413412120184     
  0.16040341851764989       0.69642822828512230     
  0.16105814866975027       0.66869063089496372     
  0.16171555128092935       0.63296326648691792     
  0.16237563725955523       0.59028877354378650     
  0.16303841755852153       0.54187744501403678     
  0.16370390317542910       0.48907075823436835     
  0.16437210515276834       0.43330261561063094     
  0.16504303457810285       0.37605942496054107     
  0.16571670258425286       0.31884012481266272     
  0.16639312034948034       0.26311720780953535     
  0.16707229909767446       0.21029971790574550     
  0.16775425009853762       0.16169909797973772     
  0.16843898466777257       0.11849864781744016     
  0.16912651416727026        8.1727222395718391E-002
  0.16981685000529834        5.2237661276580562E-002
  0.17051000363669019        3.0690295941403108E-002
  0.17120598656303537        1.7541737103673079E-002
  0.17190481033287031        1.3039002228985614E-002
  0.17260648654186983        1.7218908107902539E-002
  0.17331102683303970        2.9912527407968219E-002
  0.17401844289690985        5.0754394254434440E-002
  0.17472874647172817        7.9196044145891056E-002
  0.17544194934365545       0.11452338948583873     
  0.17615806334696094       0.15587736478250674     
  0.17687710036421864       0.20227722571950488     
  0.17759907232650440       0.25264585394103428     
  0.17832399121359424       0.30583640419961111     
  0.17905186905416270       0.36065963175964655     
  0.17978271792598266       0.41591125456573841     
  0.18051654995612570       0.47039873530579113     
  0.18125337732116351       0.52296691152247576     
  0.18199321224736950       0.57252195556872665     
  0.18273606701092207       0.61805320855426293     
  0.18348195393810826       0.65865250151410493     
  0.18423088540552804       0.69353065085119081     
  0.18498287384029991       0.72203089170160539     
  0.18573793172026712       0.74363909035241305     
  0.18649607157420448       0.75799065343470773     
  0.18725730598202642       0.76487412568636759     
  0.18802164757499584       0.76423153817039002     
  0.18878910903593346       0.75615563367733818     
  0.18955970309942835       0.74088415456930712     
  0.19033344255204943       0.71879142968724907     
  0.19111034023255730       0.69037754050688860     
  0.19189040903211749       0.65625538206747169     
  0.19267366189451438       0.61713596109427915     
  0.19346011181636599       0.57381229216663687     
  0.19424977184733941       0.52714226290438904     
  0.19504265509036750       0.47803084127681345     
  0.19583877470186650       0.42741199274092195     
  0.19663814389195391       0.37623066257689397     
  0.19744077592466802       0.32542516019151757     
  0.19824668411818794       0.27591025807312847     
  0.19905588184505443       0.22856128932289177     
  0.19986838253239200       0.18419949511703643     
  0.20068419966213161       0.14357883794446052     
  0.20150334677123438       0.10737445888452282     
  0.20232583745191612        7.6172918389465882E-002
  0.20315168535187320        5.0464320828310483E-002
  0.20398090417450848        3.0636384198305198E-002
  0.20481350767915915        1.6970478619264564E-002
  0.20564950968132489        9.6396211300281420E-003
  0.20648892405289709        8.7083804618784018E-003
  0.20733176472238896        1.4134614347446213E-002
  0.20817804567516671        2.5772933927581530E-002
  0.20902778095368180        4.3379765249581446E-002
  0.20988098465770355        6.6619856930681898E-002
  0.21073767094455342        9.5074065931248772E-002
  0.21159785402933992       0.12824824010482966     
  0.21246154818519422       0.16558300675550858     
  0.21332876774350720       0.20646427075822374     
  0.21419952709416737       0.25023422374420784     
  0.21507384068579924       0.29620266722831751     
  0.21595172302600341       0.34365845711706977     
  0.21683318868159726       0.39188088450763592     
  0.21771825227885655       0.44015081775976433     
  0.21860692850375804       0.48776144316304826     
  0.21949923210222347       0.53402845578403824     
  0.22039517788036408       0.57829956790649750     
  0.22129478070472614       0.61996321951757616     
  0.22219805550253774       0.65845639319120264     
  0.22310501726195672       0.69327145413634983     
  0.22401568103231900       0.72396195478712067     
  0.22493006192438844       0.75014736180719510     
  0.22584817511060773       0.77151668148076591     
  0.22677003582534988       0.78783097690900616     
  0.22769565936517111       0.79892478699706715     
  0.22862506108906488       0.80470647270315543     
  0.22955825641871638       0.80515753026097570     
  0.23049526083875860       0.80033092394296435     
  0.23143608989702943       0.79034850229896514     
  0.23238075920482931       0.77539757160786593     
  0.23332928443718048       0.75572670847187318     
  0.23428168133308711       0.73164090004620286     
  0.23523796569579644       0.70349610533769225     
  0.23619815339306083       0.67169333435555378     
  0.23716226035740115       0.63667234370783277     
  0.23813030258637141       0.59890504758014251     
  0.23910229614282377       0.55888874199558292     
  0.24007825715517533       0.51713923793927430     
  0.24105820181767584       0.47418399544937340     
  0.24204214639067612       0.43055534625146996     
  0.24303010720089804       0.38678388707238825     
  0.24402210064170560       0.34339211954500742     
  0.24501814317337661       0.30088840574129316     
  0.24601825132337590       0.25976130098051509     
  0.24702244168662996       0.22047431778375925     
  0.24803073092580163       0.18346116681352548     
  0.24904313577156709       0.14912151246874694     
  0.25005967302289334       0.11781727261806710     
  0.25108035954731700        8.9869483854036591E-002
  0.25210521228122396        6.5555745738163834E-002
  0.25313424823013059        4.5108249870055586E-002
  0.25416748446896609        2.8712392334096812E-002
  0.25520493814235545        1.6505961222845388E-002
  0.25624662646490398        8.5788845673891220E-003
  0.25729256672148348        4.9735181699361048E-003
  0.25834277626751834        5.6854475714514926E-003
  0.25939727252927380        1.0664773725985545E-002
  0.26045607300414547        1.9817847912430318E-002
  0.26151919526094891        3.3009418003751914E-002
  0.26258665694021183        5.0065145434782889E-002
  0.26365847575446660        7.0774450055735655E-002
  0.26473466948854396        9.4893638516259968E-002
  0.26581525599986822       0.12214927087356174     
  0.26690025321875377       0.15224171973208545     
  0.26798967914870253       0.18484887637041045     
  0.26908355186670235       0.21962995895800375     
  0.27018188952352734       0.25622937907196403     
  0.27128471034403900       0.29428062424965717     
  0.27239203262748851       0.33341011621466832     
  0.27350387474782023       0.37324100664499216     
  0.27462025515397709       0.41339687486895482     
  0.27574119237020622       0.45350529462989325     
  0.27686670499636645       0.49320124001000476     
  0.27799681170823720       0.53213030370295544     
  0.27913153125782791       0.56995170403019912     
  0.28027088247368953       0.60634106036710367     
  0.28141488426122702       0.64099291994247687     
  0.28256355560301261       0.67362302226203608     
  0.28371691555910122       0.70397029064960082     
  0.28487498326734656       0.73179854356711238     
  0.28603777794371876       0.75689792143854728     
  0.28720531888262307       0.77908602763811918     
  0.28837762545721990       0.79820878508744175     
  0.28955471711974690       0.81414101252102222     
  0.29073661340184104       0.82678672690872768     
  0.29192333391486291       0.83607918075466781     
  0.29311489835022253       0.84198064501460967     
  0.29431132647970543       0.84448195018148553     
  0.29551263815580109       0.84360179967652149     
  0.29671885331203263       0.83938587104998863     
  0.29792999196328690       0.83190572164138277     
  0.29914607420614708       0.82125751627645349     
  0.30036712021922612       0.80756059529292656     
  0.30159315026350136       0.79095590169414554     
  0.30282418468265071       0.77160428653878188     
  0.30406024390339059       0.74968471179417151     
  0.30530134843581452       0.72539236982194288     
  0.30654751887373349       0.69893673843868609     
  0.30779877589501764       0.67053959011408004     
  0.30905514026193970       0.64043297334733196     
  0.31031663282151906       0.60885718361341035     
  0.31158327450586787       0.57605874050706551     
  0.31285508633253861       0.54228838684926794     
  0.31413208940487242       0.50779912457103238     
  0.31541430491234945       0.47284430116757864     
  0.31670175413094059       0.43767575943476478     
  0.31799445842346041       0.40254206207275262     
  0.31929243923992134       0.36768680158204936     
  0.32059571811789023       0.33334700469510720     
  0.32190431668284508       0.29975163939608301     
  0.32321825664853443       0.26712023139052943     
  0.32453755981733712       0.23566159570753364     
  0.32586224808062436       0.20557268795740363     
  0.32719234341912323       0.17703757863691166     
  0.32852786790328065       0.15022655277929889     
  0.32986884369363056       0.12529533619392769     
  0.33121529304116082       0.10238444853720113     
  0.33256723828768275        8.1618682506473444E-002
  0.33392470186620210        6.3106707557411296E-002
  0.33528770630129073        4.6940795715164997E-002
  0.33665627420946076        3.3196666284360368E-002
  0.33803042829953994        2.1933445563912350E-002
  0.33941019137304806        1.3193737041466189E-002
  0.34079558632457546        7.0037969797048733E-003
  0.34218663614216327        3.3738098128183527E-003
  0.34358336390768413        2.2982573457223897E-003
  0.34498579279722608        3.7563753901551714E-003
  0.34639394608147639        7.7126911791592870E-003
  0.34780784712610791        1.4117634672794243E-002
  0.34922751939216706        2.2908216700999122E-002
  0.35065298643646264        3.4008766781727318E-002
  0.35208427191195729        4.7331723401109041E-002
  0.35352139956815942        6.2778469544051252E-002
  0.35496439325151735        8.0240206315485521E-002
  0.35641327690581565        9.9598857590649140E-002
  0.35786807457257153       0.12072799877380455     
  0.35932881039143427       0.14349380292526462     
  0.36079550860058590       0.16775599773247446     
  0.36226819353714296       0.19336882704866240     
  0.36374688963756052       0.22018201099857254     
  0.36523162143803800       0.24804169895121048     
  0.36672241357492547       0.27679140998087415     
  0.36821929078513355       0.30627295577662622     
  0.36972227790654283       0.33632734131309272     
  0.37123139987841652       0.36679563895915029     
  0.37274668174181458       0.39751983207235214     
  0.37426814864000829       0.42834362450282965     
  0.37579582581889864       0.45911321280847328     
  0.37732973862743413       0.48967801836016028     
  0.37886991251803198       0.51989137689004894     
  0.38041637304700071       0.54961118340440840     
  0.38196914587496344       0.57870049074373386     
  0.38352825676728425       0.60702806042472146     
  0.38509373159449567       0.63446886473935771     
  0.38666559633272773       0.66090453941480443     
  0.38824387706413899       0.68622378645210425     
  0.38982859997734975       0.71032272706114052     
  0.39141979136787586       0.73310520489292308     
  0.39301747763856587       0.75448304003695510     
  0.39462168530003849       0.77437623450088622     
  0.39623244097112265       0.79271313012131861     
  0.39784977137929967       0.80943052006804361     
  0.39947370336114574       0.82447371529903635     
  0.40110426386277853       0.83779656750035780     
  0.40274147994030307       0.84936145020333931     
  0.40438537876026137       0.85913919991173859     
  0.40603598760008325       0.86710901919373207     
  0.40769333384853856       0.87325834379846545     
  0.40935744500619187       0.87758267594453987     
  0.41102834868585908       0.88008538599897113     
  0.41270607261306486       0.88077748482034213     
  0.41439064462650332       0.87967736907978988     
  0.41608209267850005       0.87681054189874441     
  0.41778044483547516       0.87220931115376854     
  0.41948572927840988       0.86591246779720377     
  0.42119797430331363       0.85796494652840338     
  0.42291720832169355       0.84841747112491328     
  0.42464345986102636       0.83732618670693815     
  0.42637675756523108       0.82475228116265897     
  0.42811713019514508       0.81076159790710522     
  0.42986460662900056       0.79542424208456963     
  0.43161921586290408       0.77881418225419419     
  0.43338098701131811       0.76100884952194303     
  0.43514994930754325       0.74208873599976233     
  0.43692613210420378       0.72213699438554280     
  0.43870956487373508       0.70123904036629281     
  0.44050027720887197       0.67948215945209944     
  0.44229829882313998       0.65695511975106557     
  0.44410365955134889       0.63374779209589227     
  0.44591638935008682       0.60995077883197624     
  0.44773651829821842       0.58565505247502392     
  0.44956407659738296       0.56095160534442123     
  0.45139909457249600       0.53593111117679015     
  0.45324160267225266       0.51068359962327270     
  0.45509163146963244       0.48529814443460273     
  0.45694921166240710       0.45986256603971687     
  0.45881437407364939       0.43446314912798095     
  0.46068714965224478       0.40918437575135030     
  0.46256756947340538       0.38410867437190860     
  0.46445566473918498       0.35931618519237646     
  0.46635146677899686       0.33488454202249612     
  0.46825500705013429       0.31088867085281147     
  0.47016631713829160       0.28740060522989075     
  0.47208542875808879       0.26448931845305224     
  0.47401237375359806       0.24222057254270704     
  0.47594718409887132       0.22065678386438248     
  0.47788989189847175       0.19985690523063671     
  0.47984052938800570       0.17987632424508918     
  0.48179912893465782       0.16076677759914293     
  0.48376572303772875       0.14257628098234679     
  0.48574034432917323       0.12534907422182678     
  0.48772302557414277       0.10912558122468392     
  0.48971379967152823        9.3942384259944903E-002
  0.49171269965450648        7.9832212082997692E-002
  0.49371975869108847        6.6823941375881241E-002
  0.49573501008466908        5.4942610950781456E-002
  0.49775848727458005        4.4209448141925699E-002
  0.49979022383664523        3.4641906792210311E-002
  0.50183025348373689        2.6253716225643160E-002
  0.50387861006633561        1.9054940584498838E-002
  0.50593532757309234        1.3052047901204284E-002
  0.50800044013139123        8.2479882689158613E-003
  0.51007398200791731        4.6422804716075503E-003
  0.51215598760922409        2.2311064339934419E-003
  0.51424649148230461        1.0074128536073294E-003
  0.51634552831516523        9.6101938176051775E-004
  0.51845313293740036        2.0787327266566262E-003
  0.52056934032077162        4.3444660605842398E-003
  0.52269418557978653        7.7393631236024546E-003
  0.52482770397228251        1.2241926428393980E-002
  0.52696993090001132        1.7828148984794415E-002
  0.52912090190922667        2.4471648977761440E-002
  0.53128065269127367        3.2143806849118578E-002
  0.53344921908318188        4.0813904251105454E-002
  0.53562663706825886        5.0449264358492285E-002
  0.53781294277668812        6.1015393045609337E-002
  0.54000817248612853        7.2476120454975812E-002
  0.54221236262231554        8.4793742505211628E-002
  0.54442554975966673        9.7929161907399850E-002
  0.54664777062188774       0.11184202828089747     
  0.54887906208258186       0.12649087698184039     
  0.55111946116586275       0.14183326627991436     
  0.55336900504696696       0.15782591254139272     
  0.55562773105287300       0.17442482309896573     
  0.55789567666291884       0.19158542651118685     
  0.56017287950942463       0.20926269993668856     
  0.56245937737831742       0.22741129337018273     
  0.56475520820975744       0.24598565050907972     
  0.56706041009876806       0.26494012604078598     
  0.56937502129586803       0.28422909916172828     
  0.57169908020770599       0.30380708315958393     
  0.57403262539769728       0.32362883091005418     
  0.57637569558666502       0.34364943615906229     
  0.57872832965348131       0.36382443047981128     
  0.58109056663571335       0.38410987581252121     
  0.58346244573027040       0.40446245251199853     
  0.58584400629405475       0.42483954284514941     
  0.58823528784461476       0.44519930989656065     
  0.59063633006079996       0.46550077185581046     
  0.59304717278342045       0.48570387167479795     
  0.59546785601590702       0.50576954209737635     
  0.59789841992497528       0.52565976607680587     
  0.60033890484129260       0.54533763260904278     
  0.60278935126014666       0.56476738802159632     
  0.60524979984211758       0.58391448276878077     
  0.60772029141375294       0.60274561379439184     
  0.61020086696824494       0.62122876253247505     
  0.61269156766611022       0.63933322862564956     
  0.61519243483587394       0.65702965944868696     
  0.61770350997475421       0.67429007553238896     
  0.62022483474935197       0.69108789198974852     
  0.62275645099634114       0.70739793605240897     
  0.62529840072316345       0.72319646083097855     
  0.62785072610872605       0.73846115541767976     
  0.63041346950409982       0.75317115145404590     
  0.63298667343322390       0.76730702629009118     
  0.63557038059361004       0.78085080286459618     
  0.63816463385705124       0.79378594643869116     
  0.64076947627033398       0.80609735831707463     
  0.64338495105595150       0.81777136669279860     
  0.64601110161282127       0.82879571475272673     
  0.64864797151700582       0.83915954618146171     
  0.65129560452243462       0.84885338820178491     
  0.65395404456163087       0.85786913228965589     
  0.65662333574644061       0.86620001270118008     
  0.65930352236876377       0.87384058294823941     
  0.66199464890129045       0.88078669035824730     
  0.66469675999823752       0.88703544885202779     
  0.66740990049609028       0.89258521007206937     
  0.67013411541434675       0.89743553299135936     
  0.67286944995626363       0.90158715213075280     
  0.67561594950960757       0.90504194451031839     
  0.67837365964740748       0.90780289545742909     
  0.68114262612871068       0.90987406339146193     
  0.68392289489934310       0.91126054370195197     
  0.68671451209267076       0.91196843183381526     
  0.68951752403036504       0.91200478568997267     
  0.69233197722317286       0.91137758745822983     
  0.69515791837168661       0.91009570496576708     
  0.69799539436711988       0.90816885266094372     
  0.70084445229208592       0.90560755231845902     
  0.70370513942137802       0.90242309356016293     
  0.70657750322275481       0.89862749428001554     
  0.70946159135772713       0.89423346105792656     
  0.71235745168234910       0.88925434964332639     
  0.71526513224801314       0.88370412558553568     
  0.71818468130224533       0.87759732508416100     
  0.72111614728950835       0.87094901612891695     
  0.72405957885200312       0.86377475999454012     
  0.72701502483047720       0.85609057315265036     
  0.72998253426503557       0.84791288965875133     
  0.73296215639595286       0.83925852406888468     
  0.73595394066449149       0.83014463493685520     
  0.73895793671372234       0.82058868893937575     
  0.74197419438934753       0.81060842567306379     
  0.74500276374052765       0.80022182316374046     
  0.74804369502071344       0.78944706412524146     
  0.75109703868847777       0.77830250300164139     
  0.75416284540835488       0.76680663382364345     
  0.75724116605167924       0.75497805890689251     
  0.76033205169743068       0.74283545841686138     
  0.76343555363308235       0.73039756082218310     
  0.76655172335545019       0.71768311425547981     
  0.76968061257154952       0.70471085879801643     
  0.77282227319945096       0.69149949970196523     
  0.77597675736914307       0.67806768156153874     
  0.77914411742339751       0.66443396344184835     
  0.78232440591863694       0.65061679497210667     
  0.78551767562580699       0.63663449340750400     
  0.78872397953125306       0.62250522166209132     
  0.79194337083759792       0.60824696731297023     
  0.79517590296462559       0.59387752257415027     
  0.79842162955016782       0.57941446523670392     
  0.80168060445099321       0.56487514057013977     
  0.80495288174370172       0.55027664417825273     
  0.80823851572562166       0.53563580580125447     
  0.81153756091571005       0.52096917405456611     
  0.81485007205545901       0.50629300209326633     
  0.81817610410980179       0.49162323419005255     
  0.82151571226802678       0.47697549321329025     
  0.82486895194469190       0.46236506899079333     
  0.82823587878054472       0.44780690754384711     
  0.83161654864344625       0.43331560117523171     
  0.83501101762929653       0.41890537939404160     
  0.83841934206296653       0.40459010065941259     
  0.84184157849923302       0.39038324492459836     
  0.84527778372371576       0.37629790696215237     
  0.84872801475382054       0.36234679045055496     
  0.85219232883968588       0.34854220280198089     
  0.85567078346513115       0.33489605071067569     
  0.85916343634861292       0.32141983640090155     
  0.86267034544418009       0.30812465455320076     
  0.86619156894243732       0.29502118988747322     
  0.86972716527151039       0.28211971538115715     
  0.87327719309801433       0.26943009110068938     
  0.87684171132802924       0.25696176362432915     
  0.88042077910807537       0.24472376603436946     
  0.88401445582609561       0.23272471845679379     
  0.88762280111244185       0.22097282912644331     
  0.89124587484086226       0.20947589595589469     
  0.89488373712949654       0.19824130858627734     
  0.89853644834187318       0.18727605089852972     
  0.90220406908791040       0.17658670396367340     
  0.90588666022492215       0.16617944941094828     
  0.90958428285862880       0.15606007319291179     
  0.91329699834416944       0.14623396972683428     
  0.91702486828712149       0.13670614639202228     
  0.92076795454452198       0.12748122836305925     
  0.92452631922589401       0.11856346375923850     
  0.92830002469427830       0.10995672909083676     
  0.93208913356726641       0.10166453498327144     
  0.93589370871804145        9.3690032160520104E-002
  0.93971381327641990        8.6036017669648995E-002
  0.94354951062989978        7.8704941328648192E-002
  0.94740086442471305        7.1698912380232474E-002
  0.95126793856688030        6.5019706334705232E-002
  0.95515079722327212        5.8668771985383228E-002
  0.95904950482267404        5.2647238580584309E-002
  0.96296412605685466        4.6955923136597286E-002
  0.96689472588163972        4.1595337876521234E-002
  0.97084136951799027        3.6565697780330281E-002
  0.97480412245308368        3.1866928231987564E-002
  0.97878305044140190        2.7498672749878703E-002
  0.98277821950582100        2.3460300787328352E-002
  0.98678969593870736        1.9750915590416647E-002
  0.99081754630301844        1.6369362100772042E-002
  0.99486183743340539        1.3314234891495793E-002
  0.99892263643732426        1.0583886124819834E-002
   1.0030000106961476        8.1764335205672823E-003
   1.0070940278662834        6.0897683249293852E-003
   1.0112047558802988        4.3215632695267400E-003
   1.0153322629480441        2.8692805111666308E-003
   1.0194766175577885        1.7301795431361624E-003
   1.0236378884773538        9.0132506931606148E-004
   1.0278161447552574        3.7959483281209015E-004
   1.0320114557218547        1.6168739122560637E-004
   1.0362238909904942        2.4412983109086902E-004
   1.0404535204586696        6.2328541441182875E-004
   1.0447004143091787        1.2953611506215769E-003
   1.0489646430112913        2.2564152876771550E-003
   1.0532462773219167        3.5023647163774157E-003
   1.0575453882867758        5.0289922823581580E-003
   1.0618620472415838        6.8319540005848389E-003
   1.0661963258132321        8.9067861675060506E-003
   1.0705482959209747        1.1248912366374441E-002
   1.0749180297776255        1.3853650361578280E-002
   1.0793055998907541        1.6716218878145155E-002
   1.0837110790638902        1.9831744262888640E-002
   1.0881345403977287        2.3195267023979629E-002
   1.0925760572913470        2.6801748246022345E-002
   1.0970357034434204        3.0646075877978917E-002
   1.1015135528534441        3.4723070891587389E-002
   1.1060096798229635        3.9027493308163637E-002
   1.1105241589568067        4.3554048091958161E-002
   1.1150570651643195        4.8297390908441075E-002
   1.1196084736606120        5.3252133746191206E-002
   1.1241784599678060        5.8412850401234846E-002
   1.1287670999162849        6.3774081822925960E-002
   1.1333744696459565        6.9330341320680805E-002
   1.1380006456075142        7.5076119631056107E-002
   1.1426457045637044        8.1005889844867771E-002
   1.1473097235906025        8.7114112194241353E-002
   1.1519927800788912        9.3395238699640934E-002
   1.1566949517351428        9.9843717677096808E-002
   1.1614163165831117       0.10645399810603745     
   1.1661569529650266       0.11322053385824549     
   1.1709169395428922       0.12013778778861657     
   1.1756963552997917       0.12720023568856173     
   1.1804952795412009       0.13440237010298550     
   1.1853137918963028       0.14173870401190555     
   1.1901519723193061       0.14920377437791246     
   1.1950099010907769       0.15679214556076659     
   1.1998876588189678       0.16449841260051037     
   1.2047853264411541       0.17231720437059364     
   1.2097029852249803       0.18024318660261593     
   1.2146407167698074       0.18827106478430558     
   1.2195986030080641       0.19639558693250755     
   1.2245767262066105       0.20461154624297989     
   1.2295751689681005       0.21291378361887459     
   1.2345940142323542       0.22129719007984383     
   1.2396333452777308       0.22975670905373630     
   1.2446932457225151       0.23828733855297882     
   1.2497737995263021       0.24688413323766828     
   1.2548750909913893       0.25554220636753344     
   1.2599972047641785       0.26425673164492658     
   1.2651402258365791       0.27302294495102875     
   1.2703042395474162       0.28183614597748058     
   1.2754893315838498       0.29069169975571574     
   1.2806955879827961       0.29958503808621750     
   1.2859230951323521       0.30851166087000503     
   1.2911719397732333       0.31746713734463489     
   1.2964422090002106       0.32644710722700826     
   1.3017339902635547       0.33544728176529776     
   1.3070473713704895       0.34446344470230511     
   1.3123824404866489       0.35349145315255193     
   1.3177392861375357       0.36252723839540130     
   1.3231179972099965       0.37156680658653141     
   1.3285186629536925       0.38060623939003141     
   1.3339413729825829       0.38964169453341091     
   1.3393862172764077       0.39866940628778808     
   1.3448532861821869       0.40768568587551079     
   1.3503426704157151       0.41668692180746475     
   1.3558544610630672       0.42566958015223405     
   1.3613887495821120       0.43463020473938979     
   1.3669456278040288       0.44356541729902171     
   1.3725251879348284       0.45247191753967753     
   1.3781275225568879       0.46134648316687532     
   1.3837527246304846       0.47018596984423289     
   1.3894008874953359       0.47898731109932968     
   1.3950721048721533       0.48774751817634032     
   1.4007664708641934       0.49646367983743900     
   1.4064840799588225       0.50513296211497904     
   1.4122250270290799       0.51375260801639222     
   1.4179894073352572       0.52231993718373193     
   1.4237773165264773       0.53083234550975322     
   1.4295888506422783       0.53928730471237363     
   1.4354241061142121       0.54768236186935559     
   1.4412831797674421       0.55601513891498122     
   1.4471661688223481       0.56428333210047255     
   1.4530731708961429       0.57248471141988766     
   1.4590042840044910       0.58061712000316290     
   1.4649596065631323       0.58867847347793678     
   1.4709392373895191       0.59666675930179591     
   1.4769432757044543       0.60458003606647970     
   1.4829718211337348       0.61241643277560365     
   1.4890249737098105       0.62017414809739990     
   1.4951028338734396       0.62785144959392558     
   1.5012055024753554       0.63544667292817614     
   1.5073330807779428       0.64295822105050859     
   1.5134856704569155       0.65038456336569750     
   1.5196633736030056       0.65772423488197884     
   1.5258662927236537       0.66497583534333315     
   1.5320945307447145       0.67213802834628988     
   1.5383481910121630       0.67920954044244064     
   1.5446273772938062       0.68618916022784338     
   1.5509321937810101       0.69307573742047968     
   1.5572627450904259       0.69986818192685396     
   1.5636191362657244       0.70656546289881539     
   1.5700014727793419       0.71316660778165619     
   1.5764098605342303       0.71967070135448508     
   1.5828444058656099       0.72607688476384624     
   1.5893052155427401       0.73238435455154949     
   1.5957923967706868       0.73859236167760323     
   1.6023060571921037       0.74470021053914126     
   1.6088463048890147       0.75070725798619375     
   1.6154132483846122       0.75661291233511974     
   1.6220069966450557       0.76241663238049828     
   1.6286276590812767       0.76811792640622023     
   1.6352753455508005       0.77371635119654592     
   1.6419501663595648       0.77921151104779884     
   1.6486522322637496       0.78460305678139286     
   1.6553816544716176       0.78989068475883439     
   1.6621385446453594       0.79507413589932208     
   1.6689230149029417       0.80015319470054336     
   1.6757351778199741       0.80512768826324033     
   1.6825751464315746       0.80999748532007698     
   1.6894430342342412       0.81476249526935263     
   1.6963389551877424       0.81942266721403179     
   1.7032630237170037       0.82397798900660058     
   1.7102153547140044       0.82842848630014754     
   1.7171960635396897       0.83277422160616821     
   1.7242052660258809       0.83701529335943281     
   1.7312430784771990       0.84115183499034174     
   1.7383096176729915       0.84518401400513865     
   1.7454050008692747       0.84911203107429301     
   1.7525293458006783       0.85293611912942247     
   1.7596827706823941       0.85665654246901823     
   1.7668653942121444       0.86027359587330210     
   1.7740773355721486       0.86378760372845165     
   1.7813187144310982       0.86719891916036984     
   1.7885896509461472       0.87050792317883252     
   1.7958902657649043       0.87371502383072575     
   1.8032206800274309       0.87682065536456644     
   1.8105810153682576       0.87982527740503014     
   1.8179713939183981       0.88272937413822583     
   1.8253919383073787       0.88553345350778789     
   1.8328427716652678       0.88823804642193760     
   1.8403240176247260       0.89084370597163631     
   1.8478358003230537       0.89335100665994671     
   1.8553782444042495       0.89576054364272018     
   1.8629514750210820       0.89807293198069083     
   1.8705556178371661       0.90028880590306193     
   1.8781907990290427       0.90240881808266060     
   1.8858571452882809       0.90443363892270889     
   1.8935547838235744       0.90636395585526930     
   1.9012838423628520       0.90820047265139814     
   1.9090444491554013       0.90994390874303943     
   1.9168367329739937       0.91159499855667181     
   1.9246608231170197       0.91315449085872735     
   1.9325168494106386       0.91462314811276901     
   1.9404049422109304       0.91600174584844762     
   1.9483252324060565       0.91729107204218530     
   1.9562778514184365       0.91849192650959799     
   1.9642629312069249       0.91960512030960595     
   1.9722806042690040       0.92063147516020150     
   1.9803310036429771       0.92157182286583428     
   1.9884142629101824       0.92242700475635730     
   1.9965305161972071       0.92319787113748430     
   2.0046798981781091       0.92388528075269072     
   2.0128625440766581       0.92449010025649514     
   2.0210785896685763       0.92501320369905127     
   2.0293281712837890       0.92545547202196199     
   2.0376114258086915       0.92581779256524788     
   2.0459284906884188       0.92610105858537428     
   2.0542795039291217       0.92630616878424721     
   2.0626646041002639       0.92643402684908682     
   2.0710839303369175       0.92648554100307889     
   2.0795376223420732       0.92646162356670203     
   2.0880258203889532       0.92636319052962057     
   2.0965486653233478       0.92619116113304656     
   2.1051062985659468       0.92594645746245030     
   2.1136988621146831       0.92563000405050644     
   2.1223264985470975       0.92524272749016545     
   2.1309893510226989       0.92478555605772139     
   2.1396875632853374       0.92425941934577527     
   2.1484212796655959       0.92366524790594384     
   2.1571906450831819       0.92300397290121061     
   2.1659958050493291       0.92227652576778996     
   2.1748369056692178       0.92148383788636756     
   2.1837140936443968       0.92062684026260211     
   2.1926275162752127       0.91970646321674765     
   2.2015773214632635       0.91872363608226437     
   2.2105636577138457       0.91767928691330547     
   2.2195866741384194       0.91657434220091960     
   2.2286465204570853       0.91540972659786091     
   2.2377433470010675       0.91418636265185715     
   2.2468773047152077       0.91290517054720621     
   2.2560485451604677       0.91156706785457664     
   2.2652572205164492       0.91017296928886204     
   2.2745034835839171       0.90872378647496133     
   2.2837874877873303       0.90722042772135758     
   2.2931093871773944       0.90566379780135720     
   2.3024693364336155       0.90405479774184416     
   2.3118674908668622       0.90239432461943314     
   2.3213040064219506       0.90068327136387949     
   2.3307790396802273       0.89892252656861349     
   2.3402927478621649       0.89711297430826265     
   2.3498452888299783       0.89525549396304416     
   2.3594368210902377       0.89335096004988079     
   2.3690675037965030       0.89140024206011659     
   2.3787374967519588       0.88940420430370537     
   2.3884469604120731       0.88736370575974044     
   2.3981960558872570       0.88527959993319250     
   2.4079849449455333       0.88315273471774491     
   2.4178137900152290       0.88098395226457693     
   2.4276827541876669       0.87877408885699548     
   2.4375920012198664       0.87652397479077315     
   2.4475416955372706       0.87423443426007030     
   2.4575320022364697       0.87190628524884062     
   2.4675630870879357       0.86954033942757125     
   2.4776351165387829       0.86713740205525702     
   2.4877482577155234       0.86469827188648707     
   2.4979026784268394       0.86222374108352906     
   2.5080985471663721       0.85971459513328197     
   2.5183360331155162       0.85717161276900722     
   2.5286153061462220       0.85459556589671126     
   2.5389365368238228       0.85198721952606027     
   2.5492998964098588       0.84934733170574261     
   2.5597055568649218       0.84667665346314247     
   2.5701536908515048       0.84397592874824456     
   2.5806444717368717       0.84124589438163389     
   2.5911780735959340       0.83848728000652095     
   2.6017546712141315       0.83570080804466162     
   2.6123744400903441       0.83288719365608332     
   2.6230375564397970       0.83004714470252250     
   2.6337441971969815       0.82718136171445855     
   2.6444945400185995       0.82429053786167072     
   2.6552887632865070       0.82137535892719737     
   2.6661270461106703       0.81843650328462481     
   2.6770095683321458       0.81547464187860874     
   2.6879365105260575       0.81249043820851941     
   2.6989080540045989       0.80948454831515670     
   2.7099243808200328       0.80645762077041039     
   2.7209856737677236       0.80341029666980457     
   2.7320921163891634       0.80034320962783201     
   2.7432438929750149       0.79725698577599624     
   2.7544411885681774       0.79415224376347826     
   2.7656841889668535       0.79102959476034540     
   2.7769730807276272       0.78788964246324078     
   2.7883080511685678       0.78473298310344197     
   2.7996892883723348       0.78156020545725191     
   2.8111169811892935       0.77837189085861691     
   2.8225913192406575       0.77516861321391484     
   2.8341124929216317       0.77195093901883771     
   2.8456806934045655       0.76871942737729249     
   2.8572961126421350       0.76547463002226768     
   2.8689589433705232       0.76221709133857296     
   2.8806693791126143       0.75894734838741484     
   2.8924276141812122       0.75566593093271384     
   2.9042338436822610       0.75237336146912426     
   2.9160882635180831       0.74907015525168086     
   2.9279910703906258       0.74575682032701618     
   2.9399424618047334       0.74243385756608193     
   2.9519426360714194       0.73910176069833500     
   2.9639917923111532       0.73576101634729929     
   2.9760901304571732       0.73241210406748691     
   2.9882378512587997       0.72905549638258171     
   3.0004351562847607       0.72569165882487607     
   3.0126822479265480       0.72232104997586599     
   3.0249793294017673       0.71894412150798526     
   3.0373266047575087       0.71556131822741653     
   3.0497242788737404       0.71217307811792674     
   3.0621725574667020       0.70877983238569053     
   3.0746716470923223       0.70538200550504004     
   3.0872217551496384       0.70198001526511600     
   3.0998230898842483       0.69857427281735451     
   3.1124758603917613       0.69516518272378014     
   3.1251802766212617       0.69175314300606627     
   3.1379365493788032       0.68833854519530369     
   3.1507448903309023       0.68492177438245350     
   3.1636055120080444       0.68150320926944818     
   3.1765186278082207       0.67808322222088302     
   3.1894844520004644       0.67466217931628214     
   3.2025031997284015       0.67124044040289255     
   3.2155750870138298       0.66781835914897092     
   3.2287003307602982       0.66439628309753385     
   3.2418791487567020       0.66097455372053282     
   3.2551117596809069       0.65755350647342803     
   3.2683983831033703       0.65413347085012119     
   3.2817392394907818       0.65071477043822756     
   3.2951345502097307       0.64729772297464605     
   3.3085845375303724       0.64388264040140619     
   3.3220894246301196       0.64046982892176263     
   3.3356494355973410       0.63705958905650750     
   3.3492647954350852       0.63365221570047803     
   3.3629357300648142       0.63024799817922805     
   3.3766624663301439       0.62684722030584394     
   3.3904452320006189       0.62345016043787893     
   3.4042842557754875       0.62005709153438260     
   3.4181797672874907       0.61666828121300221     
   3.4321319971066844       0.61328399180713078     
   3.4461411767442565       0.60990448042308898     
   3.4602075386563675       0.60652999899731597     
   3.4743313162480152       0.60316079435354086     
   3.4885127438769019       0.59979710825992949     
   3.5027520568573265       0.59643917748618247     
   3.5170494914640815       0.59308723386055984     
   3.5314052849363842       0.58974150432682315     
   3.5458196754818094       0.58640221100107848     
   3.5602929022802345       0.58306957122849490     
   3.5748252054878202       0.57974379763989359     
   3.5894168262409902       0.57642509820818499     
   3.6040680066604258       0.57311367630464505     
   3.6187789898550959       0.56980973075501007     
   3.6335500199262847       0.56651345589537849     
   3.6483813419716364       0.56322504162791764     
   3.6632732020892336       0.55994467347634036     
   3.6782258473816740       0.55667253264116157     
   3.6932395259601685       0.55340879605471194     
   3.7083144869486642       0.55015363643589610     
   3.7234509804879772       0.54690722234469291     
   3.7386492577399353       0.54366971823638188     
   3.7539095708915569       0.54044128451548223     
   3.7692321731592284       0.53722207758940876     
   3.7846173187929102       0.53401224992181762     
   3.8000652630803460       0.53081195008564863     
   3.8155762623513128       0.52762132281584706     
   3.8311505739818670       0.52444050906176032     
   3.8467884563986092       0.52126964603920345     
   3.8624901690829847       0.51810886728218108     
   3.8782559725755825       0.51495830269426535     
   3.8940861284804527       0.51181807859962047     
   3.9099808994694594       0.50868831779366575     
   3.9259405492866346       0.50556913959337735     
   3.9419653427525452       0.50246065988721644     
   3.9580555457687030       0.49936299118468419     
   3.9742114253219660       0.49627624266549414     
   3.9904332494889743       0.49320052022836280     
   4.0067212874405893       0.49013592653940974     
   4.0230758094463717       0.48708256108016346     
   4.0394970868790629       0.48404052019517296     
   4.0559853922190783       0.48100989713921966     
   4.0725409990590427       0.47799078212412749     
   4.0891641821083224       0.47498326236514443     
   4.1058552171975808       0.47198742212696837     
   4.1226143812833644       0.46900334276930589     
   4.1394419524526915       0.46603110279204474     
   4.1563382099276636       0.46307077788000955     
   4.1733034340701094       0.46012244094729371     
   4.1903379063862296       0.45718616218117625     
   4.2074419095312638       0.45426200908562386     
   4.2246157273141920       0.45135004652435584     
   4.2418596447024361       0.44845033676350454     
   4.2591739478265858       0.44556293951384157     
   4.2765589239851547       0.44268791197258200     
   4.2940148616493437       0.43982530886476834     
   4.3115420504678283       0.43697518248422151     
   4.3291407812715565       0.43413758273407821     
   4.3468113460785895       0.43131255716689260     
   4.3645540380989400       0.42850015102431810     
   4.3823691517394279       0.42570040727636743     
   4.4002569826085844       0.42291336666024087     
   4.4182178275215458       0.42013906771873905     
   4.4362519845049730       0.41737754683824790     
   4.4543597528020111       0.41462883828630270     
   4.4725414328772475       0.41189297424873217     
   4.4907973264216903       0.40916998486638040     
   4.5091277363577875       0.40645989827141227     
   4.5275329668444471       0.40376274062319845     
   4.5460133232820850       0.40107853614378586     
   4.5645691123176864       0.39840730715295386     
   4.5832006418499045       0.39574907410285337     
   4.6019082210341660       0.39310385561224043     
   4.6206921602877928       0.39047166850029374     
   4.6395527712951647       0.38785252782002783     
   4.6584903670128890       0.38524644689129611     
   4.6775052616749795       0.38265343733339841     
   4.6965977707980926       0.38007350909727278     
   4.7157682111867478       0.37750667049729902     
   4.7350169009385850       0.37495292824269932     
   4.7543441594496505       0.37241228746854133     
   4.7737503074196939       0.36988475176635349     
   4.7932356668574805       0.36737032321434254     
   4.8128005610861475       0.36486900240722858     
   4.8324453147485658       0.36238078848568905     
   4.8521702538127149       0.35990567916542515     
   4.8719757055771122       0.35744367076583783     
   4.8918619986762248       0.35499475823833593     
   4.9118294630859394       0.35255893519426079     
   4.9318784301290162       0.35013619393244222     
   4.9520092324806102       0.34772652546638216     
   4.9722222041737796       0.34532991955106995     
   4.9925176806050207       0.34294636470943735     
   5.0128959985398502       0.34057584825844528     
   5.0333574961183860       0.33821835633481606     
   5.0539025128609465       0.33587387392040929     
   5.0745313896737043       0.33354238486724203     
   5.0952444688543324       0.33122387192216074     
   5.1160420940976774       0.32891831675116628     
   5.1369246105014765       0.32662569996339275     
   5.1578923645720769       0.32434600113474576     
   5.1789457042301867       0.32207919883120478     
   5.2000849788166388       0.31982527063178640     
   5.2213105390982024       0.31758419315117831     
   5.2426227372734004       0.31535594206204076     
   5.2640219269783390       0.31314049211698880     
   5.2855084632925946       0.31093781717024288     
   5.3070827027450962       0.30874789019896548     
   5.3287450033200381       0.30657068332427984     
   5.3504957244628288       0.30440616783197355     
   5.3723352270860527       0.30225431419289128     
   5.3942638735754480       0.30011509208302506     
   5.4162820277959387       0.29798847040329102     
   5.4383900550976607       0.29587441729901404     
   5.4605883223220175       0.29377290017910879     
   5.4828771978077846       0.29168388573496712     
   5.5052570513972130       0.28960733995905413     
   5.5277282544421542       0.28754322816321443     
   5.5502911798102446       0.28549151499669267     
   5.5729462018910780       0.28345216446387250     
   5.5956936966024218       0.28142513994173390     
   5.6185340413964466       0.27941040419703661     
   5.6414676152660075       0.27740791940322718     
   5.6644947987509173       0.27541764715707684     
   5.6876159739442613       0.27343954849505392     
   5.7108315244987482       0.27147358390942844     
   5.7341418356330687       0.26951971336411601     
   5.7575472941382806       0.26757789631026724     
   5.7810482883842447       0.26564809170159620     
   5.8046452083260549       0.26373025800946004     
   5.8283384455105089       0.26182435323768882     
   5.8521283930826149       0.25993033493716700     
   5.8760154457921070       0.25804816022017441     
