  0.10000000000000001       0.25646664090818283     
  0.10040817718110437       0.34381550415422202     
  0.10081802044832047       0.43214452639723344     
  0.10122953660223166       0.51539743623818968     
  0.10164273247117964       0.58795474637161638     
  0.10205761491137796       0.64500663198950159     
  0.10247419080702558       0.68285942673108213     
  0.10289246707042120       0.69915762250320879     
  0.10331245064207799       0.69300979001603147     
  0.10373414849083867       0.66501379006634087     
  0.10415756761399117       0.61718352898851969     
  0.10458271503738485       0.55278587171232552     
  0.10500959781554686       0.47610177527695374     
  0.10543822303179938       0.39212994420355662     
  0.10586859779837712       0.30625413670657342     
  0.10630072925654524       0.22389657274153096     
  0.10673462457671801       0.15017972032859261     
  0.10717029095857759        8.9617169459502821E-002
  0.10760773563119364        4.5851528253456175E-002
  0.10804696585314330        2.1453542016020788E-002
  0.10848798891263144        1.7792233211156860E-002
  0.10893081212761184        3.4981100973582313E-002
  0.10937544284590843        7.1900614754200065E-002
  0.10982188844533726       0.12629268107462088     
  0.11027015633382903       0.19491871280353468     
  0.11072025394955184       0.27376959618591212     
  0.11117218876103470       0.35831338422348480     
  0.11162596826729153       0.44376503626303510     
  0.11208159999794542       0.52536200072841044     
  0.11253909151335369       0.59862986953103947     
  0.11299845040473337       0.65962363465316098     
  0.11345968429428700       0.70513212164954964     
  0.11392280083532935       0.73283580009454097     
  0.11438780771241415       0.74141119458972704     
  0.11485471264146174       0.73057834962886203     
  0.11532352336988719       0.70109104717122117     
  0.11579424767672861       0.65467255939979851     
  0.11626689337277650       0.59390248428659409     
  0.11674146830070313       0.52206252988396273     
  0.11721798033519278       0.44295088930849591     
  0.11769643738307244       0.36067602234640161     
  0.11817684738344295       0.27944120766499947     
  0.11865921830781066       0.20333116244183680     
  0.11914355816021997       0.13611138577023796     
  0.11962987497738581        8.1049737086387408E-002
  0.12011817682882717        4.0768200760472821E-002
  0.12060847181700105        1.7130917394964196E-002
  0.12110076807743671        1.1172494114321755E-002
  0.12159507377887094        2.3068455040157195E-002
  0.12209139712338332        5.2147570123867608E-002
  0.12258974634653247        9.6943807302860341E-002
  0.12309012971749274       0.15528387783080655     
  0.12359255553919130       0.22440485911744479     
  0.12409703214844603       0.30109523606104915     
  0.12460356791610375       0.38185193320633781     
  0.12511217124717913       0.46304552861799586     
  0.12562285058099434       0.54108583955068457     
  0.12613561439131882       0.61258042595485973     
  0.12665047118650996       0.67447923187984715     
  0.12716742950965446       0.72419952632734186     
  0.12768649793870987       0.75972645483951784     
  0.12820768508664696       0.77968580658999198     
  0.12873099960159279       0.78338697257270895     
  0.12925645016697404       0.77083545346652016     
  0.12978404550166117       0.74271560974515904     
  0.13031379436011306       0.70034557689926191     
  0.13084570553252231       0.64560734888842697     
  0.13137978784496107       0.58085592652796958     
  0.13191605015952751       0.50881210838435975     
  0.13245450137449291       0.43244395472156216     
  0.13299515042444918       0.35484217560085463     
  0.13353800628045717       0.27909468791891479     
  0.13408307795019572       0.20816536753594805     
  0.13463037447811083       0.14478161397725708     
  0.13517990494556581        9.1334774970362131E-002
  0.13573167847099218        4.9796779335609449E-002
  0.13628570421004074        2.1655535358547480E-002
  0.13684199135573349        7.8708047900477619E-003
  0.13740054913861643        8.8513966924168679E-003
  0.13796138682691236        2.4453675288605980E-002
  0.13852451372667493        5.4000573518068862E-002
  0.13908993918194296        9.6319576819667962E-002
  0.13965767257489561       0.14979751257017149     
  0.14022772332600780       0.21244946707966805     
  0.14080010089420669       0.28199876595186946     
  0.14137481477702879       0.35596470120489909     
  0.14195187451077720       0.43175457064352063     
  0.14253128967068007       0.50675660736970618     
  0.14311306987104958       0.57843051132554868     
  0.14369722476544117       0.64439253787303730     
  0.14428376404681392       0.70249243506306147     
  0.14487269744769149       0.75087993360746552     
  0.14546403474032335       0.78805896238138384     
  0.14605778573684705       0.81292826765487580     
  0.14665396028945119       0.82480763640687682     
  0.14725256829053859       0.82344944405158693     
  0.14785361967289068       0.80903574715695215     
  0.14845712440983222       0.78216160662328216     
  0.14906309251539690       0.74380574298776403     
  0.14967153404449324       0.69528998228218186     
  0.15028245909307170       0.63822924019845384     
  0.15089587779829214       0.57447400901776269     
  0.15151180033869191       0.50604745340245783     
  0.15213023693435482       0.43507928793118267     
  0.15275119784708088       0.36373860379140366     
  0.15337469338055626       0.29416773908563576     
  0.15400073388052446       0.22841915333821039     
  0.15462932973495802       0.16839708005728826     
  0.15526049137423079       0.11580550075582119     
  0.15589422927129087        7.2103719532115917E-002
  0.15653055394183482        3.8470529373898277E-002
  0.15716947594448166        1.5777660004230535E-002
  0.15781100588094832        4.5728922448831089E-003
  0.15845515439622559        5.0729248513516900E-003
  0.15910193217875471        1.7165795056091056E-002
  0.15975134996060453        4.0422391100831893E-002
  0.16040341851764989        7.4116360128858916E-002
  0.16105814866975027       0.11725151295936720     
  0.16171555128092935       0.16859566217285715     
  0.16237563725955523       0.22671970396762031     
  0.16303841755852153       0.29004066847807009     
  0.16370390317542910       0.35686741752597484     
  0.16437210515276834       0.42544766183448823     
  0.16504303457810285       0.49401499929606185     
  0.16571670258425286       0.56083473881782864     
  0.16639312034948034       0.62424736673620784     
  0.16707229909767446       0.68270863041921714     
  0.16775425009853762       0.73482535170692942     
  0.16843898466777257       0.77938623630692139     
  0.16912651416727026       0.81538710912851808     
  0.16981685000529834       0.84205017485105071     
  0.17051000363669019       0.85883707302854917     
  0.17120598656303537       0.86545566330365831     
  0.17190481033287031       0.86186063481665820     
  0.17260648654186983       0.84824818111585276     
  0.17331102683303970       0.82504511480762788     
  0.17401844289690985       0.79289291241013060     
  0.17472874647172817       0.75262727756906989     
  0.17544194934365545       0.70525388872831174     
  0.17615806334696094       0.65192105487252539     
  0.17687710036421864       0.59389003997673961     
  0.17759907232650440       0.53250383372103571     
  0.17832399121359424       0.46915514373367706     
  0.17905186905416270       0.40525436439009732     
  0.17978271792598266       0.34219824063877846     
  0.18051654995612570       0.28133989434231865     
  0.18125337732116351       0.22396081731597672     
  0.18199321224736950       0.17124536185952999     
  0.18273606701092207       0.12425817843298026     
  0.18348195393810826        8.3924963557557630E-002
  0.18423088540552804        5.1016791327400890E-002
  0.18498287384029991        2.6138211297692449E-002
  0.18573793172026712        9.7192060437431005E-003
  0.18649607157420448        2.0110152582150098E-003
  0.18725730598202642        3.0857515671749366E-003
  0.18802164757499584        1.2839657770265748E-002
  0.18878910903593346        3.0999787175284621E-002
  0.18955970309942835        5.7133829083876764E-002
  0.19033344255204943        9.0662751020697763E-002
  0.19111034023255730       0.13087588846326037     
  0.19189040903211749       0.17694808186387834     
  0.19267366189451438       0.22795843967209573     
  0.19346011181636599       0.28291029467029094     
  0.19424977184733941       0.34075191884255673     
  0.19504265509036750       0.40039756865688425     
  0.19583877470186650       0.46074844736163745     
  0.19663814389195391       0.52071319287066564     
  0.19744077592466802       0.57922752814053413     
  0.19824668411818794       0.63527274466295791     
  0.19905588184505443       0.68789272780552846     
  0.19986838253239200       0.73620927421273152     
  0.20068419966213161       0.77943549531485612     
  0.20150334677123438       0.81688714619547764     
  0.20232583745191612       0.84799176469421922     
  0.20315168535187320       0.87229555078358501     
  0.20398090417450848       0.88946796014176388     
  0.20481350767915915       0.89930402771455764     
  0.20564950968132489       0.90172447627502783     
  0.20648892405289709       0.89677370100133336     
  0.20733176472238896       0.88461575345150512     
  0.20817804567516671       0.86552847666795585     
  0.20902778095368180       0.83989596724215410     
  0.20988098465770355       0.80819955985406422     
  0.21073767094455342       0.77100754500573865     
  0.21159785402933992       0.72896384141275372     
  0.21246154818519422       0.68277585089875947     
  0.21332876774350720       0.63320172582432321     
  0.21419952709416737       0.58103727730204890     
  0.21507384068579924       0.52710274698740145     
  0.21595172302600341       0.47222965641621151     
  0.21683318868159726       0.41724793604637556     
  0.21771825227885655       0.36297352174007891     
  0.21860692850375804       0.31019658979785447     
  0.21949923210222347       0.25967058323993675     
  0.22039517788036408       0.21210216223716327     
  0.22129478070472614       0.16814219083030957     
  0.22219805550253774       0.12837785073806618     
  0.22310501726195672        9.3325951516495032E-002
  0.22401568103231900        6.3427484949010626E-002
  0.22493006192438844        3.9043450642283317E-002
  0.22584817511060773        2.0451959674540054E-002
  0.22677003582534988        7.8466040507791900E-003
  0.22769565936517111        1.3360618915414513E-003
  0.22862506108906488        9.4489190958313429E-004
  0.22955825641871638        6.6154559670701420E-003
  0.23049526083875860        1.8210895474492172E-002
  0.23143608989702943        3.5519076175528408E-002
  0.23238075920482931        5.8257406510442311E-002
  0.23332928443718048        8.6078427283434400E-002
  0.23428168133308711       0.11857606476551807     
  0.23523796569579644       0.15529243560662631     
  0.23619815339306083       0.19572508994555260     
  0.23716226035740115       0.23933457881045783     
  0.23813030258637141       0.28555223319210798     
  0.23910229614282377       0.33378804492901282     
  0.24007825715517533       0.38343854363518792     
  0.24105820181767584       0.43389456918710412     
  0.24204214639067612       0.48454884561684763     
  0.24303010720089804       0.53480326948127133     
  0.24402210064170560       0.58407583373683258     
  0.24501814317337661       0.63180711669307077     
  0.24601825132337590       0.67746627459210695     
  0.24702244168662996       0.72055648562164154     
  0.24803073092580163       0.76061980257257922     
  0.24904313577156709       0.79724138076898587     
  0.25005967302289334       0.83005305720249511     
  0.25108035954731700       0.85873626588363372     
  0.25210521228122396       0.88302428317537041     
  0.25313424823013059       0.90270380520968252     
  0.25416748446896609       0.91761586732593536     
  0.25520493814235545       0.92765612274430498     
  0.25624662646490398       0.93277450434263165     
  0.25729256672148348       0.93297429939788845     
  0.25834277626751834       0.92831067245212540     
  0.25939727252927380       0.91888867604634594     
  0.26045607300414547       0.90486079292399635     
  0.26151919526094891       0.88642405643800237     
  0.26258665694021183       0.86381679830991986     
  0.26365847575446660       0.83731507460367816     
  0.26473466948854396       0.80722882181333189     
  0.26581525599986822       0.77389779535525649     
  0.26690025321875377       0.73768734253627255     
  0.26798967914870253       0.69898406128147683     
  0.26908355186670235       0.65819139459420073     
  0.27018188952352734       0.61572520893305460     
  0.27128471034403900       0.57200940247863907     
  0.27239203262748851       0.52747158667576011     
  0.27350387474782023       0.48253888152946867     
  0.27462025515397709       0.43763386195660414     
  0.27574119237020622       0.39317068910125097     
  0.27686670499636645       0.34955145696317858     
  0.27799681170823720       0.30716278101174388     
  0.27913153125782791       0.26637265171170266     
  0.28027088247368953       0.22752757211553054     
  0.28141488426122702       0.19094999492134979     
  0.28256355560301261       0.15693607069532922     
  0.28371691555910122       0.12575371534689328     
  0.28487498326734656        9.7641001457320797E-002
  0.28603777794371876        7.2804874724856861E-002
  0.28720531888262307        5.1420193627321982E-002
  0.28837762545721990        3.3629087437957672E-002
  0.28955471711974690        1.9540624979215711E-002
  0.29073661340184104        9.2307839765182198E-003
  0.29192333391486291        2.7427085909780269E-003
  0.29311489835022253        8.7240673819044545E-005
  0.29431132647970543        1.2437085006817869E-003
  0.29551263815580109        6.1609552124901601E-003
  0.29671885331203263        1.4758587910466244E-002
  0.29792999196328690        2.6928427322314041E-002
  0.29914607420614708        4.2536137169238875E-002
  0.30036712021922612        6.1423011811112982E-002
  0.30159315026350136        8.3407900420777947E-002
  0.30282418468265071       0.10828924582643706     
  0.30406024390339059       0.13584721625161023     
  0.30530134843581452       0.16584590846102987     
  0.30654751887373349       0.19803560127424435     
  0.30779877589501764       0.23215503902130585     
  0.30905514026193970       0.26793372527108295     
  0.31031663282151906       0.30509420804681708     
  0.31158327450586787       0.34335433873961207     
  0.31285508633253861       0.38242948802250321     
  0.31413208940487242       0.42203470324015124     
  0.31541430491234945       0.46188679298659241     
  0.31670175413094059       0.50170632587102360     
  0.31799445842346041       0.54121953179509019     
  0.31929243923992134       0.58016009541036884     
  0.32059571811789023       0.61827083278017247     
  0.32190431668284508       0.65530524362120413     
  0.32321825664853443       0.69102893283906353     
  0.32453755981733712       0.72522089638493137     
  0.32586224808062436       0.75767466774048020     
  0.32719234341912323       0.78819932257555458     
  0.32852786790328065       0.81662034031054120     
  0.32986884369363056       0.84278032244654222     
  0.33121529304116082       0.86653956859517867     
  0.33256723828768275       0.88777651214211961     
  0.33392470186620210       0.90638801840943728     
  0.33528770630129073       0.92228954903961191     
  0.33665627420946076       0.93541519710544996     
  0.33803042829953994       0.94571759815438550     
  0.33941019137304806       0.95316772302180219     
  0.34079558632457546       0.95775455879605431     
  0.34218663614216327       0.95948468478852289     
  0.34358336390768413       0.95838175075646725     
  0.34498579279722608       0.95448586494636634     
  0.34639394608147639       0.94785289977310028     
  0.34780784712610791       0.93855372312831042     
  0.34922751939216706       0.92667336342261075     
  0.35065298643646264       0.91231011651434724     
  0.35208427191195729       0.89557460266568734     
  0.35352139956815942       0.87658878159920040     
  0.35496439325151735       0.85548493360812339     
  0.35641327690581565       0.83240461450578096     
  0.35786807457257153       0.80749759198817039     
  0.35932881039143427       0.78092077073251498     
  0.36079550860058590       0.75283711326822100     
  0.36226819353714296       0.72341456333913157     
  0.36374688963756052       0.69282497813136823     
  0.36523162143803800       0.66124307537360005     
  0.36672241357492547       0.62884540093015928     
  0.36821929078513355       0.59580932210571880     
  0.36972227790654283       0.56231205146726337     
  0.37123139987841652       0.52852970556794032     
  0.37274668174181458       0.49463640253165253     
  0.37426814864000829       0.46080340203010373     
  0.37579582581889864       0.42719829075798010     
  0.37732973862743413       0.39398421609051781     
  0.37886991251803198       0.36131917019238258     
  0.38041637304700071       0.32935532644091192     
  0.38196914587496344       0.29823842963155522     
  0.38352825676728425       0.26810724105114747     
  0.38509373159449567       0.23909303913714997     
  0.38666559633272773       0.21131917608912698     
  0.38824387706413899       0.18490069046442847     
  0.38982859997734975       0.15994397547386274     
  0.39141979136787586       0.13654650239602917     
  0.39301747763856587       0.11479659825176514     
  0.39462168530003849        9.4773276623228875E-002
  0.39623244097112265        7.6546120265662543E-002
  0.39784977137929967        6.0175213944383965E-002
  0.39947370336114574        4.5711125734840707E-002
  0.40110426386277853        3.3194934849400948E-002
  0.40274147994030307        2.2658303901162635E-002
  0.40438537876026137        1.4123593381510480E-002
  0.40603598760008325        7.6040160146070290E-003
  0.40769333384853856        3.1038285573914415E-003
  0.40935744500619187        6.1855853769709763E-004
  0.41102834868585908        1.3526336501423511E-004
  0.41270607261306486        1.6328192073991081E-003
  0.41439064462650332        5.0822370032861438E-003
  0.41608209267850005        1.0447002967731489E-002
  0.41778044483547516        1.7683440957856126E-002
  0.41948572927840988        2.6741094081218830E-002
  0.42119797430331363        3.7563122962416484E-002
  0.42291720832169355        5.0086718126672203E-002
  0.42464345986102636        6.4243524013290365E-002
  0.42637675756523108        7.9960072195907839E-002
  0.42811713019514508        9.7158221459495708E-002
  0.42986460662900056       0.11575560246478978     
  0.43161921586290408       0.13566606481905064     
  0.43338098701131811       0.15680012446592317     
  0.43514994930754325       0.17906540940670190     
  0.43692613210420378       0.20236710186915430     
  0.43870956487373508       0.22660837514739807     
  0.44050027720887197       0.25169082344672389     
  0.44229829882313998       0.27751488317961870     
  0.44410365955134889       0.30398024427306314     
  0.44591638935008682       0.33098625016159033     
  0.44773651829821842       0.35843228525538617     
  0.44956407659738296       0.38621814878662497     
  0.45139909457249600       0.41424441405048695     
  0.45324160267225266       0.44241277216885166     
  0.45509163146963244       0.47062635961402510     
  0.45694921166240710       0.49879006883732091     
  0.45881437407364939       0.52681084145133850     
  0.46068714965224478       0.55459794351615688     
  0.46256756947340538       0.58206322257739451     
  0.46445566473918498       0.60912134619806502     
  0.46635146677899686       0.63569002181626133     
  0.46825500705013429       0.66169019784678740     
  0.47016631713829160       0.68704624602638620     
  0.47208542875808879       0.71168612507955720     
  0.47401237375359806       0.73554152585467591     
  0.47594718409887132       0.75854799814833207     
  0.47788989189847175       0.78064505949921859     
  0.47984052938800570       0.80177628629194597     
  0.48179912893465782       0.82188938756531216     
  0.48376572303772875       0.84093626196921667     
  0.48574034432917323       0.85887303835952056     
  0.48772302557414277       0.87566010056082300     
  0.48971379967152823       0.89126209686320701     
  0.49171269965450648       0.90564793485105688     
  0.49371975869108847       0.91879076218967382     
  0.49573501008466908       0.93066793401919279     
  0.49775848727458005       0.94126096762495259     
  0.49979022383664523       0.95055548506956333     
  0.50183025348373689       0.95854114448418748     
  0.50387861006633561       0.96521156072556613     
  0.50593532757309234       0.97056421611085963     
  0.50800044013139123       0.97460036194495103     
  0.51007398200791731       0.97732491155440104     
  0.51215598760922409       0.97874632553905450     
  0.51424649148230461       0.97887648994652210     
  0.51634552831516523       0.97773058806655799     
  0.51845313293740036       0.97532696653193185     
  0.52056934032077162       0.97168699639989708     
  0.52269418557978653       0.96683492987398956     
  0.52482770397228251       0.96079775330979189     
  0.52696993090001132       0.95360503713064215     
  0.52912090190922667       0.94528878326025634     
  0.53128065269127367       0.93588327065893939     
  0.53344921908318188       0.92542489952873497     
  0.53562663706825886       0.91395203473057340     
  0.53781294277668812       0.90150484893341976     
  0.54000817248612853       0.88812516599171754     
  0.54221236262231554       0.87385630502316036     
  0.54442554975966673       0.85874292563418242     
  0.54664777062188774       0.84283087471570184     
  0.54887906208258186       0.82616703520647494     
  0.55111946116586275       0.80879917719631367     
  0.55336900504696696       0.79077581171632649     
  0.55562773105287300       0.77214604753828864     
  0.55789567666291884       0.75295945128054897     
  0.56017287950942463       0.73326591109328976     
  0.56245937737831742       0.71311550417196545     
  0.56475520820975744       0.69255836832392814     
  0.56706041009876806       0.67164457779015607     
  0.56937502129586803       0.65042402350128692     
  0.57169908020770599       0.62894629792511658     
  0.57403262539769728       0.60726058464139809     
  0.57637569558666502       0.58541555275887491     
  0.57872832965348131       0.56345925626971205     
  0.58109056663571335       0.54143903841698360     
  0.58346244573027040       0.51940144113256670     
  0.58584400629405475       0.49739211958493890     
  0.58823528784461476       0.47545576185961369     
  0.59063633006079996       0.45363601377871920     
  0.59304717278342045       0.43197540885107211     
  0.59546785601590702       0.41051530332959363     
  0.59789841992497528       0.38929581633935251     
  0.60033890484129260       0.36835577502669503     
  0.60278935126014666       0.34773266466804009     
  0.60524979984211758       0.32746258366566761     
  0.60772029141375294       0.30758020334760650     
  0.61020086696824494       0.28811873247909625     
  0.61269156766611022       0.26910988638439637     
  0.61519243483587394       0.25058386056963744     
  0.61770350997475421       0.23256930873026316     
  0.62022483474935197       0.21509332501994638     
  0.62275645099634114       0.19818143045214121     
  0.62529840072316345       0.18185756330023906     
  0.62785072610872605       0.16614407335779846     
  0.63041346950409982       0.15106171991649342     
  0.63298667343322390       0.13662967331620712     
  0.63557038059361004       0.12286551991897454     
  0.63816463385705124       0.10978527035646757     
  0.64076947627033398        9.7403370899112551E-002
  0.64338495105595150        8.5732717793917113E-002
  0.64601110161282127        7.4784674417495589E-002
  0.64864797151700582        6.4569091090697750E-002
  0.65129560452243462        5.5094327401618015E-002
  0.65395404456163087        4.6367276884389352E-002
  0.65662333574644061        3.8393393902440232E-002
  0.65930352236876377        3.1176722586229055E-002
  0.66199464890129045        2.4719927677373743E-002
  0.66469675999823752        1.9024327133179031E-002
  0.66740990049609028        1.4089926347946258E-002
  0.67013411541434675        9.9154538501550205E-003
  0.67286944995626363        6.4983983374700127E-003
  0.67561594950960757        3.8350469146603006E-003
  0.67837365964740748        1.9205244028377422E-003
  0.68114262612871068        7.4883359187638673E-004
  0.68392289489934310        3.1289631155984043E-004
  0.68671451209267076        6.0459520075695217E-004
  0.68951752403036504        1.6148160578018933E-003
  0.69233197722317286        3.3334906593150970E-003
  0.69515791837168661        5.7496399386912653E-003
  0.69799539436711988        8.8514174197105184E-003
  0.70084445229208592        1.2626152804864454E-002
  0.70370513942137802        1.7060395622263136E-002
  0.70657750322275481        2.2139958839225815E-002
  0.70946159135772713        2.7849962354939195E-002
  0.71235745168234910        3.4174876288829426E-002
  0.71526513224801314        4.1098563985561887E-002
  0.71818468130224533        4.8604324661788767E-002
  0.72111614728950835        5.6674935624009160E-002
  0.72405957885200312        6.5292693991004125E-002
  0.72701502483047720        7.4439457858472169E-002
  0.72998253426503557        8.4096686847497049E-002
  0.73296215639595286        9.4245481982480062E-002
  0.73595394066449149       0.10486662484805809     
  0.73895793671372234       0.11594061597839878     
  0.74197419438934753       0.12744771243592723     
  0.74500276374052765       0.13936796454029832     
  0.74804369502071344       0.15168125171188562     
  0.75109703868847777       0.16436731739759536     
  0.75416284540835488       0.17740580305015663     
  0.75724116605167924       0.19077628113524081     
  0.76033205169743068       0.20445828714402747     
  0.76343555363308235       0.21843135059177354     
  0.76655172335545019       0.23267502498591885     
  0.76968061257154952       0.24716891675010588     
  0.77282227319945096       0.26189271309316042     
  0.77597675736914307       0.27682620881469955     
  0.77914411742339751       0.29194933204155138     
  0.78232440591863694       0.30724216889146716     
  0.78551767562580699       0.32268498706297843     
  0.78872397953125306       0.33825825835231493     
  0.79194337083759792       0.35394268010035956     
  0.79517590296462559       0.36971919557462363     
  0.79842162955016782       0.38556901329295934     
  0.80168060445099321       0.40147362529748432     
  0.80495288174370172       0.41741482438884248     
  0.80823851572562166       0.43337472033240521     
  0.81153756091571005       0.44933575504942502     
  0.81485007205545901       0.46528071680753913     
  0.81817610410980179       0.48119275342613033     
  0.82151571226802678       0.49705538451333187     
  0.82486895194469190       0.51285251275233779     
  0.82823587878054472       0.52856843425580735     
  0.83161654864344625       0.54418784800784437     
  0.83501101762929653       0.55969586441396657     
  0.83841934206296653       0.57507801298010452     
  0.84184157849923302       0.59032024914229253     
  0.84527778372371576       0.60540896026935032     
  0.84872801475382054       0.62033097086119438     
  0.85219232883968588       0.63507354696602070     
  0.85567078346513115       0.64962439983974962     
  0.85916343634861292       0.66397168887156854     
  0.86267034544418009       0.67810402379954882     
  0.86619156894243732       0.69201046624050355     
  0.86972716527151039       0.70568053055837043     
  0.87327719309801433       0.71910418409546395     
  0.87684171132802924       0.73227184679093749     
  0.88042077910807537       0.74517439021079768     
  0.88401445582609561       0.75780313601369398     
  0.88762280111244185       0.77014985387662005     
  0.89124587484086226       0.78220675890446079     
  0.89488373712949654       0.79396650854720441     
  0.89853644834187318       0.80542219904829460     
  0.90220406908791040       0.81656736144743869     
  0.90588666022492215       0.82739595716085301     
  0.90958428285862880       0.83790237316158467     
  0.91329699834416944       0.84808141678224358     
  0.91702486828712149       0.85792831016211368     
  0.92076795454452198       0.86743868436016558     
  0.92452631922589401       0.87660857315515273     
  0.92830002469427830       0.88543440655350814     
  0.93208913356726641       0.89391300402531360     
  0.93589370871804145       0.90204156748819020     
  0.93971381327641990       0.90981767405843572     
  0.94354951062989978       0.91723926858830995     
  0.94740086442471305       0.92430465600784562     
  0.95126793856688030       0.93101249348905757     
  0.95515079722327212       0.93736178244996193     
  0.95904950482267404       0.94335186041525398     
  0.96296412605685466       0.94898239275001040     
  0.96689472588163972       0.95425336428226470     
  0.97084136951799027       0.95916507082977209     
  0.97480412245308368       0.96371811064576385     
  0.97878305044140190       0.96791337579798764     
  0.98277821950582100       0.97175204349478994     
  0.98678969593870736       0.97523556737149031     
  0.99081754630301844       0.97836566874979447     
  0.99486183743340539       0.98114432788246186     
  0.99892263643732426       0.98357377519496181     
   1.0030000106961476       0.98565648253533245     
   1.0070940278662834       0.98739515444297865     
   1.0112047558802988       0.98879271944664782     
   1.0153322629480441       0.98985232140134272     
   1.0194766175577885       0.99057731087346412     
   1.0236378884773538       0.99097123658299913     
   1.0278161447552574       0.99103783691112579     
   1.0320114557218547       0.99078103148114449     
   1.0362238909904942       0.99020491282021694     
   1.0404535204586696       0.98931373810895518     
   1.0447004143091787       0.98811192102548739     
   1.0489646430112913       0.98660402369021127     
   1.0532462773219167       0.98479474871704886     
   1.0575453882867758       0.98268893137662472     
   1.0618620472415838       0.98029153187640150     
   1.0661963258132321       0.97760762776244714     
   1.0705482959209747       0.97464240644714228     
   1.0749180297776255       0.97140115786678216     
   1.0793055998907541       0.96788926727269564     
   1.0837110790638902       0.96411220815917442     
   1.0881345403977287       0.96007553533118539     
   1.0925760572913470       0.95578487811452173     
   1.0970357034434204       0.95124593371077881     
   1.1015135528534441       0.94646446069922330     
   1.1060096798229635       0.94144627268737069     
   1.1105241589568067       0.93619723211179495     
   1.1150570651643195       0.93072324419048758     
   1.1196084736606120       0.92503025102776570     
   1.1241784599678060       0.91912422587255960     
   1.1287670999162849       0.91301116753065514     
   1.1333744696459565       0.90669709493123840     
   1.1380006456075142       0.90018804184791268     
   1.1426457045637044       0.89349005177414442     
   1.1473097235906025       0.88660917295289732     
   1.1519927800788912       0.87955145356005793     
   1.1566949517351428       0.87232293704107633     
   1.1614163165831117       0.86492965760006701     
   1.1661569529650266       0.85737763584048865     
   1.1709169395428922       0.84967287455637508     
   1.1756963552997917       0.84182135467291852     
   1.1804952795412009       0.83382903133511888     
   1.1853137918963028       0.82570183014308340     
   1.1901519723193061       0.81744564353242555     
   1.1950099010907769       0.80906632729811534     
   1.1998876588189678       0.80056969726006189     
   1.2047853264411541       0.79196152606858350     
   1.2097029852249803       0.78324754014781928     
   1.2146407167698074       0.77443341677513289     
   1.2195986030080641       0.76552478129439594     
   1.2245767262066105       0.75652720446102617     
   1.2295751689681005       0.74744619991658012     
   1.2345940142323542       0.73828722179063710     
   1.2396333452777308       0.72905566242769759     
   1.2446932457225151       0.71975685023668645     
   1.2497737995263021       0.71039604766073128     
   1.2548750909913893       0.70097844926476238     
   1.2599972047641785       0.69150917993846628     
   1.2651402258365791       0.68199329321213531     
   1.2703042395474162       0.67243576968290419     
   1.2754893315838498       0.66284151554882564     
   1.2806955879827961       0.65321536124829049     
   1.2859230951323521       0.64356206020221851     
   1.2911719397732333       0.63388628765647503     
   1.2964422090002106       0.62419263962196392     
   1.3017339902635547       0.61448563190984351     
   1.3070473713704895       0.60476969925929969     
   1.3123824404866489       0.59504919455534622     
   1.3177392861375357       0.58532838813412158     
   1.3231179972099965       0.57561146717313205     
   1.3285186629536925       0.56590253516395994     
   1.3339413729825829       0.55620561146492542     
   1.3393862172764077       0.54652463093123849     
   1.3448532861821869       0.53686344362017357     
   1.3503426704157151       0.52722581456883477     
   1.3558544610630672       0.51761542364214264     
   1.3613887495821120       0.50803586544859058     
   1.3669456278040288       0.49849064932147935     
   1.3725251879348284       0.48898319936329004     
   1.3781275225568879       0.47951685455086734     
   1.3837527246304846       0.47009486889920571     
   1.3894008874953359       0.46072041168157107     
   1.3950721048721533       0.45139656770376868     
   1.4007664708641934       0.44212633763041131     
   1.4064840799588225       0.43291263836104832     
   1.4122250270290799       0.42375830345407628     
   1.4179894073352572       0.41466608359637658     
   1.4237773165264773       0.40563864711666386     
   1.4295888506422783       0.39667858054058891     
   1.4354241061142121       0.38778838918562974     
   1.4412831797674421       0.37897049779390257     
   1.4471661688223481       0.37022725120102895     
   1.4530731708961429       0.36156091503922860     
   1.4590042840044910       0.35297367647287536     
   1.4649596065631323       0.34446764496478677     
   1.4709392373895191       0.33604485307152410     
   1.4769432757044543       0.32770725726607586     
   1.4829718211337348       0.31945673878629532     
   1.4890249737098105       0.31129510450751230     
   1.4951028338734396       0.30322408783779975     
   1.5012055024753554       0.29524534963439153     
   1.5073330807779428       0.28736047913978213     
   1.5134856704569155       0.27957099493612636     
   1.5196633736030056       0.27187834591652615     
   1.5258662927236537       0.26428391227189885     
   1.5320945307447145       0.25678900649210212     
   1.5383481910121630       0.24939487438007069     
   1.5446273772938062       0.24210269607774570     
   1.5509321937810101       0.23491358710259702     
   1.5572627450904259       0.22782859939359923     
   1.5636191362657244       0.22084872236556308     
   1.5700014727793419       0.21397488397072062     
   1.5764098605342303       0.20720795176654494     
   1.5828444058656099       0.20054873398880402     
   1.5893052155427401       0.19399798062885876     
   1.5957923967706868       0.18755638451428991     
   1.6023060571921037       0.18122458239194650     
   1.6088463048890147       0.17500315601254424     
   1.6154132483846122       0.16889263321597814     
   1.6220069966450557       0.16289348901654876     
   1.6286276590812767       0.15700614668733448     
   1.6352753455508005       0.15123097884294878     
   1.6419501663595648       0.14556830851999158     
   1.6486522322637496       0.14001841025450135     
   1.6553816544716176       0.13458151115575068     
   1.6621385446453594       0.12925779197577569     
   1.6689230149029417       0.12404738817401983     
   1.6757351778199741       0.11895039097653404     
   1.6825751464315746       0.11396684842919436     
   1.6894430342342412       0.10909676644440025     
   1.6963389551877424       0.10434010984078024     
   1.7032630237170037        9.9696803375409426E-002
   1.7102153547140044        9.5166732768137918E-002
   1.7171960635396897        9.0749745717545904E-002
   1.7242052660258809        8.6445652908186288E-002
   1.7312430784771990        8.2254229008710489E-002
   1.7383096176729915        7.8175213660505949E-002
   1.7454050008692747        7.4208312456552572E-002
   1.7525293458006783        7.0353197910141496E-002
   1.7596827706823941        6.6609510413195183E-002
   1.7668653942121444        6.2976859183884848E-002
   1.7740773355721486        5.9454823203320184E-002
   1.7813187144310982        5.6042952141037827E-002
   1.7885896509461472        5.2740767269113364E-002
   1.7958902657649043        4.9547762364623882E-002
   1.8032206800274309        4.6463404600362357E-002
   1.8105810153682576        4.3487135423549539E-002
   1.8179713939183981        4.0618371422450172E-002
   1.8253919383073787        3.7856505180707822E-002
   1.8328427716652678        3.5200906119303821E-002
   1.8403240176247260        3.2650921326002003E-002
   1.8478358003230537        3.0205876372205065E-002
   1.8553782444042495        2.7865076117114973E-002
   1.8629514750210820        2.5627805499134348E-002
   1.8705556178371661        2.3493330314449223E-002
   1.8781907990290427        2.1460897982732985E-002
   1.8858571452882809        1.9529738299943866E-002
   1.8935547838235744        1.7699064178183455E-002
   1.9012838423628520        1.5968072372594677E-002
   1.9090444491554013        1.4335944195294048E-002
   1.9168367329739937        1.2801846216346946E-002
   1.9246608231170197        1.1364930951780483E-002
   1.9325168494106386        1.0024337538676931E-002
   1.9404049422109304        8.7791923973418173E-003
   1.9483252324060565        7.6286098806251923E-003
   1.9562778514184365        6.5716929103970534E-003
   1.9642629312069249        5.6075336012592078E-003
   1.9722806042690040        4.7352138715368594E-003
   1.9803310036429771        3.9538060416134391E-003
   1.9884142629101824        3.2623734196846050E-003
   1.9965305161972071        2.6599708750069118E-003
   2.0046798981781091        2.1456453987224182E-003
   2.0128625440766581        1.7184366523425028E-003
   2.0210785896685763        1.3773775039933596E-003
   2.0293281712837890        1.1214945525122033E-003
   2.0376114258086915        9.4980863950067107E-004
   2.0459284906884188        8.6133534943810819E-004
   2.0542795039291217        8.5508549796875499E-004
   2.0626646041002639        9.3006560847819220E-004
   2.0710839303369175        1.0852783770678442E-003
   2.0795376223420732        1.3197231260615450E-003
   2.0880258203889532        1.6323962461545216E-003
   2.0965486653233478        2.0222916273459073E-003
   2.1051062985659468        2.4884010787741273E-003
   2.1136988621146831        3.0297147375828448E-003
   2.1223264985470975        3.6452214669746579E-003
   2.1309893510226989        4.3339092435602513E-003
   2.1396875632853374        5.0947655341534448E-003
   2.1484212796655959        5.9267776621659829E-003
   2.1571906450831819        6.8289331637168002E-003
   2.1659958050493291        7.8002201336161434E-003
   2.1748369056692178        8.8396275613691344E-003
   2.1837140936443968        9.9461456573308737E-003
   2.1926275162752127        1.1118766169168959E-002
   2.2015773214632635        1.2356482688790971E-002
   2.2105636577138457        1.3658290949847718E-002
   2.2195866741384194        1.5023189116006974E-002
   2.2286465204570853        1.6450178060108955E-002
   2.2377433470010675        1.7938261634364738E-002
   2.2468773047152077        1.9486446931764045E-002
   2.2560485451604677        2.1093744538800641E-002
   2.2652572205164492        2.2759168779700745E-002
   2.2745034835839171        2.4481737952291249E-002
   2.2837874877873303        2.6260474555647950E-002
   2.2931093871773944        2.8094405509672793E-002
   2.3024693364336155        2.9982562366764220E-002
   2.3118674908668622        3.1923981515704414E-002
   2.3213040064219506        3.3917704377923852E-002
   2.3307790396802273        3.5962777596282192E-002
   2.3402927478621649        3.8058253216516569E-002
   2.3498452888299783        4.0203188861488659E-002
   2.3594368210902377        4.2396647898387263E-002
   2.3690675037965030        4.4637699599021641E-002
   2.3787374967519588        4.6925419293346593E-002
   2.3884469604120731        4.9258888516351185E-002
   2.3981960558872570        5.1637195148472315E-002
   2.4079849449455333        5.4059433549642488E-002
   2.4178137900152290        5.6524704687128113E-002
   2.4276827541876669        5.9032116257286993E-002
   2.4375920012198664        6.1580782801365919E-002
   2.4475416955372706        6.4169825815507231E-002
   2.4575320022364697        6.6798373855041060E-002
   2.4675630870879357        6.9465562633241440E-002
   2.4776351165387829        7.2170535114651102E-002
   2.4877482577155234        7.4912441603102398E-002
   2.4979026784268394        7.7690439824557478E-002
   2.5080985471663721        8.0503695004911835E-002
   2.5183360331155162        8.3351379942848691E-002
   2.5286153061462220        8.6232675077891563E-002
   2.5389365368238228        8.9146768553772349E-002
   2.5492998964098588        9.2092856277207980E-002
   2.5597055568649218        9.5070141972236399E-002
   2.5701536908515048        9.8077837230189369E-002
   2.5806444717368717       0.10111516155545619     
   2.5911780735959340       0.10418134240710097     
   2.6017546712141315       0.10727561523648554     
   2.6123744400903441       0.11039722352097869     
   2.6230375564397970       0.11354541879386870     
   2.6337441971969815       0.11671946067058192     
   2.6444945400185995       0.11991861687129979     
   2.6552887632865070       0.12314216324010285     
   2.6661270461106703       0.12638938376070141     
   2.6770095683321458       0.12965957056888022     
   2.6879365105260575       0.13295202396175188     
   2.6989080540045989       0.13626605240388812     
   2.7099243808200328       0.13960097253045256     
   2.7209856737677236       0.14295610914740697     
   2.7320921163891634       0.14633079522888293     
   2.7432438929750149       0.14972437191181553     
   2.7544411885681774       0.15313618848791188     
   2.7656841889668535       0.15656560239305284     
   2.7769730807276272       0.16001197919419430     
   2.7883080511685678       0.16347469257387448     
   2.7996892883723348       0.16695312431237241     
   2.8111169811892935       0.17044666426763044     
   2.8225913192406575       0.17395471035299470     
   2.8341124929216317       0.17747666851285615     
   2.8456806934045655       0.18101195269627135     
   2.8572961126421350       0.18455998482862079     
   2.8689589433705232       0.18812019478139308     
   2.8806693791126143       0.19169202034014510     
   2.8924276141812122       0.19527490717072660     
   2.9042338436822610       0.19886830878381945     
   2.9160882635180831       0.20247168649786040     
   2.9279910703906258       0.20608450940041478     
   2.9399424618047334       0.20970625430806444     
   2.9519426360714194       0.21333640572485468     
   2.9639917923111532       0.21697445579939101     
   2.9760901304571732       0.22061990428059974     
   2.9882378512587997       0.22427225847226162     
   3.0004351562847607       0.22793103318632091     
   3.0126822479265480       0.23159575069506588     
   3.0249793294017673       0.23526594068220996     
   3.0373266047575087       0.23894114019293167     
   3.0497242788737404       0.24262089358292627     
   3.0621725574667020       0.24630475246651329     
   3.0746716470923223       0.24999227566385507     
   3.0872217551496384       0.25368302914732177     
   3.0998230898842483       0.25737658598705870     
   3.1124758603917613       0.26107252629580058     
   3.1251802766212617       0.26477043717296012     
   3.1379365493788032       0.26846991264805908     
   3.1507448903309023       0.27217055362352249     
   3.1636055120080444       0.27587196781687540     
   3.1765186278082207       0.27957376970240355     
   3.1894844520004644       0.28327558045228829     
   3.2025031997284015       0.28697702787726576     
   3.2155750870138298       0.29067774636685462     
   3.2287003307602982       0.29437737682916321     
   3.2418791487567020       0.29807556663033841     
   3.2551117596809069       0.30177196953366814     
   3.2683983831033703       0.30546624563837843     
   3.2817392394907818       0.30915806131815238     
   3.2951345502097307       0.31284708915940918     
   3.3085845375303724       0.31653300789936201     
   3.3220894246301196       0.32021550236388796     
   3.3356494355973410       0.32389426340524508     
   3.3492647954350852       0.32756898783964361     
   3.3629357300648142       0.33123937838471906     
   3.3766624663301439       0.33490514359692547     
   3.3904452320006189       0.33856599780886099     
   3.4042842557754875       0.34222166106656660     
   3.4181797672874907       0.34587185906681150     
   3.4321319971066844       0.34951632309439273     
   3.4461411767442565       0.35315478995946203     
   3.4602075386563675       0.35678700193490631     
   3.4743313162480152       0.36041270669380665     
   3.4885127438769019       0.36403165724698638     
   3.5027520568573265       0.36764361188066585     
   3.5170494914640815       0.37124833409425673     
   3.5314052849363842       0.37484559253829486     
   3.5458196754818094       0.37843516095253693     
   3.5602929022802345       0.38201681810424248     
   3.5748252054878202       0.38559034772664547     
   3.5894168262409902       0.38915553845764017     
   3.6040680066604258       0.39271218377868622     
   3.6187789898550959       0.39626008195395934     
   3.6335500199262847       0.39979903596975208     
   3.6483813419716364       0.40332885347413194     
   3.6632732020892336       0.40684934671689033     
   3.6782258473816740       0.41036033248976744     
   3.6932395259601685       0.41386163206698445     
   3.7083144869486642       0.41735307114608833     
   3.7234509804879772       0.42083447978910959     
   3.7386492577399353       0.42430569236406257     
   3.7539095708915569       0.42776654748677956     
   3.7692321731592284       0.43121688796309310     
   3.7846173187929102       0.43465656073138748     
   3.8000652630803460       0.43808541680550284     
   3.8155762623513128       0.44150331121802588     
   3.8311505739818670       0.44491010296395628     
   3.8467884563986092       0.44830565494476315     
   3.8624901690829847       0.45168983391283946     
   3.8782559725755825       0.45506251041635781     
   3.8940861284804527       0.45842355874452867     
   3.9099808994694594       0.46177285687328407     
   3.9259405492866346       0.46511028641136998     
   3.9419653427525452       0.46843573254686466     
   3.9580555457687030       0.47174908399413007     
   3.9742114253219660       0.47505023294119264     
   3.9904332494889743       0.47833907499756090     
   4.0067212874405893       0.48161550914248208     
   4.0230758094463717       0.48487943767365305     
   4.0394970868790629       0.48813076615636408     
   4.0559853922190783       0.49136940337310175     
   4.0725409990590427       0.49459526127363651     
   4.0891641821083224       0.49780825492541125     
   4.1058552171975808       0.50100830246468497     
   4.1226143812833644       0.50419532504784503     
   4.1394419524526915       0.50736924680332507     
   4.1563382099276636       0.51052999478395455     
   4.1733034340701094       0.51367749891977921     
   4.1903379063862296       0.51681169197133570     
   4.2074419095312638       0.51993250948341307     
   4.2246157273141920       0.52303988973924853     
   4.2418596447024361       0.52613377371522274     
   4.2591739478265858       0.52921410503600563     
   4.2765589239851547       0.53228082993017689     
   4.2940148616493437       0.53533389718630775     
   4.3115420504678283       0.53837325810952052     
   4.3291407812715565       0.54139886647850433     
   4.3468113460785895       0.54441067850300606     
   4.3645540380989400       0.54740865278178685     
   4.3823691517394279       0.55039275026103751     
   4.4002569826085844       0.55336293419326887     
   4.4182178275215458       0.55631917009665699     
   4.4362519845049730       0.55926142571485393     
   4.4543597528020111       0.56218967097726402     
   4.4725414328772475       0.56510387795977035     
   4.4907973264216903       0.56800402084593005     
   4.5091277363577875       0.57089007588861751     
   4.5275329668444471       0.57376202137212839     
   4.5460133232820850       0.57661983757473467     
   4.5645691123176864       0.57946350673168778     
   4.5832006418499045       0.58229301299867875     
   4.6019082210341660       0.58510834241573506     
   4.6206921602877928       0.58790948287157030     
   4.6395527712951647       0.59069642406837342     
   4.6584903670128890       0.59346915748703932     
   4.6775052616749795       0.59622767635283147     
   4.6965977707980926       0.59897197560148985     
   4.7157682111867478       0.60170205184576375     
   4.7350169009385850       0.60441790334237511     
   4.7543441594496505       0.60711952995941509     
   4.7737503074196939       0.60980693314415713     
   4.7932356668574805       0.61248011589129803     
   4.8128005610861475       0.61513908271161433     
   4.8324453147485658       0.61778383960103733     
   4.8521702538127149       0.62041439401013720     
   4.8719757055771122       0.62303075481402259     
   4.8918619986762248       0.62563293228264261     
   4.9118294630859394       0.62822093805149537     
   4.9318784301290162       0.63079478509273468     
   4.9520092324806102       0.63335448768667824     
   4.9722222041737796       0.63590006139370692     
   4.9925176806050207       0.63843152302655526     
   5.0128959985398502       0.64094889062299365     
   5.0333574961183860       0.64345218341889221     
   5.0539025128609465       0.64594142182166481     
   5.0745313896737043       0.64841662738409511     
   5.0952444688543324       0.65087782277853512     
   5.1160420940976774       0.65332503177147405     
   5.1369246105014765       0.65575827919847829     
   5.1578923645720769       0.65817759093949513     
   5.1789457042301867       0.66058299389451447     
   5.2000849788166388       0.66297451595959389     
   5.2213105390982024       0.66535218600323409     
   5.2426227372734004       0.66771603384310918     
   5.2640219269783390       0.67006609022313812     
   5.2855084632925946       0.67240238679090880     
   5.3070827027450962       0.67472495607543836     
   5.3287450033200381       0.67703383146526841     
   5.3504957244628288       0.67932904718690013     
   5.3723352270860527       0.68161063828355661     
   5.3942638735754480       0.68387864059427028     
   5.4162820277959387       0.68613309073330009     
   5.4383900550976607       0.68837402606986253     
   5.4605883223220175       0.69060148470818206     
   5.4828771978077846       0.69281550546785731     
   5.5052570513972130       0.69501612786453248     
   5.5277282544421542       0.69720339209087812     
   5.5502911798102446       0.69937733899787724     
   5.5729462018910780       0.70153801007640593     
   5.5956936966024218       0.70368544743911454     
   5.6185340413964466       0.70581969380260179     
   5.6414676152660075       0.70794079246987462     
   5.6644947987509173       0.71004878731310206     
   5.6876159739442613       0.71214372275664217     
   5.7108315244987482       0.71422564376035813     
   5.7341418356330687       0.71629459580320654     
   5.7575472941382806       0.71835062486709678     
   5.7810482883842447       0.72039377742102562     
   5.8046452083260549       0.72242410040547367     
   5.8283384455105089       0.72444164121706967     
   5.8521283930826149       0.72644644769351041     
   5.8760154457921070       0.72843856809874241     
