  0.10000000000000001       0.27351599586427999     
  0.10040817718110437       0.29290772132170340     
  0.10081802044832047       0.30783027123777890     
  0.10122953660223166       0.31727781194557481     
  0.10164273247117964       0.32063289043865123     
  0.10205761491137796       0.31769357089044481     
  0.10247419080702558       0.30867221679034901     
  0.10289246707042120       0.29416741576637284     
  0.10331245064207799       0.27511220983359147     
  0.10373414849083867       0.25270314504547764     
  0.10415756761399117       0.22831562593962679     
  0.10458271503738485       0.20341161637061675     
  0.10500959781554686       0.17944586364096288     
  0.10543822303179938       0.15777655911870841     
  0.10586859779837712       0.13958573133324559     
  0.10630072925654524       0.12581376118533041     
  0.10673462457671801       0.11711129075648866     
  0.10717029095857759       0.11381055166060552     
  0.10760773563119364       0.11591685150754652     
  0.10804696585314330       0.12311970915514606     
  0.10848798891263144       0.13482199343537327     
  0.10893081212761184       0.15018445583751289     
  0.10937544284590843       0.16818230001932896     
  0.10982188844533726       0.18766992833333379     
  0.11027015633382903       0.20744975940723104     
  0.11072025394955184       0.22634101684982030     
  0.11117218876103470       0.24324462868919178     
  0.11162596826729153       0.25720081952596241     
  0.11208159999794542       0.26743658276677995     
  0.11253909151335369       0.27340094277709120     
  0.11299845040473337       0.27478670750436462     
  0.11345968429428700       0.27153822230766805     
  0.11392280083532935       0.26384541943609574     
  0.11438780771241415       0.25212517401188894     
  0.11485471264146174       0.23699159262343272     
  0.11532352336988719       0.21921734905016366     
  0.11579424767672861       0.19968852644319218     
  0.11626689337277650       0.17935561871068439     
  0.11674146830070313       0.15918338679638250     
  0.11721798033519278       0.14010216673526926     
  0.11769643738307244       0.12296300127005470     
  0.11817684738344295       0.10849863617454508     
  0.11865921830781066        9.7292010781111576E-002
  0.11914355816021997        8.9753406246810524E-002
  0.11962987497738581        8.6106922126034213E-002
  0.12011817682882717        8.6386458325800219E-002
  0.12060847181700105        9.0440909884582033E-002
  0.12110076807743671        9.7947857482028028E-002
  0.12159507377887094       0.10843467447890660     
  0.12209139712338332       0.12130568449328956     
  0.12258974634653247       0.13587380024889134     
  0.12309012971749274       0.15139495822219023     
  0.12359255553919130       0.16710363356825991     
  0.12409703214844603       0.18224777101862891     
  0.12460356791610375       0.19612159159255479     
  0.12511217124717913       0.20809492099015509     
  0.12562285058099434       0.21763792041180025     
  0.12613561439131882       0.22434037004769986     
  0.12665047118650996       0.22792494494485749     
  0.12716742950965446       0.22825421800091267     
  0.12768649793870987       0.22533141197748391     
  0.12820768508664696       0.21929518962607808     
  0.12873099960159279       0.21040900808373922     
  0.12925645016697404       0.19904576257162870     
  0.12978404550166117       0.18566859937564584     
  0.13031379436011306       0.17080888572225722     
  0.13084570553252231       0.15504238340394866     
  0.13137978784496107       0.13896468492288203     
  0.13191605015952751       0.12316693848749154     
  0.13245450137449291       0.10821281601343216     
  0.13299515042444918        9.4617572230086502E-002
  0.13353800628045717        8.2829909883861436E-002
  0.13408307795019572        7.3217213228594480E-002
  0.13463037447811083        6.6054547077584347E-002
  0.13517990494556581        6.1517649116175577E-002
  0.13573167847099218        5.9679975980184485E-002
  0.13628570421004074        6.0513705173040083E-002
  0.13684199135573349        6.3894450743086972E-002
  0.13740054913861643        6.9609325287482177E-002
  0.13796138682691236        7.7367877710891444E-002
  0.13852451372667493        8.6815357533193624E-002
  0.13908993918194296        9.7547703574500641E-002
  0.13965767257489561       0.10912762764245146     
  0.14022772332600780       0.12110116151986158     
  0.14080010089420669       0.13301405635432120     
  0.14137481477702879       0.14442746501945747     
  0.14195187451077720       0.15493239712104243     
  0.14253128967068007       0.16416250962858192     
  0.14311306987104958       0.17180487995374039     
  0.14369722476544117       0.17760849891594138     
  0.14428376404681392       0.18139031473787948     
  0.14487269744769149       0.18303875249323587     
  0.14546403474032335       0.18251472307695837     
  0.14605778573684705       0.17985021896291409     
  0.14665396028945119       0.17514466838417894     
  0.14725256829053859       0.16855928324366432     
  0.14785361967289068       0.16030968768069392     
  0.14845712440983222       0.15065715294562446     
  0.14906309251539690       0.13989878973567102     
  0.14967153404449324       0.12835706155662166     
  0.15028245909307170       0.11636898255777825     
  0.15089587779829214       0.10427535157012888     
  0.15151180033869191        9.2410351994627798E-002
  0.15213023693435482        8.1091816210170045E-002
  0.15275119784708088        7.0612414939728113E-002
  0.15337469338055626        6.1231988268233090E-002
  0.15400073388052446        5.3171187522279714E-002
  0.15462932973495802        4.6606547749537514E-002
  0.15526049137423079        4.1667060745614604E-002
  0.15589422927129087        3.8432270013779135E-002
  0.15653055394183482        3.6931863091374861E-002
  0.15716947594448166        3.7146694526945551E-002
  0.15781100588094832        3.9011135423092397E-002
  0.15845515439622559        4.2416613627294028E-002
  0.15910193217875471        4.7216182884486105E-002
  0.15975134996060453        5.3229939865972270E-002
  0.16040341851764989        6.0251095050929349E-002
  0.16105814866975027        6.8052496854179592E-002
  0.16171555128092935        7.6393407884804171E-002
  0.16237563725955523        8.5026337349625725E-002
  0.16303841755852153        9.3703743821832913E-002
  0.16370390317542910       0.10218443721656628     
  0.16437210515276834       0.11023952711982379     
  0.16504303457810285       0.11765778582710743     
  0.16571670258425286       0.12425031776881648     
  0.16639312034948034       0.12985445164095655     
  0.16707229909767446       0.13433679676029558     
  0.16775425009853762       0.13759543020713150     
  0.16843898466777257       0.13956120555277390     
  0.16912651416727026       0.14019819681390058     
  0.16981685000529834       0.13950331223710544     
  0.17051000363669019       0.13750513118941254     
  0.17120598656303537       0.13426203350218771     
  0.17190481033287031       0.12985970386827880     
  0.17260648654186983       0.12440810419727674     
  0.17331102683303970       0.11803801415030356     
  0.17401844289690985       0.11089724444172573     
  0.17472874647172817       0.10314662902108340     
  0.17544194934365545        9.4955901107089555E-002
  0.17615806334696094        8.6499554462564507E-002
  0.17687710036421864        7.7952785542891589E-002
  0.17759907232650440        6.9487604520987317E-002
  0.17832399121359424        6.1269194010929909E-002
  0.17905186905416270        5.3452583913570967E-002
  0.17978271792598266        4.6179699526829376E-002
  0.18051654995612570        3.9576828230836442E-002
  0.18125337732116351        3.3752537990126924E-002
  0.18199321224736950        2.8796068908060607E-002
  0.18273606701092207        2.4776207393621574E-002
  0.18348195393810826        2.1740641399052602E-002
  0.18423088540552804        1.9715784866992964E-002
  0.18498287384029991        1.8707050161493183E-002
  0.18573793172026712        1.8699538986599484E-002
  0.18649607157420448        1.9659115220667087E-002
  0.18725730598202642        2.1533817281258708E-002
  0.18802164757499584        2.4255563117344878E-002
  0.18878910903593346        2.7742097704368612E-002
  0.18955970309942835        3.1899130966473704E-002
  0.19033344255204943        3.6622613316298805E-002
  0.19111034023255730        4.1801096411254637E-002
  0.19189040903211749        4.7318128182841930E-002
  0.19267366189451438        5.3054633593837719E-002
  0.19346011181636599        5.8891235797553697E-002
  0.19424977184733941        6.4710476286517549E-002
  0.19504265509036750        7.0398897093272142E-002
  0.19583877470186650        7.5848953010915723E-002
  0.19663814389195391        8.0960727004636440E-002
  0.19744077592466802        8.5643427361602326E-002
  0.19824668411818794        8.9816650555218758E-002
  0.19905588184505443        9.3411399170204856E-002
  0.19986838253239200        9.6370849445943624E-002
  0.20068419966213161        9.8650867957789073E-002
  0.20150334677123438       0.10022028159191504     
  0.20232583745191612       0.10106090921424341     
  0.20315168535187320       0.10116736723610076     
  0.20398090417450848       0.10054666459959249     
  0.20481350767915915        9.9217605517541954E-002
  0.20564950968132489        9.7210020591699364E-002
  0.20648892405289709        9.4563848695142588E-002
  0.20733176472238896        9.1328093247145248E-002
  0.20817804567516671        8.7559677247205606E-002
  0.20902778095368180        8.3322221693499288E-002
  0.20988098465770355        7.8684771820679594E-002
  0.21073767094455342        7.3720494989569951E-002
  0.21159785402933992        6.8505373088094706E-002
  0.21246154818519422        6.3116911003587142E-002
  0.21332876774350720        5.7632881148316849E-002
  0.21419952709416737        5.2130122210950744E-002
  0.21507384068579924        4.6683408315040392E-002
  0.21595172302600341        4.1364402639299760E-002
  0.21683318868159726        3.6240707339603481E-002
  0.21771825227885655        3.1375019353331465E-002
  0.21860692850375804        2.6824399404198007E-002
  0.21949923210222347        2.2639659297993581E-002
  0.22039517788036408        1.8864870441075335E-002
  0.22129478070472614        1.5536994454319414E-002
  0.22219805550253774        1.2685634821882716E-002
  0.22310501726195672        1.0332906728519373E-002
  0.22401568103231900        8.4934206191507600E-003
  0.22493006192438844        7.1743735735493586E-003
  0.22584817511060773        6.3757413368836779E-003
  0.22677003582534988        6.0905627893385883E-003
  0.22769565936517111        6.3053077770391791E-003
  0.22862506108906488        7.0003185610008761E-003
  0.22955825641871638        8.1503146664925613E-003
  0.23049526083875860        9.7249506250998013E-003
  0.23143608989702943        1.1689415986704726E-002
  0.23238075920482931        1.4005067027194965E-002
  0.23332928443718048        1.6630079777188334E-002
  0.23428168133308711        1.9520114333083427E-002
  0.23523796569579644        2.2628980869312469E-002
  0.23619815339306083        2.5909298333855225E-002
  0.23716226035740115        2.9313137461917604E-002
  0.23813030258637141        3.2792640468843441E-002
  0.23910229614282377        3.6300610567055205E-002
  0.24007825715517533        3.9791065277396863E-002
  0.24105820181767584        4.3219748357922132E-002
  0.24204214639067612        4.6544596038773818E-002
  0.24303010720089804        4.9726154117202125E-002
  0.24402210064170560        5.2727943319902028E-002
  0.24501814317337661        5.5516771169770454E-002
  0.24601825132337590        5.8062989391138110E-002
  0.24702244168662996        6.0340696643137751E-002
  0.24803073092580163        6.2327887077774272E-002
  0.24904313577156709        6.4006545871694312E-002
  0.25005967302289334        6.5362693473743419E-002
  0.25108035954731700        6.6386380840750006E-002
  0.25210521228122396        6.7071638399166911E-002
  0.25313424823013059        6.7416381868982578E-002
  0.25416748446896609        6.7422278418360598E-002
  0.25520493814235545        6.7094576883475282E-002
  0.25624662646490398        6.6441905989422206E-002
  0.25729256672148348        6.5476044647115678E-002
  0.25834277626751834        6.4211668480620251E-002
  0.25939727252927380        6.2666076762798867E-002
  0.26045607300414547        6.0858903908398106E-002
  0.26151919526094891        5.8811819596904409E-002
  0.26258665694021183        5.6548221477326424E-002
  0.26365847575446660        5.4092924248081847E-002
  0.26473466948854396        5.1471848712287230E-002
  0.26581525599986822        4.8711714186839151E-002
  0.26690025321875377        4.5839737397528731E-002
  0.26798967914870253        4.2883340726868745E-002
  0.26908355186670235        3.9869872400903415E-002
  0.27018188952352734        3.6826340910449409E-002
  0.27128471034403900        3.3779165665243381E-002
  0.27239203262748851        3.0753945580179187E-002
  0.27350387474782023        2.7775246994976854E-002
  0.27462025515397709        2.4866412035479041E-002
  0.27574119237020622        2.2049388239407178E-002
  0.27686670499636645        1.9344579994479694E-002
  0.27799681170823720        1.6770722074623476E-002
  0.27913153125782791        1.4344775312678248E-002
  0.28027088247368953        1.2081844217076837E-002
  0.28141488426122702        9.9951161269112992E-003
  0.28256355560301261        8.0958213055730144E-003
  0.28371691555910122        6.3932131984902885E-003
  0.28487498326734656        4.8945679258947522E-003
  0.28603777794371876        3.6052019471711355E-003
  0.28720531888262307        2.5285067191444660E-003
  0.28837762545721990        1.6659990763716742E-003
  0.28955471711974690        1.0173859866508400E-003
  0.29073661340184104        5.8064227888714182E-004
  0.29192333391486291        3.5209990235569866E-004
  0.29311489835022253        3.2654725536662710E-004
  0.29431132647970543        4.9733711626862021E-004
  0.29551263815580109        8.5650171955249654E-004
  0.29671885331203263        1.3948735432754295E-003
  0.29792999196328690        2.1022104099065742E-003
  0.29914607420614708        2.9673235496937150E-003
  0.30036712021922612        3.9782073324518552E-003
  0.30159315026350136        5.1221694390415212E-003
  0.30282418468265071        6.3859603163574780E-003
  0.30406024390339059        7.7559008382383637E-003
  0.30530134843581452        9.2180071780216880E-003
  0.30654751887373349        1.0758111985408707E-002
  0.30779877589501764        1.2361981049720298E-002
  0.30905514026193970        1.4015424722475960E-002
  0.31031663282151906        1.5704403463536229E-002
  0.31158327450586787        1.7415126965922623E-002
  0.31285508633253861        1.9134146404003884E-002
  0.31413208940487242        2.0848439437299811E-002
  0.31541430491234945        2.2545487687007829E-002
  0.31670175413094059        2.4213346483929574E-002
  0.31799445842346041        2.5840706764231586E-002
  0.31929243923992134        2.7416949062998894E-002
  0.32059571811789023        2.8932189624479070E-002
  0.32190431668284508        3.0377318711939064E-002
  0.32321825664853443        3.1744031259012984E-002
  0.32453755981733712        3.3024850058095884E-002
  0.32586224808062436        3.4213141729675531E-002
  0.32719234341912323        3.5303125759457404E-002
  0.32852786790328065        3.6289876927726762E-002
  0.32986884369363056        3.7169321487697145E-002
  0.33121529304116082        3.7938227476704230E-002
  0.33256723828768275        3.8594189566178286E-002
  0.33392470186620210        3.9135608873556403E-002
  0.33528770630129073        3.9561668171862192E-002
  0.33665627420946076        3.9872302940854337E-002
  0.33803042829953994        4.0068168707658738E-002
  0.33941019137304806        4.0150605124944082E-002
  0.34079558632457546        4.0121597231237219E-002
  0.34218663614216327        3.9983734331236732E-002
  0.34358336390768413        3.9740166924221998E-002
  0.34498579279722608        3.9394562096224196E-002
  0.34639394608147639        3.8951057776776980E-002
  0.34780784712610791        3.8414216244141840E-002
  0.34922751939216706        3.7788977244162018E-002
  0.35065298643646264        3.7080611067646520E-002
  0.35208427191195729        3.6294671909685758E-002
  0.35352139956815942        3.5436951811829522E-002
  0.35496439325151735        3.4513435464847739E-002
  0.35641327690581565        3.3530256126091021E-002
  0.35786807457257153        3.2493652881515109E-002
  0.35932881039143427        3.1409929458392799E-002
  0.36079550860058590        3.0285414770840111E-002
  0.36226819353714296        2.9126425356694359E-002
  0.36374688963756052        2.7939229841141597E-002
  0.36523162143803800        2.6730015539972354E-002
  0.36672241357492547        2.5504857293552514E-002
  0.36821929078513355        2.4269688601639035E-002
  0.36972227790654283        2.3030275109170557E-002
  0.37123139987841652        2.1792190474166764E-002
  0.37274668174181458        2.0560794630962248E-002
  0.37426814864000829        1.9341214445241790E-002
  0.37579582581889864        1.8138326741745439E-002
  0.37732973862743413        1.6956743671133298E-002
  0.37886991251803198        1.5800800369332429E-002
  0.38041637304700071        1.4674544850755727E-002
  0.38196914587496344        1.3581730066062003E-002
  0.38352825676728425        1.2525808045622380E-002
  0.38509373159449567        1.1509926041548678E-002
  0.38666559633272773        1.0536924573960590E-002
  0.38824387706413899        9.6093372811579952E-003
  0.38982859997734975        8.7293924683984961E-003
  0.39141979136787586        7.8990162460737812E-003
  0.39301747763856587        7.1198371451582504E-003
  0.39462168530003849        6.3931920958222171E-003
  0.39623244097112265        5.7201336539901837E-003
  0.39784977137929967        5.1014383603585067E-003
  0.39947370336114574        4.5376161168650397E-003
  0.40110426386277853        4.0289204668078268E-003
  0.40274147994030307        3.5753596666390566E-003
  0.40438537876026137        3.1767084398968970E-003
  0.40603598760008325        2.8325203066884644E-003
  0.40769333384853856        2.5421403855585278E-003
  0.40935744500619187        2.3047185684159782E-003
  0.41102834868585908        2.1192229733785206E-003
  0.41270607261306486        1.9844535848920972E-003
  0.41439064462650332        1.8990559952231229E-003
  0.41608209267850005        1.8615351663697557E-003
  0.41778044483547516        1.8702691365391350E-003
  0.41948572927840988        1.9235226005518621E-003
  0.42119797430331363        2.0194602988159172E-003
  0.42291720832169355        2.1561601548211601E-003
  0.42464345986102636        2.3316261064249139E-003
  0.42637675756523108        2.5438005814523157E-003
  0.42811713019514508        2.7905765733533192E-003
  0.42986460662900056        3.0698092777489416E-003
  0.43161921586290408        3.3793272556950429E-003
  0.43338098701131811        3.7169430943272963E-003
  0.43514994930754325        4.0804635402318101E-003
  0.43692613210420378        4.4676990853915952E-003
  0.43870956487373508        4.8764729898603115E-003
  0.44050027720887197        5.3046297294208691E-003
  0.44229829882313998        5.7500428603733805E-003
  0.44410365955134889        6.2106222972629077E-003
  0.44591638935008682        6.6843210027872496E-003
  0.44773651829821842        7.1691410923385088E-003
  0.44956407659738296        7.6631393585914163E-003
  0.45139909457249600        8.1644322242923652E-003
  0.45324160267225266        8.6712001339025527E-003
  0.45509163146963244        9.1816913970118839E-003
  0.45694921166240710        9.6942254984918562E-003
  0.45881437407364939        1.0207195892162544E-002
  0.46068714965224478        1.0719072296356900E-002
  0.46256756947340538        1.1228402511152074E-002
  0.46445566473918498        1.1733813778224540E-002
  0.46635146677899686        1.2234013705275298E-002
  0.46825500705013429        1.2727790777777640E-002
  0.47016631713829160        1.3214014481422981E-002
  0.47208542875808879        1.3691635059100857E-002
  0.47401237375359806        1.4159682926544057E-002
  0.47594718409887132        1.4617267770923027E-002
  0.47788989189847175        1.5063577356680957E-002
  0.47984052938800570        1.5497876062785545E-002
  0.48179912893465782        1.5919503175332250E-002
  0.48376572303772875        1.6327870959088876E-002
  0.48574034432917323        1.6722462531126945E-002
  0.48772302557414277        1.7102829559143391E-002
  0.48971379967152823        1.7468589806467195E-002
  0.49171269965450648        1.7819424545051442E-002
  0.49371975869108847        1.8155075857005112E-002
  0.49573501008466908        1.8475343844412795E-002
  0.49775848727458005        1.8780083766340668E-002
  0.49979022383664523        1.9069203121042780E-002
  0.50183025348373689        1.9342658690454644E-002
  0.50387861006633561        1.9600453563132281E-002
  0.50593532757309234        1.9842634150821839E-002
  0.50800044013139123        2.0069287212887265E-002
  0.51007398200791731        2.0280536901842582E-002
  0.51215598760922409        2.0476541842263669E-002
  0.51424649148230461        2.0657492254385290E-002
  0.51634552831516523        2.0823607132734040E-002
  0.51845313293740036        2.0975131489197964E-002
  0.52056934032077162        2.1112333669018195E-002
  0.52269418557978653        2.1235502747269305E-002
  0.52482770397228251        2.1344946012530557E-002
  0.52696993090001132        2.1440986543587517E-002
  0.52912090190922667        2.1523960884184644E-002
  0.53128065269127367        2.1594216820058548E-002
  0.53344921908318188        2.1652111261720532E-002
  0.53562663706825886        2.1698008235741265E-002
  0.53781294277668812        2.1732276986590995E-002
  0.54000817248612853        2.1755290190451797E-002
  0.54221236262231554        2.1767422281793718E-002
  0.54442554975966673        2.1769047892936957E-002
  0.54664777062188774        2.1760540406282509E-002
  0.54887906208258186        2.1742270618394073E-002
  0.55111946116586275        2.1714605514648693E-002
  0.55336900504696696        2.1677907152752446E-002
  0.55562773105287300        2.1632531653023226E-002
  0.55789567666291884        2.1578828292994904E-002
  0.56017287950942463        2.1517138703571546E-002
  0.56245937737831742        2.1447796163685119E-002
  0.56475520820975744        2.1371124990149908E-002
  0.56706041009876806        2.1287440019193631E-002
  0.56937502129586803        2.1197046175955421E-002
  0.57169908020770599        2.1100238128077185E-002
  0.57403262539769728        2.0997300019392592E-002
  0.57637569558666502        2.0888505279602902E-002
  0.57872832965348131        2.0774116505760463E-002
  0.58109056663571335        2.0654385411318019E-002
  0.58346244573027040        2.0529552838473755E-002
  0.58584400629405475        2.0399848829530175E-002
  0.58823528784461476        2.0265492752994243E-002
  0.59063633006079996        2.0126693480171178E-002
  0.59304717278342045        1.9983649608053069E-002
  0.59546785601590702        1.9836549724357770E-002
  0.59789841992497528        1.9685572710652924E-002
  0.60033890484129260        1.9530888079583669E-002
  0.60278935126014666        1.9372656342323415E-002
  0.60524979984211758        1.9211029402476099E-002
  0.60772029141375294        1.9046150972776281E-002
  0.61020086696824494        1.8878157011062012E-002
  0.61269156766611022        1.8707176172129081E-002
  0.61519243483587394        1.8533330272212753E-002
  0.61770350997475421        1.8356734762991551E-002
  0.62022483474935197        1.8177499212156029E-002
  0.62275645099634114        1.7995727787733604E-002
  0.62529840072316345        1.7811519743522221E-002
  0.62785072610872605        1.7624969903133433E-002
  0.63041346950409982        1.7436169140308412E-002
  0.63298667343322390        1.7245204853322399E-002
  0.63557038059361004        1.7052161431452995E-002
  0.63816463385705124        1.6857120711637481E-002
  0.64076947627033398        1.6660162423601403E-002
  0.64338495105595150        1.6461364621888824E-002
  0.64601110161282127        1.6260804103371489E-002
  0.64864797151700582        1.6058556808961205E-002
  0.65129560452243462        1.5854698208385740E-002
  0.65395404456163087        1.5649303667031753E-002
  0.65662333574644061        1.5442448793983855E-002
  0.65930352236876377        1.5234209770519563E-002
  0.66199464890129045        1.5024663658447256E-002
  0.66469675999823752        1.4813888687783515E-002
  0.66740990049609028        1.4601964523387093E-002
  0.67013411541434675        1.4388972510271554E-002
  0.67286944995626363        1.4174995897421112E-002
  0.67561594950960757        1.3960120040030694E-002
  0.67837365964740748        1.3744432580187239E-002
  0.68114262612871068        1.3528023606088471E-002
  0.68392289489934310        1.3310985789983514E-002
  0.68671451209267076        1.3093414505091085E-002
  0.68951752403036504        1.2875407921821506E-002
  0.69233197722317286        1.2657067083695309E-002
  0.69515791837168661        1.2438495963411129E-002
  0.69799539436711988        1.2219801499566578E-002
  0.70084445229208592        1.2001093614590529E-002
  0.70370513942137802        1.1782485214486986E-002
  0.70657750322275481        1.1564092171030986E-002
  0.70946159135772713        1.1346033287092973E-002
  0.71235745168234910        1.1128430245800264E-002
  0.71526513224801314        1.0911407544267893E-002
  0.71818468130224533        1.0695092412657391E-002
  0.72111614728950835        1.0479614719338132E-002
  0.72405957885200312        1.0265106862942054E-002
  0.72701502483047720        1.0051703652113449E-002
  0.72998253426503557        9.8395421737632362E-003
  0.73296215639595286        9.6287616506426713E-003
  0.73595394066449149        9.4195032890515215E-003
  0.73895793671372234        9.2119101174961034E-003
  0.74197419438934753        9.0061268171063788E-003
  0.74500276374052765        8.8022995446173889E-003
  0.74804369502071344        8.6005757487090835E-003
  0.75109703868847777        8.4011039804878437E-003
  0.75416284540835488        8.2040336988813307E-003
  0.75724116605167924        8.0095150717009699E-003
  0.76033205169743068        7.8176987731112847E-003
  0.76343555363308235        7.6287357782257488E-003
  0.76655172335545019        7.4427771555302356E-003
  0.76968061257154952        7.2599738578136043E-003
  0.77282227319945096        7.0804765122612773E-003
  0.77597675736914307        6.9044352103484405E-003
  0.77914411742339751        6.7319992981404696E-003
  0.78232440591863694        6.5633171675887232E-003
  0.78551767562580699        6.3985360493797987E-003
  0.78872397953125306        6.2378018078735331E-003
  0.79194337083759792        6.0812587386388298E-003
  0.79517590296462559        5.9290493690678028E-003
  0.79842162955016782        5.7813142625245950E-003
  0.80168060445099321        5.6381918264567649E-003
  0.80495288174370172        5.4998181248715056E-003
  0.80823851572562166        5.3663266955518950E-003
  0.81153756091571005        5.2378483723620126E-003
  0.81485007205545901        5.1145111129631757E-003
  0.81817610410980179        4.9964398322387277E-003
  0.82151571226802678        4.8837562416980777E-003
  0.82486895194469190        4.7765786951055531E-003
  0.82823587878054472        4.6750220405570309E-003
  0.83161654864344625        4.5791974791993383E-003
  0.83501101762929653        4.4892124307680335E-003
  0.83841934206296653        4.4051704060933602E-003
  0.84184157849923302        4.3271708867023053E-003
  0.84527778372371576        4.2553092116245760E-003
  0.84872801475382054        4.1896764714867227E-003
  0.85219232883968588        4.1303594099610565E-003
  0.85567078346513115        4.0774403326140855E-003
  0.85916343634861292        4.0309970231820758E-003
  0.86267034544418009        3.9911026672825988E-003
  0.86619156894243732        3.9578257835536750E-003
  0.86972716527151039        3.9312301621955200E-003
  0.87327719309801433        3.9113748108745589E-003
  0.87684171132802924        3.8983139079346446E-003
  0.88042077910807537        3.8920967628446315E-003
  0.88401445582609561        3.8927677838011378E-003
  0.88762280111244185        3.9003664523890973E-003
  0.89124587484086226        3.9149273051945037E-003
  0.89488373712949654        3.9364799222490554E-003
  0.89853644834187318        3.9650489221799397E-003
  0.90220406908791040        4.0006539639249536E-003
  0.90588666022492215        4.0433097548666407E-003
  0.90958428285862880        4.0930260652294959E-003
  0.91329699834416944        4.1498077485788987E-003
  0.91702486828712149        4.2136547682507571E-003
  0.92076795454452198        4.2845622295370226E-003
  0.92452631922589401        4.3625204174470005E-003
  0.92830002469427830        4.4475148398568374E-003
  0.93208913356726641        4.5395262758588821E-003
  0.93589370871804145        4.6385308291167233E-003
  0.93971381327641990        4.7444999860289452E-003
  0.94354951062989978        4.8574006785027761E-003
  0.94740086442471305        4.9771953511369496E-003
  0.95126793856688030        5.1038420326099581E-003
  0.95515079722327212        5.2372944110713531E-003
  0.95904950482267404        5.3775019133314259E-003
  0.96296412605685466        5.5244097876444775E-003
  0.96689472588163972        5.6779591898834273E-003
  0.97084136951799027        5.8380872728999670E-003
  0.97480412245308368        6.0047272788712738E-003
  0.97878305044140190        6.1778086344299148E-003
  0.98277821950582100        6.3572570483795571E-003
  0.98678969593870736        6.5429946118000714E-003
  0.99081754630301844        6.7349399003460413E-003
  0.99486183743340539        6.9330080785490319E-003
  0.99892263643732426        7.1371110059334046E-003
   1.0030000106961476        7.3471573447610313E-003
   1.0070940278662834        7.5630526692220656E-003
   1.0112047558802988        7.7846995758944978E-003
   1.0153322629480441        8.0119977952960008E-003
   1.0194766175577885        8.2448443043586523E-003
   1.0236378884773538        8.4831334396597898E-003
   1.0278161447552574        8.7267570112451280E-003
   1.0320114557218547        8.9756044168885912E-003
   1.0362238909904942        9.2295627566328746E-003
   1.0404535204586696        9.4885169474633584E-003
   1.0447004143091787        9.7523498379697652E-003
   1.0489646430112913        1.0020942322857256E-002
   1.0532462773219167        1.0294173457171618E-002
   1.0575453882867758        1.0571920570106922E-002
   1.0618620472415838        1.0854059378274022E-002
   1.0661963258132321        1.1140464098305573E-002
   1.0705482959209747        1.1431007558684893E-002
   1.0749180297776255        1.1725561310687305E-002
   1.0793055998907541        1.2023995738327306E-002
   1.0837110790638902        1.2326180167212462E-002
   1.0881345403977287        1.2631982972206513E-002
   1.0925760572913470        1.2941271683811031E-002
   1.0970357034434204        1.3253913093179432E-002
   1.1015135528534441        1.3569773355680742E-002
   1.1060096798229635        1.3888718092936949E-002
   1.1105241589568067        1.4210612493260449E-002
   1.1150570651643195        1.4535321410424183E-002
   1.1196084736606120        1.4862709460700448E-002
   1.1241784599678060        1.5192641118109586E-002
   1.1287670999162849        1.5524980807823000E-002
   1.1333744696459565        1.5859592997670618E-002
   1.1380006456075142        1.6196342287705071E-002
   1.1426457045637044        1.6535093497781060E-002
   1.1473097235906025        1.6875711753110534E-002
   1.1519927800788912        1.7218062567759478E-002
   1.1566949517351428        1.7562011926054409E-002
   1.1614163165831117        1.7907426361871641E-002
   1.1661569529650266        1.8254173035785904E-002
   1.1709169395428922        1.8602119810056703E-002
   1.1756963552997917        1.8951135321435983E-002
   1.1804952795412009        1.9301089051783300E-002
   1.1853137918963028        1.9651851396477418E-002
   1.1901519723193061        2.0003293730615761E-002
   1.1950099010907769        2.0355288472999236E-002
   1.1998876588189678        2.0707709147896998E-002
   1.2047853264411541        2.1060430444594151E-002
   1.2097029852249803        2.1413328274725585E-002
   1.2146407167698074        2.1766279827399666E-002
   1.2195986030080641        2.2119163622121473E-002
   1.2245767262066105        2.2471859559525766E-002
   1.2295751689681005        2.2824248969931848E-002
   1.2345940142323542        2.3176214659734087E-002
   1.2396333452777308        2.3527640955646044E-002
   1.2446932457225151        2.3878413746816082E-002
   1.2497737995263021        2.4228420524833871E-002
   1.2548750909913893        2.4577550421650440E-002
   1.2599972047641785        2.4925694245435039E-002
   1.2651402258365791        2.5272744514393725E-002
   1.2703042395474162        2.5618595488575424E-002
   1.2754893315838498        2.5963143199694009E-002
   1.2806955879827961        2.6306285478995110E-002
   1.2859230951323521        2.6647921983195752E-002
   1.2911719397732333        2.6987954218531857E-002
   1.2964422090002106        2.7326285562941147E-002
   1.3017339902635547        2.7662821286417522E-002
   1.3070473713704895        2.7997468569569469E-002
   1.3123824404866489        2.8330136520417250E-002
   1.3177392861375357        2.8660736189463534E-002
   1.3231179972099965        2.8989180583074321E-002
   1.3285186629536925        2.9315384675205912E-002
   1.3339413729825829        2.9639265417514299E-002
   1.3393862172764077        2.9960741747884795E-002
   1.3448532861821869        3.0279734597420418E-002
   1.3503426704157151        3.0596166895924207E-002
   1.3558544610630672        3.0909963575916778E-002
   1.3613887495821120        3.1221051575225672E-002
   1.3669456278040288        3.1529359838184445E-002
   1.3725251879348284        3.1834819315482009E-002
   1.3781275225568879        3.2137362962699402E-002
   1.3837527246304846        3.2436925737572002E-002
   1.3894008874953359        3.2733444596017860E-002
   1.3950721048721533        3.3026858486968125E-002
   1.4007664708641934        3.3317108346039723E-002
   1.4064840799588225        3.3604137088087231E-002
   1.4122250270290799        3.3887889598672206E-002
   1.4179894073352572        3.4168312724488066E-002
   1.4237773165264773        3.4445355262777665E-002
   1.4295888506422783        3.4718967949779043E-002
   1.4354241061142121        3.4989103448239953E-002
   1.4412831797674421        3.5255716334032697E-002
   1.4471661688223481        3.5518763081909391E-002
   1.4530731708961429        3.5778202050430218E-002
   1.4590042840044910        3.6033993466102365E-002
   1.4649596065631323        3.6286099406761536E-002
   1.4709392373895191        3.6534483784232907E-002
   1.4769432757044543        3.6779112326303584E-002
   1.4829718211337348        3.7019952558039859E-002
   1.4890249737098105        3.7256973782482869E-002
   1.4951028338734396        3.7490147060753216E-002
   1.5012055024753554        3.7719445191598415E-002
   1.5073330807779428        3.7944842690410992E-002
   1.5134856704569155        3.8166315767751091E-002
   1.5196633736030056        3.8383842307400412E-002
   1.5258662927236537        3.8597401843978925E-002
   1.5320945307447145        3.8806975540151709E-002
   1.5383481910121630        3.9012546163454259E-002
   1.5446273772938062        3.9214098062763762E-002
   1.5509321937810101        3.9411617144443550E-002
   1.5572627450904259        3.9605090848185615E-002
   1.5636191362657244        3.9794508122578134E-002
   1.5700014727793419        3.9979859400422764E-002
   1.5764098605342303        4.0161136573824169E-002
   1.5828444058656099        4.0338332969078391E-002
   1.5893052155427401        4.0511443321380597E-002
   1.5957923967706868        4.0680463749376734E-002
   1.6023060571921037        4.0845391729577768E-002
   1.6088463048890147        4.1006226070662184E-002
   1.6154132483846122        4.1162966887682756E-002
   1.6220069966450557        4.1315615576200775E-002
   1.6286276590812767        4.1464174786365521E-002
   1.6352753455508005        4.1608648396957965E-002
   1.6419501663595648        4.1749041489417466E-002
   1.6486522322637496        4.1885360321867605E-002
   1.6553816544716176        4.2017612303160319E-002
   1.6621385446453594        4.2145805966952096E-002
   1.6689230149029417        4.2269950945830401E-002
   1.6757351778199741        4.2390057945503878E-002
   1.6825751464315746        4.2506138719072203E-002
   1.6894430342342412        4.2618206041388412E-002
   1.6963389551877424        4.2726273683529360E-002
   1.7032630237170037        4.2830356387384368E-002
   1.7102153547140044        4.2930469840377995E-002
   1.7171960635396897        4.3026630650336101E-002
   1.7242052660258809        4.3118856320507680E-002
   1.7312430784771990        4.3207165224755303E-002
   1.7383096176729915        4.3291576582920384E-002
   1.7454050008692747        4.3372110436378140E-002
   1.7525293458006783        4.3448787623788745E-002
   1.7596827706823941        4.3521629757053849E-002
   1.7668653942121444        4.3590659197488731E-002
   1.7740773355721486        4.3655899032217442E-002
   1.7813187144310982        4.3717373050878028E-002
   1.7885896509461472        4.3775105722170457E-002
   1.7958902657649043        4.3829122171430208E-002
   1.8032206800274309        4.3879448157683201E-002
   1.8105810153682576        4.3926110051337550E-002
   1.8179713939183981        4.3969134812064006E-002
   1.8253919383073787        4.4008549966945344E-002
   1.8328427716652678        4.4044383588898187E-002
   1.8403240176247260        4.4076664275374253E-002
   1.8478358003230537        4.4105421127343163E-002
   1.8553782444042495        4.4130683728562145E-002
   1.8629514750210820        4.4152482125135034E-002
   1.8705556178371661        4.4170846805365961E-002
   1.8781907990290427        4.4185808679906957E-002
   1.8858571452882809        4.4197399062206669E-002
   1.8935547838235744        4.4205649649259479E-002
   1.9012838423628520        4.4210592502657707E-002
   1.9090444491554013        4.4212260029949345E-002
   1.9168367329739937        4.4210684966302427E-002
   1.9246608231170197        4.4205900356477743E-002
   1.9325168494106386        4.4197939537110265E-002
   1.9404049422109304        4.4186836119300181E-002
   1.9483252324060565        4.4172623971515473E-002
   1.9562778514184365        4.4155337202804248E-002
   1.9642629312069249        4.4135010146318335E-002
   1.9722806042690040        4.4111677343147859E-002
   1.9803310036429771        4.4085373526466444E-002
   1.9884142629101824        4.4056133605986370E-002
   1.9965305161972071        4.4023992652723373E-002
   2.0046798981781091        4.3988985884069881E-002
   2.0128625440766581        4.3951148649175903E-002
   2.0210785896685763        4.3910516414636544E-002
   2.0293281712837890        4.3867124750484890E-002
   2.0376114258086915        4.3821009316487726E-002
   2.0459284906884188        4.3772205848744264E-002
   2.0542795039291217        4.3720750146584580E-002
   2.0626646041002639        4.3666678059766283E-002
   2.0710839303369175        4.3610025475968969E-002
   2.0795376223420732        4.3550828308580272E-002
   2.0880258203889532        4.3489122484777334E-002
   2.0965486653233478        4.3424943933894816E-002
   2.1051062985659468        4.3358328576082253E-002
   2.1136988621146831        4.3289312311245304E-002
   2.1223264985470975        4.3217931008268790E-002
   2.1309893510226989        4.3144220494519707E-002
   2.1396875632853374        4.3068216545626412E-002
   2.1484212796655959        4.2989954875531394E-002
   2.1571906450831819        4.2909471126815063E-002
   2.1659958050493291        4.2826800861287005E-002
   2.1748369056692178        4.2741979550841969E-002
   2.1837140936443968        4.2655042568576967E-002
   2.1926275162752127        4.2566025180167527E-002
   2.2015773214632635        4.2474962535498560E-002
   2.2105636577138457        4.2381889660546283E-002
   2.2195866741384194        4.2286841449510552E-002
   2.2286465204570853        4.2189852657190011E-002
   2.2377433470010675        4.2090957891601055E-002
   2.2468773047152077        4.1990191606833767E-002
   2.2560485451604677        4.1887588096143243E-002
   2.2652572205164492        4.1783181485272665E-002
   2.2745034835839171        4.1677005726003823E-002
   2.2837874877873303        4.1569094589932389E-002
   2.2931093871773944        4.1459481662463916E-002
   2.3024693364336155        4.1348200337027616E-002
   2.3118674908668622        4.1235283809503226E-002
   2.3213040064219506        4.1120765072860103E-002
   2.3307790396802273        4.1004676912000035E-002
   2.3402927478621649        4.0887051898806627E-002
   2.3498452888299783        4.0767922387392075E-002
   2.3594368210902377        4.0647320509541368E-002
   2.3690675037965030        4.0525278170348247E-002
   2.3787374967519588        4.0401827044041640E-002
   2.3884469604120731        4.0276998569995615E-002
   2.3981960558872570        4.0150823948924066E-002
   2.4079849449455333        4.0023334139251895E-002
   2.4178137900152290        3.9894559853662470E-002
   2.4276827541876669        3.9764531555816461E-002
   2.4375920012198664        3.9633279457238886E-002
   2.4475416955372706        3.9500833514371725E-002
   2.4575320022364697        3.9367223425786635E-002
   2.4675630870879357        3.9232478629557789E-002
   2.4776351165387829        3.9096628300787140E-002
   2.4877482577155234        3.8959701349283317E-002
   2.4979026784268394        3.8821726417387431E-002
   2.5080985471663721        3.8682731877943799E-002
   2.5183360331155162        3.8542745832413405E-002
   2.5286153061462220        3.8401796109124468E-002
   2.5389365368238228        3.8259910261659258E-002
   2.5492998964098588        3.8117115567372808E-002
   2.5597055568649218        3.7973439026040431E-002
   2.5701536908515048        3.7828907358632140E-002
   2.5806444717368717        3.7683547006208261E-002
   2.5911780735959340        3.7537384128937173E-002
   2.6017546712141315        3.7390444605228043E-002
   2.6123744400903441        3.7242754030979083E-002
   2.6230375564397970        3.7094337718936027E-002
   2.6337441971969815        3.6945220698159309E-002
   2.6444945400185995        3.6795427713596583E-002
   2.6552887632865070        3.6644983225757474E-002
   2.6661270461106703        3.6493911410489382E-002
   2.6770095683321458        3.6342236158849267E-002
   2.6879365105260575        3.6189981077070360E-002
   2.6989080540045989        3.6037169486621445E-002
   2.7099243808200328        3.5883824424353797E-002
   2.7209856737677236        3.5729968642737205E-002
   2.7320921163891634        3.5575624610177589E-002
   2.7432438929750149        3.5420814511418569E-002
   2.7544411885681774        3.5265560248020897E-002
   2.7656841889668535        3.5109883438919631E-002
   2.7769730807276272        3.4953805421055015E-002
   2.7883080511685678        3.4797347250076688E-002
   2.7996892883723348        3.4640529701116168E-002
   2.8111169811892935        3.4483373269629025E-002
   2.8225913192406575        3.4325898172300855E-002
   2.8341124929216317        3.4168124348016859E-002
   2.8456806934045655        3.4010071458893787E-002
   2.8572961126421350        3.3851758891369120E-002
   2.8689589433705232        3.3693205757348521E-002
   2.8806693791126143        3.3534430895407821E-002
   2.8924276141812122        3.3375452872048378E-002
   2.9042338436822610        3.3216289983002731E-002
   2.9160882635180831        3.3056960254590532E-002
   2.9279910703906258        3.2897481445120447E-002
   2.9399424618047334        3.2737871046339038E-002
   2.9519426360714194        3.2578146284921547E-002
   2.9639917923111532        3.2418324124007039E-002
   2.9760901304571732        3.2258421264770701E-002
   2.9882378512587997        3.2098454148037199E-002
   3.0004351562847607        3.1938438955929675E-002
   3.0126822479265480        3.1778391613554308E-002
   3.0249793294017673        3.1618327790718138E-002
   3.0373266047575087        3.1458262903680173E-002
   3.0497242788737404        3.1298212116931068E-002
   3.0621725574667020        3.1138190345004112E-002
   3.0746716470923223        3.0978212254312458E-002
   3.0872217551496384        3.0818292265013106E-002
   3.0998230898842483        3.0658444552895764E-002
   3.1124758603917613        3.0498683051295022E-002
   3.1251802766212617        3.0339021453025021E-002
   3.1379365493788032        3.0179473212334863E-002
   3.1507448903309023        3.0020051546883621E-002
   3.1636055120080444        2.9860769439734407E-002
   3.1765186278082207        2.9701639641364228E-002
   3.1894844520004644        2.9542674671691652E-002
   3.2025031997284015        2.9383886822118441E-002
   3.2155750870138298        2.9225288157584895E-002
   3.2287003307602982        2.9066890518638311E-002
   3.2418791487567020        2.8908705523513302E-002
   3.2551117596809069        2.8750744570222315E-002
   3.2683983831033703        2.8593018838655931E-002
   3.2817392394907818        2.8435539292691967E-002
   3.2951345502097307        2.8278316682312486E-002
   3.3085845375303724        2.8121361545727377E-002
   3.3220894246301196        2.7964684211503839E-002
   3.3356494355973410        2.7808294800700836E-002
   3.3492647954350852        2.7652203229008191E-002
   3.3629357300648142        2.7496419208889084E-002
   3.3766624663301439        2.7340952251724254E-002
   3.3904452320006189        2.7185811669958877E-002
   3.4042842557754875        2.7031006579250505E-002
   3.4181797672874907        2.6876545900616750E-002
   3.4321319971066844        2.6722438362583305E-002
   3.4461411767442565        2.6568692503330174E-002
   3.4602075386563675        2.6415316672836781E-002
   3.4743313162480152        2.6262319035024059E-002
   3.4885127438769019        2.6109707569894766E-002
   3.5027520568573265        2.5957490075668603E-002
   3.5170494914640815        2.5805674170914183E-002
   3.5314052849363842        2.5654267296676102E-002
   3.5458196754818094        2.5503276718596347E-002
   3.5602929022802345        2.5352709529030550E-002
   3.5748252054878202        2.5202572649156978E-002
   3.5894168262409902        2.5052872831079646E-002
   3.6040680066604258        2.4903616659923432E-002
   3.6187789898550959        2.4754810555921929E-002
   3.6335500199262847        2.4606460776496298E-002
   3.6483813419716364        2.4458573418326936E-002
   3.6632732020892336        2.4311154419414525E-002
   3.6782258473816740        2.4164209561132619E-002
   3.6932395259601685        2.4017744470270198E-002
   3.7083144869486642        2.3871764621064051E-002
   3.7234509804879772        2.3726275337220232E-002
   3.7386492577399353        2.3581281793925810E-002
   3.7539095708915569        2.3436789019848053E-002
   3.7692321731592284        2.3292801899122827E-002
   3.7846173187929102        2.3149325173331497E-002
   3.8000652630803460        2.3006363443465350E-002
   3.8155762623513128        2.2863921171877532E-002
   3.8311505739818670        2.2722002684223107E-002
   3.8467884563986092        2.2580612171385545E-002
   3.8624901690829847        2.2439753691390549E-002
   3.8782559725755825        2.2299431171306935E-002
   3.8940861284804527        2.2159648409133231E-002
   3.9099808994694594        2.2020409075671248E-002
   3.9259405492866346        2.1881716716385537E-002
   3.9419653427525452        2.1743574753249211E-002
   3.9580555457687030        2.1605986486574434E-002
   3.9742114253219660        2.1468955096830354E-002
   3.9904332494889743        2.1332483646444897E-002
   4.0067212874405893        2.1196575081592742E-002
   4.0230758094463717        2.1061232233968302E-002
   4.0394970868790629        2.0926457822544032E-002
   4.0559853922190783        2.0792254455313457E-002
   4.0725409990590427        2.0658624630993744E-002
   4.0891641821083224        2.0525570740839397E-002
   4.1058552171975808        2.0393095070190711E-002
   4.1226143812833644        2.0261199800254016E-002
   4.1394419524526915        2.0129887009744461E-002
   4.1563382099276636        1.9999158676537176E-002
   4.1733034340701094        1.9869016679303405E-002
   4.1903379063862296        1.9739462799133734E-002
   4.2074419095312638        1.9610498721129407E-002
   4.2246157273141920        1.9482126036011401E-002
   4.2418596447024361        1.9354346241680254E-002
   4.2591739478265858        1.9227160744776824E-002
   4.2765589239851547        1.9100570862224067E-002
   4.2940148616493437        1.8974577822753348E-002
   4.3115420504678283        1.8849182768414009E-002
   4.3291407812715565        1.8724386756068814E-002
   4.3468113460785895        1.8600190758872048E-002
   4.3645540380989400        1.8476595667732555E-002
   4.3823691517394279        1.8353602292761374E-002
   4.4002569826085844        1.8231211364703251E-002
   4.4182178275215458        1.8109423536352320E-002
   4.4362519845049730        1.7988239383952501E-002
   4.4543597528020111        1.7867659408582100E-002
   4.4725414328772475        1.7747684037523099E-002
   4.4907973264216903        1.7628313625614164E-002
   4.5091277363577875        1.7509548456589159E-002
   4.5275329668444471        1.7391388744399324E-002
   4.5460133232820850        1.7273834634520653E-002
   4.5645691123176864        1.7156886205245619E-002
   4.5832006418499045        1.7040543468959675E-002
   4.6019082210341660        1.6924806373402670E-002
   4.6206921602877928        1.6809674802914804E-002
   4.6395527712951647        1.6695148579667741E-002
   4.6584903670128890        1.6581227464880929E-002
   4.6775052616749795        1.6467911160022095E-002
   4.6965977707980926        1.6355199307994041E-002
   4.7157682111867478        1.6243091494305466E-002
   4.7350169009385850        1.6131587248228437E-002
   4.7543441594496505        1.6020686043939542E-002
   4.7737503074196939        1.5910387301648135E-002
   4.7932356668574805        1.5800690388709064E-002
   4.8128005610861475        1.5691594620721377E-002
   4.8324453147485658        1.5583099262612792E-002
   4.8521702538127149        1.5475203529709904E-002
   4.8719757055771122        1.5367906588794316E-002
   4.8918619986762248        1.5261207559144733E-002
   4.9118294630859394        1.5155105513565217E-002
   4.9318784301290162        1.5049599479399585E-002
   4.9520092324806102        1.4944688439532346E-002
   4.9722222041737796        1.4840371333375315E-002
   4.9925176806050207        1.4736647057842016E-002
   5.0128959985398502        1.4633514468307169E-002
   5.0333574961183860        1.4530972379554185E-002
   5.0539025128609465        1.4429019566708480E-002
   5.0745313896737043        1.4327654766158712E-002
   5.0952444688543324        1.4226876676463777E-002
   5.1160420940976774        1.4126683959248897E-002
   5.1369246105014765        1.4027075240086239E-002
   5.1578923645720769        1.3928049109365355E-002
   5.1789457042301867        1.3829604123149939E-002
   5.2000849788166388        1.3731738804022196E-002
   5.2213105390982024        1.3634451641915329E-002
   5.2426227372734004        1.3537741094933331E-002
   5.2640219269783390        1.3441605590159026E-002
   5.2855084632925946        1.3346043524450093E-002
   5.3070827027450962        1.3251053265223002E-002
   5.3287450033200381        1.3156633151225691E-002
   5.3504957244628288        1.3062781493297849E-002
   5.3723352270860527        1.2969496575120698E-002
   5.3942638735754480        1.2876776653954352E-002
   5.4162820277959387        1.2784619961364541E-002
   5.4383900550976607        1.2693024703937933E-002
   5.4605883223220175        1.2601989063986322E-002
   5.4828771978077846        1.2511511200240254E-002
   5.5052570513972130        1.2421589248531132E-002
   5.5277282544421542        1.2332221322463227E-002
   5.5502911798102446        1.2243405514074882E-002
   5.5729462018910780        1.2155139894488992E-002
   5.5956936966024218        1.2067422514553403E-002
   5.6185340413964466        1.1980251405470987E-002
   5.6414676152660075        1.1893624579419369E-002
   5.6644947987509173        1.1807540030160686E-002
   5.6876159739442613        1.1721995733641750E-002
   5.7108315244987482        1.1636989648583725E-002
   5.7341418356330687        1.1552519717062715E-002
   5.7575472941382806        1.1468583865080416E-002
   5.7810482883842447        1.1385180003125278E-002
   5.8046452083260549        1.1302306026724497E-002
   5.8283384455105089        1.1219959816986470E-002
   5.8521283930826149        1.1138139241134304E-002
   5.8760154457921070        1.1056842153030082E-002
