  0.10000000000000001       0.25155701031707145     
  0.10040817718110437       0.27537789643216198     
  0.10081802044832047       0.29709812411529823     
  0.10122953660223166       0.31519184341954509     
  0.10164273247117964       0.32841582751832926     
  0.10205761491137796       0.33588148451487465     
  0.10247419080702558       0.33710046395785165     
  0.10289246707042120       0.33200220409815390     
  0.10331245064207799       0.32092369928800296     
  0.10373414849083867       0.30457355533390507     
  0.10415756761399117       0.28397393754410039     
  0.10458271503738485       0.26038522013551335     
  0.10500959781554686       0.23521896324162844     
  0.10543822303179938       0.20994525085055427     
  0.10586859779837712       0.18600042368407921     
  0.10630072925654524       0.16470086488840913     
  0.10673462457671801       0.14716779442727132     
  0.10717029095857759       0.13426706754144685     
  0.10760773563119364       0.12656683152595904     
  0.10804696585314330       0.12431465622326723     
  0.10848798891263144       0.12743449922332173     
  0.10893081212761184       0.13554267334317927     
  0.10937544284590843       0.14798091826475368     
  0.10982188844533726       0.16386379399016304     
  0.11027015633382903       0.18213694970646355     
  0.11072025394955184       0.20164240035176106     
  0.11117218876103470       0.22118677126362779     
  0.11162596826729153       0.23960854040189597     
  0.11208159999794542       0.25584059621000832     
  0.11253909151335369       0.26896490485332436     
  0.11299845040473337       0.27825670298615346     
  0.11345968429428700       0.28321635597976003     
  0.11392280083532935       0.28358779930584910     
  0.11438780771241415       0.27936326594408378     
  0.11485471264146174       0.27077475203225382     
  0.11532352336988719       0.25827334869315427     
  0.11579424767672861       0.24249813926602781     
  0.11626689337277650       0.22423680533741211     
  0.11674146830070313       0.20438038790163254     
  0.11721798033519278       0.18387480618529814     
  0.11769643738307244       0.16367174878776103     
  0.11817684738344295       0.14468142976018417     
  0.11865921830781066       0.12772946214571756     
  0.11914355816021997       0.11351976417485493     
  0.11962987497738581       0.10260500287084945     
  0.12011817682882717        9.5365622143153195E-002
  0.12060847181700105        9.1998023693404984E-002
  0.12110076807743671        9.2511994334232905E-002
  0.12159507377887094        9.6737025512816877E-002
  0.12209139712338332       0.10433676966410668     
  0.12258974634653247       0.11483053936101512     
  0.12309012971749274       0.12762049065297709     
  0.12359255553919130       0.14202294857964937     
  0.12409703214844603       0.15730223327082327     
  0.12460356791610375       0.17270532778255462     
  0.12511217124717913       0.18749578862341568     
  0.12562285058099434       0.20098542838295058     
  0.12613561439131882       0.21256248608425399     
  0.12665047118650996       0.22171523217403558     
  0.12716742950965446       0.22805021773735207     
  0.12768649793870987       0.23130465756817004     
  0.12820768508664696       0.23135272047993177     
  0.12873099960159279       0.22820577497672428     
  0.12925645016697404       0.22200689282289379     
  0.12978404550166117       0.21302013764511946     
  0.13031379436011306       0.20161535303550068     
  0.13084570553252231       0.18824930946397248     
  0.13137978784496107       0.17344416866097379     
  0.13191605015952751       0.15776427717869540     
  0.13245450137449291       0.14179230878259830     
  0.13299515042444918       0.12610574115622833     
  0.13353800628045717       0.11125458062319872     
  0.13408307795019572        9.7741144889514756E-002
  0.13463037447811083        8.6002584724982289E-002
  0.13517990494556581        7.6396678075799168E-002
  0.13573167847099218        6.9191271545714333E-002
  0.13628570421004074        6.4557581577775580E-002
  0.13684199135573349        6.2567407680832854E-002
  0.13740054913861643        6.3194158701608855E-002
  0.13796138682691236        6.6317455647208090E-002
  0.13852451372667493        7.1730955159380660E-002
  0.13908993918194296        7.9152939636044223E-002
  0.13965767257489561        8.8239145318562320E-002
  0.14022772332600780        9.8597249484527028E-002
  0.14080010089420669       0.10980241226400547     
  0.14137481477702879       0.12141326666737362     
  0.14195187451077720       0.13298777049889285     
  0.14253128967068007       0.14409837357940647     
  0.14311306987104958       0.15434601023051586     
  0.14369722476544117       0.16337249702112303     
  0.14428376404681392       0.17087099585963286     
  0.14487269744769149       0.17659428906794883     
  0.14546403474032335       0.18036070259028542     
  0.14605778573684705       0.18205760264269127     
  0.14665396028945119       0.18164247685103363     
  0.14725256829053859       0.17914169057334475     
  0.14785361967289068       0.17464708040109836     
  0.14845712440983222       0.16831060799498093     
  0.14906309251539690       0.16033734713533460     
  0.14967153404449324       0.15097711434766964     
  0.15028245909307170       0.14051507836682420     
  0.15089587779829214       0.12926169614266114     
  0.15151180033869191       0.11754232358093986     
  0.15213023693435482       0.10568683862081768     
  0.15275119784708088        9.4019593732247220E-002
  0.15337469338055626        8.2849985856323138E-002
  0.15400073388052446        7.2463895755969426E-002
  0.15462932973495802        6.3116207338176369E-002
  0.15526049137423079        5.5024572433258673E-002
  0.15589422927129087        4.8364539432443177E-002
  0.15653055394183482        4.3266116681943495E-002
  0.15716947594448166        3.9811795084113255E-002
  0.15781100588094832        3.8036010287248151E-002
  0.15845515439622559        3.7925984299409715E-002
  0.15910193217875471        3.9423850283239276E-002
  0.15975134996060453        4.2429933413011378E-002
  0.16040341851764989        4.6807035522595852E-002
  0.16105814866975027        5.2385552152372034E-002
  0.16171555128092935        5.8969237621336379E-002
  0.16237563725955523        6.6341426826621128E-002
  0.16303841755852153        7.4271521356215300E-002
  0.16370390317542910        8.2521551795048803E-002
  0.16437210515276834        9.0852637289991267E-002
  0.16504303457810285        9.9031176899526008E-002
  0.16571670258425286       0.10683462430148521     
  0.16639312034948034       0.11405671733554237     
  0.16707229909767446       0.12051205586340721     
  0.16775425009853762       0.12603994478940883     
  0.16843898466777257       0.13050744307076659     
  0.16912651416727026       0.13381158347552330     
  0.16981685000529834       0.13588075108841202     
  0.17051000363669019       0.13667523056170972     
  0.17120598656303537       0.13618695237802517     
  0.17190481033287031       0.13443848653818513     
  0.17260648654186983       0.13148134780054135     
  0.17331102683303970       0.12739368965703762     
  0.17401844289690985       0.12227747450148810     
  0.17472874647172817       0.11625521487431427     
  0.17544194934365545       0.10946638527976058     
  0.17615806334696094       0.10206360595969986     
  0.17687710036421864        9.4208699327178597E-002
  0.17759907232650440        8.6068716718569138E-002
  0.17832399121359424        7.7812027963875305E-002
  0.17905186905416270        6.9604559280172174E-002
  0.17978271792598266        6.1606256465849191E-002
  0.18051654995612570        5.3967840628405400E-002
  0.18125337732116351        4.6827913035223351E-002
  0.18199321224736950        4.0310454449987279E-002
  0.18273606701092207        3.4522752810851126E-002
  0.18348195393810826        2.9553781605828833E-002
  0.18423088540552804        2.5473040068873021E-002
  0.18498287384029991        2.2329855592078854E-002
  0.18573793172026712        2.0153138730318529E-002
  0.18649607157420448        1.8951572036431108E-002
  0.18725730598202642        1.8714205846248527E-002
  0.18802164757499584        1.9411427137400003E-002
  0.18878910903593346        2.0996261784572090E-002
  0.18955970309942835        2.3405965965186515E-002
  0.19033344255204943        2.6563859141104512E-002
  0.19111034023255730        3.0381348934313032E-002
  0.19189040903211749        3.4760097282485677E-002
  0.19267366189451438        3.9594277437177972E-002
  0.19346011181636599        4.4772872567781119E-002
  0.19424977184733941        5.0181968858045614E-002
  0.19504265509036750        5.5706998916914385E-002
  0.19583877470186650        6.1234894951694915E-002
  0.19663814389195391        6.6656115344287670E-002
  0.19744077592466802        7.1866512903615565E-002
  0.19824668411818794        7.6769018013991858E-002
  0.19905588184505443        8.1275115037863069E-002
  0.19986838253239200        8.5306095546172120E-002
  0.20068419966213161        8.8794077131863575E-002
  0.20150334677123438        9.1682781613002404E-002
  0.20232583745191612        9.3928071262862900E-002
  0.20315168535187320        9.5498246238150869E-002
  0.20398090417450848        9.6374110548160113E-002
  0.20481350767915915        9.6548817664275616E-002
  0.20564950968132489        9.6027510170317201E-002
  0.20648892405289709        9.4826770671212729E-002
  0.20733176472238896        9.2973903493416804E-002
  0.20817804567516671        9.0506068519244934E-002
  0.20902778095368180        8.7469289802854677E-002
  0.20988098465770355        8.3917362430971670E-002
  0.21073767094455342        7.9910681437945066E-002
  0.21159785402933992        7.5515016490272327E-002
  0.21246154818519422        7.0800255554572533E-002
  0.21332876774350720        6.5839139893653503E-002
  0.21419952709416737        6.0706011540269458E-002
  0.21507384068579924        5.5475592922066136E-002
  0.21595172302600341        5.0221816600455590E-002
  0.21683318868159726        4.5016721187381342E-002
  0.21771825227885655        3.9929427463564496E-002
  0.21860692850375804        3.5025206584923890E-002
  0.21949923210222347        3.0364650073725977E-002
  0.22039517788036408        2.6002949088320376E-002
  0.22129478070472614        2.1989288287730682E-002
  0.22219805550253774        1.8366357489216362E-002
  0.22310501726195672        1.5169982288664993E-002
  0.22401568103231900        1.2428872901980997E-002
  0.22493006192438844        1.0164488712959954E-002
  0.22584817511060773        8.3910143980246432E-003
  0.22677003582534988        7.1154420548796837E-003
  0.22769565936517111        6.3377525011900498E-003
  0.22862506108906488        6.0511878372741801E-003
  0.22955825641871638        6.2426064866949182E-003
  0.23049526083875860        6.8929112401459741E-003
  0.23143608989702943        7.9775403279154639E-003
  0.23238075920482931        9.4670112283656294E-003
  0.23332928443718048        1.1327506775919746E-002
  0.23428168133308711        1.3521493151393726E-002
  0.23523796569579644        1.6008359508116229E-002
  0.23619815339306083        1.8745069295392269E-002
  0.23716226035740115        2.1686813772014243E-002
  0.23813030258637141        2.4787658741310101E-002
  0.23910229614282377        2.8001176169900235E-002
  0.24007825715517533        3.1281053059075560E-002
  0.24105820181767584        3.4581670704648716E-002
  0.24204214639067612        3.7858648292943754E-002
  0.24303010720089804        4.1069345622373611E-002
  0.24402210064170560        4.4173320597648870E-002
  0.24501814317337661        4.7132738003878870E-002
  0.24601825132337590        4.9912726918407736E-002
  0.24702244168662996        5.2481684947981000E-002
  0.24803073092580163        5.4811528277907362E-002
  0.24904313577156709        5.6877887279425512E-002
  0.25005967302289334        5.8660248134062384E-002
  0.25108035954731700        6.0142041593105558E-002
  0.25210521228122396        6.1310680591416658E-002
  0.25313424823013059        6.2157548973843089E-002
  0.25416748446896609        6.2677944066766370E-002
  0.25520493814235545        6.2870976235356618E-002
  0.25624662646490398        6.2739428908218667E-002
  0.25729256672148348        6.2289582825829047E-002
  0.25834277626751834        6.1531008478665709E-002
  0.25939727252927380        6.0476330847221690E-002
  0.26045607300414547        5.9140970641959022E-002
  0.26151919526094891        5.7542866269910418E-002
  0.26258665694021183        5.5702180729830478E-002
  0.26365847575446660        5.3640997563805796E-002
  0.26473466948854396        5.1383009874423791E-002
  0.26581525599986822        4.8953206257709166E-002
  0.26690025321875377        4.6377557307974576E-002
  0.26798967914870253        4.3682706126280141E-002
  0.26908355186670235        4.0895666014402504E-002
  0.27018188952352734        3.8043528265794643E-002
  0.27128471034403900        3.5153182678804601E-002
  0.27239203262748851        3.2251053119863177E-002
  0.27350387474782023        2.9362850159861106E-002
  0.27462025515397709        2.6513342499511115E-002
  0.27574119237020622        2.3726148593024993E-002
  0.27686670499636645        2.1023549577309703E-002
  0.27799681170823720        1.8426324319346571E-002
  0.27913153125782791        1.5953607110269906E-002
  0.28027088247368953        1.3622768263363408E-002
  0.28141488426122702        1.1449317616928772E-002
  0.28256355560301261        9.4468307035358717E-003
  0.28371691555910122        7.6268971259744467E-003
  0.28487498326734656        5.9990904785092170E-003
  0.28603777794371876        4.5709589705313358E-003
  0.28720531888262307        3.3480357490126150E-003
  0.28837762545721990        2.3338677765250004E-003
  0.28955471711974690        1.5300620030026663E-003
  0.29073661340184104        9.3634747166185250E-004
  0.29192333391486291        5.5065192210973501E-004
  0.29311489835022253        3.6919139603940054E-004
  0.29431132647970543        3.8657131221099539E-004
  0.29551263815580109        5.9589745672489203E-004
  0.29671885331203263        9.8889533080286085E-004
  0.29792999196328690        1.5560363103063607E-003
  0.29914607420614708        2.2866690976961063E-003
  0.30036712021922612        3.1691549868591157E-003
  0.30159315026350136        4.1910055127855617E-003
  0.30282418468265071        5.3390211201729265E-003
  0.30406024390339059        6.5994295562033234E-003
  0.30530134843581452        7.9580227717394175E-003
  0.30654751887373349        9.4002912005793499E-003
  0.30779877589501764        1.0911554376959703E-002
  0.30905514026193970        1.2477086945934836E-002
  0.31031663282151906        1.4082239218392696E-002
  0.31158327450586787        1.5712551521156470E-002
  0.31285508633253861        1.7353861691825130E-002
  0.31413208940487242        1.8992405166732312E-002
  0.31541430491234945        2.0614907207741978E-002
  0.31670175413094059        2.2208666908752207E-002
  0.31799445842346041        2.3761632714972863E-002
  0.31929243923992134        2.5262469276680924E-002
  0.32059571811789023        2.6700615543611229E-002
  0.32190431668284508        2.8066334085975267E-002
  0.32321825664853443        2.9350751702888242E-002
  0.32453755981733712        3.0545891448402474E-002
  0.32586224808062436        3.1644696269162713E-002
  0.32719234341912323        3.2641044505703508E-002
  0.32852786790328065        3.3529757561530177E-002
  0.32986884369363056        3.4306600090288381E-002
  0.33121529304116082        3.4968273091549817E-002
  0.33256723828768275        3.5512400340098636E-002
  0.33392470186620210        3.5937508602189819E-002
  0.33528770630129073        3.6243002115244852E-002
  0.33665627420946076        3.6429131825022269E-002
  0.33803042829953994        3.6496959886702117E-002
  0.33941019137304806        3.6448319943802265E-002
  0.34079558632457546        3.6285773701665164E-002
  0.34218663614216327        3.6012564310765514E-002
  0.34358336390768413        3.5632567069538212E-002
  0.34498579279722608        3.5150237947204996E-002
  0.34639394608147639        3.4570560414482657E-002
  0.34780784712610791        3.3898991054431463E-002
  0.34922751939216706        3.3141404407400488E-002
  0.35065298643646264        3.2304037483360949E-002
  0.35208427191195729        3.1393434352235114E-002
  0.35352139956815942        3.0416391198460173E-002
  0.35496439325151735        2.9379902200239394E-002
  0.35641327690581565        2.8291106567089386E-002
  0.35786807457257153        2.7157237041633149E-002
  0.35932881039143427        2.5985570143406474E-002
  0.36079550860058590        2.4783378403983453E-002
  0.36226819353714296        2.3557884814242730E-002
  0.36374688963756052        2.2316219676287823E-002
  0.36523162143803800        2.1065380024630841E-002
  0.36672241357492547        1.9812191753901504E-002
  0.36821929078513355        1.8563274563762604E-002
  0.36972227790654283        1.7325009806000935E-002
  0.37123139987841652        1.6103511294084702E-002
  0.37274668174181458        1.4904599111935896E-002
  0.37426814864000829        1.3733776436338004E-002
  0.37579582581889864        1.2596209366402718E-002
  0.37732973862743413        1.1496709733872880E-002
  0.37886991251803198        1.0439720849826757E-002
  0.38041637304700071        9.4293061265852754E-003
  0.38196914587496344        8.4691404983323892E-003
  0.38352825676728425        7.5625045501567859E-003
  0.38509373159449567        6.7122812528873019E-003
  0.38666559633272773        5.9209551902372273E-003
  0.38824387706413899        5.1906141553439214E-003
  0.38982859997734975        4.5229529857747988E-003
  0.39141979136787586        3.9192794994151944E-003
  0.39301747763856587        3.3805223883338481E-003
  0.39462168530003849        2.9072409236362562E-003
  0.39623244097112265        2.4996363214817713E-003
  0.39784977137929967        2.1575646187041511E-003
  0.39947370336114574        1.8805509058506600E-003
  0.40110426386277853        1.6678047658316084E-003
  0.40274147994030307        1.5182367676668390E-003
  0.40438537876026137        1.4304758670135864E-003
  0.40603598760008325        1.4028875681176417E-003
  0.40769333384853856        1.4335927055174960E-003
  0.40935744500619187        1.5204867081839574E-003
  0.41102834868585908        1.6612592136713081E-003
  0.41270607261306486        1.8534139052884396E-003
  0.41439064462650332        2.0942884511464324E-003
  0.41608209267850005        2.3810744301650047E-003
  0.41778044483547516        2.7108371366486861E-003
  0.41948572927840988        3.0805351618215099E-003
  0.42119797430331363        3.4870396576634627E-003
  0.42291720832169355        3.9271531954851308E-003
  0.42464345986102636        4.3976281388442007E-003
  0.42637675756523108        4.8951844575962355E-003
  0.42811713019514508        5.4165269170585034E-003
  0.42986460662900056        5.9583615833747258E-003
  0.43161921586290408        6.5174115931957918E-003
  0.43338098701131811        7.0904321426625422E-003
  0.43514994930754325        7.6742246574108275E-003
  0.43692613210420378        8.2656501118265266E-003
  0.43870956487373508        8.8616414720907241E-003
  0.44050027720887197        9.4592152436061630E-003
  0.44229829882313998        1.0055482109197177E-002
  0.44410365955134889        1.0647656649994897E-002
  0.44591638935008682        1.1233066146139968E-002
  0.44773651829821842        1.1809158459364012E-002
  0.44956407659738296        1.2373509004125413E-002
  0.45139909457249600        1.2923826818268626E-002
  0.45324160267225266        1.3457959748159283E-002
  0.45509163146963244        1.3973898766900722E-002
  0.45694921166240710        1.4469781447579922E-002
  0.45881437407364939        1.4943894616507178E-002
  0.46068714965224478        1.5394676214126039E-002
  0.46256756947340538        1.5820716393665203E-002
  0.46445566473918498        1.6220757889709274E-002
  0.46635146677899686        1.6593695690669919E-002
  0.46825500705013429        1.6938576050666284E-002
  0.47016631713829160        1.7254594877575982E-002
  0.47208542875808879        1.7541095535013190E-002
  0.47401237375359806        1.7797566096728983E-002
  0.47594718409887132        1.8023636092439878E-002
  0.47788989189847175        1.8219072784370797E-002
  0.47984052938800570        1.8383777013869361E-002
  0.48179912893465782        1.8517778657323663E-002
  0.48376572303772875        1.8621231730302966E-002
  0.48574034432917323        1.8694409178366317E-002
  0.48772302557414277        1.8737697392331228E-002
  0.48971379967152823        1.8751590485035857E-002
  0.49171269965450648        1.8736684365691928E-002
  0.49371975869108847        1.8693670646914632E-002
  0.49573501008466908        1.8623330418371147E-002
  0.49775848727458005        1.8526527919770427E-002
  0.49979022383664523        1.8404204144604100E-002
  0.50183025348373689        1.8257370404678154E-002
  0.50387861006633561        1.8087101884038892E-002
  0.50593532757309234        1.7894531209422221E-002
  0.50800044013139123        1.7680842062832668E-002
  0.51007398200791731        1.7447262860319442E-002
  0.51215598760922409        1.7195060519455782E-002
  0.51424649148230461        1.6925534336455324E-002
  0.51634552831516523        1.6640009992287749E-002
  0.51845313293740036        1.6339833705589078E-002
  0.52056934032077162        1.6026366548614848E-002
  0.52269418557978653        1.5700978940938901E-002
  0.52482770397228251        1.5365045334105591E-002
  0.52696993090001132        1.5019939098957985E-002
  0.52912090190922667        1.4667027625920124E-002
  0.53128065269127367        1.4307667647116520E-002
  0.53344921908318188        1.3943200787849504E-002
  0.53562663706825886        1.3574949353634872E-002
  0.53781294277668812        1.3204212357750959E-002
  0.54000817248612853        1.2832261793029199E-002
  0.54221236262231554        1.2460339150466918E-002
  0.54442554975966673        1.2089652186143676E-002
  0.54664777062188774        1.1721371936875745E-002
  0.54887906208258186        1.1356629984061097E-002
  0.55111946116586275        1.0996515964243652E-002
  0.55336900504696696        1.0642075324052957E-002
  0.55562773105287300        1.0294307316377233E-002
  0.55789567666291884        9.9541632338696270E-003
  0.56017287950942463        9.6225448752035835E-003
  0.56245937737831742        9.3003032388586232E-003
  0.56475520820975744        8.9882374386418551E-003
  0.56706041009876806        8.6870938346301739E-003
  0.56937502129586803        8.3975653727529458E-003
  0.57169908020770599        8.1202911258178821E-003
  0.57403262539769728        7.8558560284274284E-003
  0.57637569558666502        7.6047907979129858E-003
  0.57872832965348131        7.3675720331530699E-003
  0.58109056663571335        7.1446224829236904E-003
  0.58346244573027040        6.9363114752493751E-003
  0.58584400629405475        6.7429554990938792E-003
  0.58823528784461476        6.5648189296340920E-003
  0.59063633006079996        6.4021148883051833E-003
  0.59304717278342045        6.2550062287839957E-003
  0.59546785601590702        6.1236066400924619E-003
  0.59789841992497528        6.0079818580451756E-003
  0.60033890484129260        5.9081509763413559E-003
  0.60278935126014666        5.8240878487012225E-003
  0.60524979984211758        5.7557225735721217E-003
  0.60772029141375294        5.7029430530828526E-003
  0.61020086696824494        5.6655966180909900E-003
  0.61269156766611022        5.6434917113590728E-003
  0.61519243483587394        5.6363996211056221E-003
  0.61770350997475421        5.6440562573954745E-003
  0.62022483474935197        5.6661639640719734E-003
  0.62275645099634114        5.7023933591842553E-003
  0.62529840072316345        5.7523851971179839E-003
  0.62785072610872605        5.8157522459088666E-003
  0.63041346950409982        5.8920811734917318E-003
  0.63298667343322390        5.9809344369190255E-003
  0.63557038059361004        6.0818521688695143E-003
  0.63816463385705124        6.1943540560543998E-003
  0.64076947627033398        6.3179412044223476E-003
  0.64338495105595150        6.4520979863518790E-003
  0.64601110161282127        6.5962938653155306E-003
  0.64864797151700582        6.7499851937885408E-003
  0.65129560452243462        6.9126169804621315E-003
  0.65395404456163087        7.0836246231085961E-003
  0.65662333574644061        7.2624356037248317E-003
  0.65930352236876377        7.4484711428579944E-003
  0.66199464890129045        7.6411478102910366E-003
  0.66469675999823752        7.8398790895267273E-003
  0.66740990049609028        8.0440768937734899E-003
  0.67013411541434675        8.2531530313842416E-003
  0.67286944995626363        8.4665206189469891E-003
  0.67561594950960757        8.6835954404652499E-003
  0.67837365964740748        8.9037972512892791E-003
  0.68114262612871068        9.1265510256887394E-003
  0.68392289489934310        9.3512881471638151E-003
  0.68671451209267076        9.5774475407978746E-003
  0.68951752403036504        9.8044767471514027E-003
  0.69233197722317286        1.0031832937379498E-002
  0.69515791837168661        1.0258983869435939E-002
  0.69799539436711988        1.0485408785393724E-002
  0.70084445229208592        1.0710599250068509E-002
  0.70370513942137802        1.0934059931286315E-002
  0.70657750322275481        1.1155309322272801E-002
  0.70946159135772713        1.1373880406777628E-002
  0.71235745168234910        1.1589321267666555E-002
  0.71526513224801314        1.1801195639834873E-002
  0.71818468130224533        1.2009083408393878E-002
  0.72111614728950835        1.2212581053186899E-002
  0.72405957885200312        1.2411302040778505E-002
  0.72701502483047720        1.2604877165140735E-002
  0.72998253426503557        1.2792954838338047E-002
  0.73296215639595286        1.2975201332574918E-002
  0.73595394066449149        1.3151300975033697E-002
  0.73895793671372234        1.3320956296979387E-002
  0.74197419438934753        1.3483888138654893E-002
  0.74500276374052765        1.3639835711529977E-002
  0.74804369502071344        1.3788556619498432E-002
  0.75109703868847777        1.3929826840646073E-002
  0.75416284540835488        1.4063440671232559E-002
  0.75724116605167924        1.4189210633546695E-002
  0.76033205169743068        1.4306967349303673E-002
  0.76343555363308235        1.4416559380260301E-002
  0.76655172335545019        1.4517853037722728E-002
  0.76968061257154952        1.4610732162621459E-002
  0.77282227319945096        1.4695097877815602E-002
  0.77597675736914307        1.4770868314281996E-002
  0.77914411742339751        1.4837978312827405E-002
  0.78232440591863694        1.4896379102941424E-002
  0.78551767562580699        1.4946037960391560E-002
  0.78872397953125306        1.4986937845131554E-002
  0.79194337083759792        1.5019077021071449E-002
  0.79517590296462559        1.5042468659224942E-002
  0.79842162955016782        1.5057140425720206E-002
  0.80168060445099321        1.5063134056125041E-002
  0.80495288174370172        1.5060504917502954E-002
  0.80823851572562166        1.5049321559576619E-002
  0.81153756091571005        1.5029665256341047E-002
  0.81485007205545901        1.5001629539424074E-002
  0.81817610410980179        1.4965319724454834E-002
  0.82151571226802678        1.4920852431655564E-002
  0.82486895194469190        1.4868355101831661E-002
  0.82823587878054472        1.4807965508891921E-002
  0.83161654864344625        1.4739831269984086E-002
  0.83501101762929653        1.4664109354291320E-002
  0.83841934206296653        1.4580965591486994E-002
  0.84184157849923302        1.4490574180803613E-002
  0.84527778372371576        1.4393117201625500E-002
  0.84872801475382054        1.4288784126472883E-002
  0.85219232883968588        1.4177771337198636E-002
  0.85567078346513115        1.4060281645178382E-002
  0.85916343634861292        1.3936523816228589E-002
  0.86267034544418009        1.3806712100947659E-002
  0.86619156894243732        1.3671065771130510E-002
  0.86972716527151039        1.3529808662868023E-002
  0.87327719309801433        1.3383168726900667E-002
  0.87684171132802924        1.3231377586756450E-002
  0.88042077910807537        1.3074670105164509E-002
  0.88401445582609561        1.2913283959197542E-002
  0.88762280111244185        1.2747459224558604E-002
  0.89124587484086226        1.2577437969392617E-002
  0.89488373712949654        1.2403463857966411E-002
  0.89853644834187318        1.2225781764528570E-002
  0.90220406908791040        1.2044637397625428E-002
  0.90588666022492215        1.1860276935119126E-002
  0.90958428285862880        1.1672946670121054E-002
  0.91329699834416944        1.1482892668025772E-002
  0.91702486828712149        1.1290360434799888E-002
  0.92076795454452198        1.1095594596654258E-002
  0.92452631922589401        1.0898838591199909E-002
  0.92830002469427830        1.0700334370163097E-002
  0.93208913356726641        1.0500322113711890E-002
  0.93589370871804145        1.0299039956419100E-002
  0.93971381327641990        1.0096723724870681E-002
  0.94354951062989978        9.8936066868999945E-003
  0.94740086442471305        9.6899193124157946E-003
  0.95126793856688030        9.4858890457656195E-003
  0.95515079722327212        9.2817400895643370E-003
  0.95904950482267404        9.0776931998961131E-003
  0.96296412605685466        8.8739654927847394E-003
  0.96689472588163972        8.6707702618109075E-003
  0.97084136951799027        8.4683168067418053E-003
  0.97480412245308368        8.2668102730238738E-003
  0.97878305044140190        8.0664515019800327E-003
  0.98277821950582100        7.8674368915375367E-003
  0.98678969593870736        7.6699582673059501E-003
  0.99081754630301844        7.4742027638127198E-003
  0.99486183743340539        7.2803527156958554E-003
  0.99892263643732426        7.0885855586451472E-003
   1.0030000106961476        6.8990737398761607E-003
   1.0070940278662834        6.7119846379149525E-003
   1.0112047558802988        6.5274804914644512E-003
   1.0153322629480441        6.3457183371213085E-003
   1.0194766175577885        6.1668499557028644E-003
   1.0236378884773538        5.9910218269463014E-003
   1.0278161447552574        5.8183750923318355E-003
   1.0320114557218547        5.6490455257861578E-003
   1.0362238909904942        5.4831635120143789E-003
   1.0404535204586696        5.3208540322116655E-003
   1.0447004143091787        5.1622366569020819E-003
   1.0489646430112913        5.0074255456524297E-003
   1.0532462773219167        4.8565294534098757E-003
   1.0575453882867758        4.7096517432104841E-003
   1.0618620472415838        4.5668904050086426E-003
   1.0661963258132321        4.4283380803770388E-003
   1.0705482959209747        4.2940820928295230E-003
   1.0749180297776255        4.1642044835200898E-003
   1.0793055998907541        4.0387820520748005E-003
   1.0837110790638902        3.9178864023139710E-003
   1.0881345403977287        3.8015839926276028E-003
   1.0925760572913470        3.6899361907667886E-003
   1.0970357034434204        3.5829993328201958E-003
   1.1015135528534441        3.4808247861461694E-003
   1.1060096798229635        3.3834590160364397E-003
   1.1105241589568067        3.2909436558891088E-003
   1.1150570651643195        3.2033155806757050E-003
   1.1196084736606120        3.1206069834884146E-003
   1.1241784599678060        3.0428454549601808E-003
   1.1287670999162849        2.9700540653540891E-003
   1.1333744696459565        2.9022514491223125E-003
   1.1380006456075142        2.8394518917416196E-003
   1.1426457045637044        2.7816654186353035E-003
   1.1473097235906025        2.7288978859976139E-003
   1.1519927800788912        2.6811510733406136E-003
   1.1566949517351428        2.6384227775902852E-003
   1.1614163165831117        2.6007069085609135E-003
   1.1661569529650266        2.5679935856448301E-003
   1.1709169395428922        2.5402692355578436E-003
   1.1756963552997917        2.5175166909862040E-003
   1.1804952795412009        2.4997152899861224E-003
   1.1853137918963028        2.4868409759923782E-003
   1.1901519723193061        2.4788663982969689E-003
   1.1950099010907769        2.4757610128638315E-003
   1.1998876588189678        2.4774911833514122E-003
   1.2047853264411541        2.4840202822190953E-003
   1.2097029852249803        2.4953087917984904E-003
   1.2146407167698074        2.5113144052161408E-003
   1.2195986030080641        2.5319921270581316E-003
   1.2245767262066105        2.5572943736723698E-003
   1.2295751689681005        2.5871710730091899E-003
   1.2345940142323542        2.6215697639045809E-003
   1.2396333452777308        2.6604356947164563E-003
   1.2446932457225151        2.7037119212272717E-003
   1.2497737995263021        2.7513394037317531E-003
   1.2548750909913893        2.8032571032322795E-003
   1.2599972047641785        2.8594020766690501E-003
   1.2651402258365791        2.9197095711157948E-003
   1.2703042395474162        2.9841131168765189E-003
   1.2754893315838498        3.0525446194220908E-003
   1.2806955879827961        3.1249344501095375E-003
   1.2859230951323521        3.2012115356310697E-003
   1.2911719397732333        3.2813034461427462E-003
   1.2964422090002106        3.3651364820271087E-003
   1.3017339902635547        3.4526357592468172E-003
   1.3070473713704895        3.5437252932502637E-003
   1.3123824404866489        3.6383280813932651E-003
   1.3177392861375357        3.7363661838435355E-003
   1.3231179972099965        3.8377608029392385E-003
   1.3285186629536925        3.9424323609735905E-003
   1.3339413729825829        4.0503005763828405E-003
   1.3393862172764077        4.1612845383157196E-003
   1.3448532861821869        4.2753027795665883E-003
   1.3503426704157151        4.3922733478561661E-003
   1.3558544610630672        4.5121138754463472E-003
   1.3613887495821120        4.6347416470790929E-003
   1.3669456278040288        4.7600736662297399E-003
   1.3725251879348284        4.8880267196691630E-003
   1.3781275225568879        5.0185174403302446E-003
   1.3837527246304846        5.1514623684766996E-003
   1.3894008874953359        5.2867780111737657E-003
   1.3950721048721533        5.4243809000626610E-003
   1.4007664708641934        5.5641876474422196E-003
   1.4064840799588225        5.7061150006627332E-003
   1.4122250270290799        5.8500798948388742E-003
   1.4179894073352572        5.9959995038901103E-003
   1.4237773165264773        6.1437912899181598E-003
   1.4295888506422783        6.2933730509328271E-003
   1.4354241061142121        6.4446629669388331E-003
   1.4412831797674421        6.5975796443969188E-003
   1.4471661688223481        6.7520421590746959E-003
   1.4530731708961429        6.9079700973029515E-003
   1.4590042840044910        7.0652835956543543E-003
   1.4649596065631323        7.2239033790628248E-003
   1.4709392373895191        7.3837507974024996E-003
   1.4769432757044543        7.5447478605457328E-003
   1.4829718211337348        7.7068172719211309E-003
   1.4890249737098105        7.8698824605926820E-003
   1.4951028338734396        8.0338676118818734E-003
   1.5012055024753554        8.1986976965555992E-003
   1.5073330807779428        8.3642984986029723E-003
   1.5134856704569155        8.5305966416243592E-003
   1.5196633736030056        8.6975196138574518E-003
   1.5258662927236537        8.8649957918642188E-003
   1.5320945307447145        9.0329544629041171E-003
   1.5383481910121630        9.2013258460187774E-003
   1.5446273772938062        9.3700411118533972E-003
   1.5509321937810101        9.5390324012411421E-003
   1.5572627450904259        9.7082328425761293E-003
   1.5636191362657244        9.8775765680012614E-003
   1.5700014727793419        1.0046998728437418E-002
   1.5764098605342303        1.0216435507480264E-002
   1.5828444058656099        1.0385824134191196E-002
   1.5893052155427401        1.0555102894808582E-002
   1.5957923967706868        1.0724211143406734E-002
   1.6023060571921037        1.0893089311528078E-002
   1.6088463048890147        1.1061678916815252E-002
   1.6154132483846122        1.1229922570670393E-002
   1.6220069966450557        1.1397763984966293E-002
   1.6286276590812767        1.1565147977836846E-002
   1.6352753455508005        1.1732020478572578E-002
   1.6419501663595648        1.1898328531646254E-002
   1.6486522322637496        1.2064020299895322E-002
   1.6553816544716176        1.2229045066886097E-002
   1.6621385446453594        1.2393353238484648E-002
   1.6689230149029417        1.2556896343659901E-002
   1.6757351778199741        1.2719627034543407E-002
   1.6825751464315746        1.2881499085770246E-002
   1.6894430342342412        1.3042467393124958E-002
   1.6963389551877424        1.3202487971517310E-002
   1.7032630237170037        1.3361517952310036E-002
   1.7102153547140044        1.3519515580023168E-002
   1.7171960635396897        1.3676440208436936E-002
   1.7242052660258809        1.3832252296116310E-002
   1.7312430784771990        1.3986913401379223E-002
   1.7383096176729915        1.4140386176730448E-002
   1.7454050008692747        1.4292634362782573E-002
   1.7525293458006783        1.4443622781685272E-002
   1.7596827706823941        1.4593317330083795E-002
   1.7668653942121444        1.4741684971626534E-002
   1.7740773355721486        1.4888693729042769E-002
   1.7813187144310982        1.5034312675808983E-002
   1.7885896509461472        1.5178511927424004E-002
   1.7958902657649043        1.5321262632311265E-002
   1.8032206800274309        1.5462536962366928E-002
   1.8105810153682576        1.5602308103171831E-002
   1.8179713939183981        1.5740550243885099E-002
   1.8253919383073787        1.5877238566836614E-002
   1.8328427716652678        1.6012349236835272E-002
   1.8403240176247260        1.6145859390209440E-002
   1.8478358003230537        1.6277747123596049E-002
   1.8553782444042495        1.6407991482493792E-002
   1.8629514750210820        1.6536572449595673E-002
   1.8705556178371661        1.6663470932916404E-002
   1.8781907990290427        1.6788668753728420E-002
   1.8858571452882809        1.6912148634321455E-002
   1.8935547838235744        1.7033894185599054E-002
   1.9012838423628520        1.7153889894525445E-002
   1.9090444491554013        1.7272121111436375E-002
   1.9168367329739937        1.7388574037225473E-002
   1.9246608231170197        1.7503235710419951E-002
   1.9325168494106386        1.7616093994156277E-002
   1.9404049422109304        1.7727137563068138E-002
   1.9483252324060565        1.7836355890097820E-002
   1.9562778514184365        1.7943739233241891E-002
   1.9642629312069249        1.8049278622241365E-002
   1.9722806042690040        1.8152965845227610E-002
   1.9803310036429771        1.8254793435332182E-002
   1.9884142629101824        1.8354754657272071E-002
   1.9965305161972071        1.8452843493918073E-002
   2.0046798981781091        1.8549054632855742E-002
   2.0128625440766581        1.8643383452948026E-002
   2.0210785896685763        1.8735826010906627E-002
   2.0293281712837890        1.8826379027881354E-002
   2.0376114258086915        1.8915039876074298E-002
   2.0459284906884188        1.9001806565386723E-002
   2.0542795039291217        1.9086677730105178E-002
   2.0626646041002639        1.9169652615634331E-002
   2.0710839303369175        1.9250731065282682E-002
   2.0795376223420732        1.9329913507107246E-002
   2.0880258203889532        1.9407200940823720E-002
   2.0965486653233478        1.9482594924787454E-002
   2.1051062985659468        1.9556097563050885E-002
   2.1136988621146831        1.9627711492502434E-002
   2.1223264985470975        1.9697439870092523E-002
   2.1309893510226989        1.9765286360150579E-002
   2.1396875632853374        1.9831255121798147E-002
   2.1484212796655959        1.9895350796462291E-002
   2.1571906450831819        1.9957578495493317E-002
   2.1659958050493291        2.0017943787890600E-002
   2.1748369056692178        2.0076452688140279E-002
   2.1837140936443968        2.0133111644168485E-002
   2.1926275162752127        2.0187927525412947E-002
   2.2015773214632635        2.0240907611015959E-002
   2.2105636577138457        2.0292059578142375E-002
   2.2195866741384194        2.0341391490424375E-002
   2.2286465204570853        2.0388911786536110E-002
   2.2377433470010675        2.0434629268900144E-002
   2.2468773047152077        2.0478553092528443E-002
   2.2560485451604677        2.0520692753999131E-002
   2.2652572205164492        2.0561058080571709E-002
   2.2745034835839171        2.0599659219441482E-002
   2.2837874877873303        2.0636506627135814E-002
   2.2931093871773944        2.0671611059052651E-002
   2.3024693364336155        2.0704983559143179E-002
   2.3118674908668622        2.0736635449739194E-002
   2.3213040064219506        2.0766578321527077E-002
   2.3307790396802273        2.0794824023668040E-002
   2.3402927478621649        2.0821384654066490E-002
   2.3498452888299783        2.0846272549786410E-002
   2.3594368210902377        2.0869500277616526E-002
   2.3690675037965030        2.0891080624784748E-002
   2.3787374967519588        2.0911026589821923E-002
   2.3884469604120731        2.0929351373575360E-002
   2.3981960558872570        2.0946068370372196E-002
   2.4079849449455333        2.0961191159332100E-002
   2.4178137900152290        2.0974733495830136E-002
   2.4276827541876669        2.0986709303108683E-002
   2.4375920012198664        2.0997132664038725E-002
   2.4475416955372706        2.1006017813030142E-002
   2.4575320022364697        2.1013379128090075E-002
   2.4675630870879357        2.1019231123029405E-002
   2.4776351165387829        2.1023588439816693E-002
   2.4877482577155234        2.1026465841078625E-002
   2.4979026784268394        2.1027878202746628E-002
   2.5080985471663721        2.1027840506848552E-002
   2.5183360331155162        2.1026367834445139E-002
   2.5286153061462220        2.1023475358709551E-002
   2.5389365368238228        2.1019178338149817E-002
   2.5492998964098588        2.1013492109972873E-002
   2.5597055568649218        2.1006432083589120E-002
   2.5701536908515048        2.0998013734256447E-002
   2.5806444717368717        2.0988252596862888E-002
   2.5911780735959340        2.0977164259846044E-002
   2.6017546712141315        2.0964764359249134E-002
   2.6123744400903441        2.0951068572911138E-002
   2.6230375564397970        2.0936092614791142E-002
   2.6337441971969815        2.0919852229424222E-002
   2.6444945400185995        2.0902363186508739E-002
   2.6552887632865070        2.0883641275622679E-002
   2.6661270461106703        2.0863702301068553E-002
   2.6770095683321458        2.0842562076844630E-002
   2.6879365105260575        2.0820236421741543E-002
   2.6989080540045989        2.0796741154562655E-002
   2.7099243808200328        2.0772092089466974E-002
   2.7209856737677236        2.0746305031432589E-002
   2.7320921163891634        2.0719395771839490E-002
   2.7432438929750149        2.0691380084170395E-002
   2.7544411885681774        2.0662273719827578E-002
   2.7656841889668535        2.0632092404064585E-002
   2.7769730807276272        2.0600851832030847E-002
   2.7883080511685678        2.0568567664928317E-002
   2.7996892883723348        2.0535255526277621E-002
   2.8111169811892935        2.0500930998292890E-002
   2.8225913192406575        2.0465609618363689E-002
   2.8341124929216317        2.0429306875641463E-002
   2.8456806934045655        2.0392038207730567E-002
   2.8572961126421350        2.0353818997480504E-002
   2.8689589433705232        2.0314664569879431E-002
   2.8806693791126143        2.0274590189045850E-002
   2.8924276141812122        2.0233611055318124E-002
   2.9042338436822610        2.0191742302439385E-002
   2.9160882635180831        2.0148998994836628E-002
   2.9279910703906258        2.0105396124992531E-002
   2.9399424618047334        2.0060948610907955E-002
   2.9519426360714194        2.0015671293653996E-002
   2.9639917923111532        1.9969578935011854E-002
   2.9760901304571732        1.9922686215199024E-002
   2.9882378512587997        1.9875007730679909E-002
   3.0004351562847607        1.9826557992060144E-002
   3.0126822479265480        1.9777351422061974E-002
   3.0249793294017673        1.9727402353580222E-002
   3.0373266047575087        1.9676725027816647E-002
   3.0497242788737404        1.9625333592491384E-002
   3.0621725574667020        1.9573242100130082E-002
   3.0746716470923223        1.9520464506425191E-002
   3.0872217551496384        1.9467014668669829E-002
   3.0998230898842483        1.9412906344262952E-002
   3.1124758603917613        1.9358153189284150E-002
   3.1251802766212617        1.9302768757137094E-002
   3.1379365493788032        1.9246766497259406E-002
   3.1507448903309023        1.9190159753898525E-002
   3.1636055120080444        1.9132961764951446E-002
   3.1765186278082207        1.9075185660867341E-002
   3.1894844520004644        1.9016844463611349E-002
   3.2025031997284015        1.8957951085688787E-002
   3.2155750870138298        1.8898518329227718E-002
   3.2287003307602982        1.8838558885119139E-002
   3.2418791487567020        1.8778085332213233E-002
   3.2551117596809069        1.8717110136570403E-002
   3.2683983831033703        1.8655645650765842E-002
   3.2817392394907818        1.8593704113246609E-002
   3.2951345502097307        1.8531297647739375E-002
   3.3085845375303724        1.8468438262708414E-002
   3.3220894246301196        1.8405137850861973E-002
   3.3356494355973410        1.8341408188706349E-002
   3.3492647954350852        1.8277260936145869E-002
   3.3629357300648142        1.8212707636128343E-002
   3.3766624663301439        1.8147759714334397E-002
   3.3904452320006189        1.8082428478909569E-002
   3.4042842557754875        1.8016725120238261E-002
   3.4181797672874907        1.7950660710758445E-002
   3.4321319971066844        1.7884246204815692E-002
   3.4461411767442565        1.7817492438556001E-002
   3.4602075386563675        1.7750410129856120E-002
   3.4743313162480152        1.7683009878290031E-002
   3.4885127438769019        1.7615302165131342E-002
   3.5027520568573265        1.7547297353389769E-002
   3.5170494914640815        1.7479005687881428E-002
   3.5314052849363842        1.7410437295331385E-002
   3.5458196754818094        1.7341602184508011E-002
   3.5602929022802345        1.7272510246387970E-002
   3.5748252054878202        1.7203171254350714E-002
   3.5894168262409902        1.7133594864402319E-002
   3.6040680066604258        1.7063790615426927E-002
   3.6187789898550959        1.6993767929465366E-002
   3.6335500199262847        1.6923536112020007E-002
   3.6483813419716364        1.6853104352385410E-002
   3.6632732020892336        1.6782481724003030E-002
   3.6782258473816740        1.6711677184840155E-002
   3.6932395259601685        1.6640699577791636E-002
   3.7083144869486642        1.6569557631104140E-002
   3.7234509804879772        1.6498259958821513E-002
   3.7386492577399353        1.6426815061251154E-002
   3.7539095708915569        1.6355231325450498E-002
   3.7692321731592284        1.6283517025732476E-002
   3.7846173187929102        1.6211680324189924E-002
   3.8000652630803460        1.6139729271237573E-002
   3.8155762623513128        1.6067671806171697E-002
   3.8311505739818670        1.5995515757745920E-002
   3.8467884563986092        1.5923268844763298E-002
   3.8624901690829847        1.5850938676683451E-002
   3.8782559725755825        1.5778532754244651E-002
   3.8940861284804527        1.5706058470099746E-002
   3.9099808994694594        1.5633523109465718E-002
   3.9259405492866346        1.5560933850786102E-002
   3.9419653427525452        1.5488297766405888E-002
   3.9580555457687030        1.5415621823257874E-002
   3.9742114253219660        1.5342912883560659E-002
   3.9904332494889743        1.5270177705527209E-002
   4.0067212874405893        1.5197422944083359E-002
   4.0230758094463717        1.5124655151596535E-002
   4.0394970868790629        1.5051880778613172E-002
   4.0559853922190783        1.4979106174605201E-002
   4.0725409990590427        1.4906337588724528E-002
   4.0891641821083224        1.4833581170565428E-002
   4.1058552171975808        1.4760842970934293E-002
   4.1226143812833644        1.4688128942626142E-002
   4.1394419524526915        1.4615444941207738E-002
   4.1563382099276636        1.4542796725806694E-002
   4.1733034340701094        1.4470189959906109E-002
   4.1903379063862296        1.4397630212144691E-002
   4.2074419095312638        1.4325122957121468E-002
   4.2246157273141920        1.4252673576205197E-002
   4.2418596447024361        1.4180287358347636E-002
   4.2591739478265858        1.4107969500900840E-002
   4.2765589239851547        1.4035725110437717E-002
   4.2940148616493437        1.3963559203575528E-002
   4.3115420504678283        1.3891476707802311E-002
   4.3291407812715565        1.3819482462305752E-002
   4.3468113460785895        1.3747581218803824E-002
   4.3645540380989400        1.3675777642377525E-002
   4.3823691517394279        1.3604076312305147E-002
   4.4002569826085844        1.3532481722897288E-002
   4.4182178275215458        1.3460998284333441E-002
   4.4362519845049730        1.3389630323498785E-002
   4.4543597528020111        1.3318382084821438E-002
   4.4725414328772475        1.3247257731109949E-002
   4.4907973264216903        1.3176261344390637E-002
   4.5091277363577875        1.3105396926744509E-002
   4.5275329668444471        1.3034668401143645E-002
   4.5460133232820850        1.2964079612286870E-002
   4.5645691123176864        1.2893634327434050E-002
   4.5832006418499045        1.2823336237239557E-002
   4.6019082210341660        1.2753188956583976E-002
   4.6206921602877928        1.2683196025404301E-002
   4.6395527712951647        1.2613360909522217E-002
   4.6584903670128890        1.2543687001470351E-002
   4.6775052616749795        1.2474177621316349E-002
   4.6965977707980926        1.2404836017484523E-002
   4.7157682111867478        1.2335665367574867E-002
   4.7350169009385850        1.2266668779179594E-002
   4.7543441594496505        1.2197849290696356E-002
   4.7737503074196939        1.2129209872138950E-002
   4.7932356668574805        1.2060753425944424E-002
   4.8128005610861475        1.1992482787777054E-002
   4.8324453147485658        1.1924400727328824E-002
   4.8521702538127149        1.1856509949116401E-002
   4.8719757055771122        1.1788813093274165E-002
   4.8918619986762248        1.1721312736343669E-002
   4.9118294630859394        1.1654011392059021E-002
   4.9318784301290162        1.1586911512128166E-002
   4.9520092324806102        1.1520015487010093E-002
   4.9722222041737796        1.1453325646687723E-002
   4.9925176806050207        1.1386844261436390E-002
   5.0128959985398502        1.1320573542587972E-002
   5.0333574961183860        1.1254515643290289E-002
   5.0539025128609465        1.1188672659262112E-002
   5.0745313896737043        1.1123046629543174E-002
   5.0952444688543324        1.1057639537239561E-002
   5.1160420940976774        1.0992453310264255E-002
   5.1369246105014765        1.0927489822072572E-002
   5.1578923645720769        1.0862750892392723E-002
   5.1789457042301867        1.0798238287951296E-002
   5.2000849788166388        1.0733953723193548E-002
   5.2213105390982024        1.0669898860998511E-002
   5.2426227372734004        1.0606075313388969E-002
   5.2640219269783390        1.0542484642235939E-002
   5.2855084632925946        1.0479128359958071E-002
   5.3070827027450962        1.0416007930215378E-002
   5.3287450033200381        1.0353124768597854E-002
   5.3504957244628288        1.0290480243308310E-002
   5.3723352270860527        1.0228075675839950E-002
   5.3942638735754480        1.0165912341648384E-002
   5.4162820277959387        1.0103991470817976E-002
   5.4383900550976607        1.0042314248722647E-002
   5.4605883223220175        9.9808818166811208E-003
   5.4828771978077846        9.9196952726065338E-003
   5.5052570513972130        9.8587556716502635E-003
   5.5277282544421542        9.7980640268402770E-003
   5.5502911798102446        9.7376213097135917E-003
   5.5729462018910780        9.6774284509432082E-003
   5.5956936966024218        9.6174863409592241E-003
   5.6185340413964466        9.5577958305642294E-003
   5.6414676152660075        9.4983577315430542E-003
   5.6644947987509173        9.4391728172666407E-003
   5.6876159739442613        9.3802418232903344E-003
   5.7108315244987482        9.3215654479463124E-003
   5.7341418356330687        9.2631443529302727E-003
   5.7575472941382806        9.2049791638825363E-003
   5.7810482883842447        9.1470704709631680E-003
   5.8046452083260549        9.0894188294215437E-003
   5.8283384455105089        9.0320247601602191E-003
   5.8521283930826149        8.9748887502928334E-003
   5.8760154457921070        8.9180112536966262E-003
