  0.10000000000000001       0.42222117211526655     
  0.10040817718110437       0.49894070113890721     
  0.10081802044832047       0.56555336018694158     
  0.10122953660223166       0.61769311672322957     
  0.10164273247117964       0.65200127492629800     
  0.10205761491137796       0.66633020318551051     
  0.10247419080702558       0.65986191188686483     
  0.10289246707042120       0.63313659818594248     
  0.10331245064207799       0.58799238028619494     
  0.10373414849083867       0.52742316700224490     
  0.10415756761399117       0.45536659635654408     
  0.10458271503738485       0.37643794782906981     
  0.10500959781554686       0.29562868915528673     
  0.10543822303179938       0.21798975383749331     
  0.10586859779837712       0.14831974477788690     
  0.10630072925654524        9.0877093392708996E-002
  0.10673462457671801        4.9132918016845828E-002
  0.10717029095857759        2.5578126582784577E-002
  0.10760773563119364        2.1594445826557562E-002
  0.10804696585314330        3.7394806541861225E-002
  0.10848798891263144        7.2034151451084272E-002
  0.10893081212761184       0.12348752721467071     
  0.10937544284590843       0.18878851601413094     
  0.10982188844533726       0.26421785647040530     
  0.11027015633382903       0.34552965110352452     
  0.11072025394955184       0.42820095657446333     
  0.11117218876103470       0.50768984598891409     
  0.11162596826729153       0.57968720757196457     
  0.11208159999794542       0.64034853928143620     
  0.11253909151335369       0.68649371010979077     
  0.11299845040473337       0.71576494814271618     
  0.11345968429428700       0.72673602188763065     
  0.11392280083532935       0.71896853146745854     
  0.11438780771241415       0.69301424460739824     
  0.11485471264146174       0.65036533147249620     
  0.11532352336988719       0.59335702142047198     
  0.11579424767672861       0.52502949622139794     
  0.11626689337277650       0.44895764952937611     
  0.11674146830070313       0.36905861447519350     
  0.11721798033519278       0.28938765631698948     
  0.11769643738307244       0.21393314365106686     
  0.11817684738344295       0.14642087830657591     
  0.11865921830781066        9.0137135626384368E-002
  0.11914355816021997        4.7778419819919038E-002
  0.11962987497738581        2.1334265951343356E-002
  0.12011817682882717        1.2007523532621578E-002
  0.12060847181700105        2.0174543487526675E-002
  0.12110076807743671        4.5385665863440949E-002
  0.12159507377887094        8.6404468962475667E-002
  0.12209139712338332       0.14128247947370487     
  0.12258974634653247       0.20746453123212882     
  0.12309012971749274       0.28191875402193511     
  0.12359255553919130       0.36128431163263386     
  0.12409703214844603       0.44202950960473919     
  0.12460356791610375       0.52061275887258485     
  0.12511217124717913       0.59363909592891639     
  0.12562285058099434       0.65800549230797545     
  0.12613561439131882       0.71102899278580745     
  0.12665047118650996       0.75055274989201726     
  0.12716742950965446       0.77502621289011486     
  0.12768649793870987       0.78355701986286730     
  0.12820768508664696       0.77593346930183515     
  0.12873099960159279       0.75261775264015185     
  0.12925645016697404       0.71471135656048412     
  0.12978404550166117       0.66389514584166054     
  0.13031379436011306       0.60234757482242673     
  0.13084570553252231       0.53264521880116855     
  0.13137978784496107       0.45765034662945081     
  0.13191605015952751       0.38039056344534239     
  0.13245450137449291       0.30393563885956709     
  0.13299515042444918       0.23127651097859192     
  0.13353800628045717       0.16521113843665047     
  0.13408307795019572       0.10824138577062858     
  0.13463037447811083        6.2484501789942692E-002
  0.13517990494556581        2.9602019379938227E-002
  0.13573167847099218        1.0748103660511488E-002
  0.13628570421004074        6.5385391860265374E-003
  0.13684199135573349        1.7040710421766914E-002
  0.13740054913861643        4.1784125203818689E-002
  0.13796138682691236        7.9790286977817315E-002
  0.13852451372667493       0.12962006271412962     
  0.13908993918194296       0.18943613899491318     
  0.13965767257489561       0.25707772305814036     
  0.14022772332600780       0.33014433733690229     
  0.14080010089420669       0.40608537867541017     
  0.14137481477702879       0.48229206530018720     
  0.14195187451077720       0.55618846951675449     
  0.14253128967068007       0.62531852169604085     
  0.14311306987104958       0.68742615776202975     
  0.14369722476544117       0.74052615184463133     
  0.14428376404681392       0.78296360995259084     
  0.14487269744769149       0.81346058035149005     
  0.14546403474032335       0.83114874242786396     
  0.14605778573684705       0.83558764923807405     
  0.14665396028945119       0.82676850179430783     
  0.14725256829053859       0.80510390914592289     
  0.14785361967289068       0.77140452322730257     
  0.14845712440983222       0.72684381939009235     
  0.14906309251539690       0.67291261323878759     
  0.14967153404449324       0.61136515527370050     
  0.15028245909307170       0.54415882306511643     
  0.15089587779829214       0.47338953503037817     
  0.15151180033869191       0.40122504163326855     
  0.15213023693435482       0.32983821249356660     
  0.15275119784708088       0.26134233696700537     
  0.15337469338055626       0.19773029834933253     
  0.15400073388052446       0.14081927637328051     
  0.15462932973495802        9.2202388421706472E-002
  0.15526049137423079        5.3208406743700309E-002
  0.15589422927129087        2.4870397006033440E-002
  0.15653055394183482        7.9038226851952942E-003
  0.15716947594448166        2.6943596277657633E-003
  0.15781100588094832        9.2953744175842123E-003
  0.15845515439622559        2.7434746927479714E-002
  0.15910193217875471        5.6530468471143180E-002
  0.15975134996060453        9.5714227983726197E-002
  0.16040341851764989       0.14386201405361354     
  0.16105814866975027       0.19963061350517841     
  0.16171555128092935       0.26149877940090360     
  0.16237563725955523       0.32781177335181499     
  0.16303841755852153       0.39682795829015982     
  0.16370390317542910       0.46676612669819018     
  0.16437210515276834       0.53585229310216831     
  0.16504303457810285       0.60236475504207954     
  0.16571670258425286       0.66467632969516832     
  0.16639312034948034       0.72129279937494029     
  0.16707229909767446       0.77088674344233832     
  0.16775425009853762       0.81232609179574689     
  0.16843898466777257       0.84469690108335660     
  0.16912651416727026       0.86732002426437427     
  0.16981685000529834       0.87976151254114376     
  0.17051000363669019       0.88183675174606568     
  0.17120598656303537       0.87360848918751088     
  0.17190481033287031       0.85537904842822465     
  0.17260648654186983       0.82767715573064715     
  0.17331102683303970       0.79123991077510092     
  0.17401844289690985       0.74699052414949985     
  0.17472874647172817       0.69601251401758590     
  0.17544194934365545       0.63952110385784700     
  0.17615806334696094       0.57883259232081974     
  0.17687710036421864       0.51533247566246243     
  0.17759907232650440       0.45044309389706327     
  0.17832399121359424       0.38559154517508809     
  0.17905186905416270       0.32217857064682887     
  0.17978271792598266       0.26154905618531421     
  0.18051654995612570       0.20496472996428849     
  0.18125337732116351       0.15357955828334979     
  0.18199321224736950       0.10841825852681142     
  0.18273606701092207        7.0358260052938548E-002
  0.18348195393810826        4.0115353397322528E-002
  0.18423088540552804        1.8233177592140160E-002
  0.18498287384029991        5.0766066606936500E-003
  0.18573793172026712        8.2901126863477170E-004
  0.18649607157420448        5.4932917166112816E-003
  0.18725730598202642        1.8896505329902835E-002
  0.18802164757499584        4.0697845982744063E-002
  0.18878910903593346        7.0399676881818696E-002
  0.18955970309942835       0.10736127046841315     
  0.19033344255204943       0.15081487177986408     
  0.19111034023255730       0.19988367400141049     
  0.19189040903211749       0.25360127718190550     
  0.19267366189451438       0.31093219292176399     
  0.19346011181636599       0.37079295882730312     
  0.19424977184733941       0.43207343606497772     
  0.19504265509036750       0.49365788070816330     
  0.19583877470186650       0.55444540390976116     
  0.19663814389195391       0.61336946633353473     
  0.19744077592466802       0.66941608775697969     
  0.19824668411818794       0.72164049230853600     
  0.19905588184505443       0.76918195239991793     
  0.19986838253239200       0.81127663905348246     
  0.20068419966213161       0.84726833202538998     
  0.20150334677123438       0.87661688895918433     
  0.20232583745191612       0.89890441790428754     
  0.20315168535187320       0.91383914110693332     
  0.20398090417450848       0.92125697932047912     
  0.20481350767915915       0.92112092437102933     
  0.20564950968132489       0.91351830283359114     
  0.20648892405289709       0.89865606500263429     
  0.20733176472238896       0.87685426055744575     
  0.20817804567516671       0.84853788520296547     
  0.20902778095368180       0.81422730098153506     
  0.20988098465770355       0.77452744685972974     
  0.21073767094455342       0.73011606564057474     
  0.21159785402933992       0.68173117835440322     
  0.21246154818519422       0.63015803822859862     
  0.21332876774350720       0.57621579337489215     
  0.21419952709416737       0.52074408076016421     
  0.21507384068579924       0.46458976418198916     
  0.21595172302600341       0.40859401622458369     
  0.21683318868159726       0.35357992891919199     
  0.21771825227885655       0.30034082048445954     
  0.21860692850375804       0.24962938649233157     
  0.21949923210222347       0.20214782350865801     
  0.22039517788036408       0.15853903210101195     
  0.22129478070472614       0.11937898448108220     
  0.22219805550253774        8.5170320328427862E-002
  0.22310501726195672        5.6337212872866527E-002
  0.22401568103231900        3.3221526415071923E-002
  0.22493006192438844        1.6080266425215317E-002
  0.22584817511060773        5.0843044334233367E-003
  0.22677003582534988        3.1834233081617924E-004
  0.22769565936517111        1.7820646194058876E-003
  0.22862506108906488        9.3924127292002169E-003
  0.22955825641871638        2.2986902871954817E-002
  0.23049526083875860        4.2327898099002392E-002
  0.23143608989702943        6.7107736317678857E-002
  0.23238075920482931        9.6954609007963488E-002
  0.23332928443718048       0.13143908024978201     
  0.23428168133308711       0.17008113237677391     
  0.23523796569579644       0.21235762304544847     
  0.23619815339306083       0.25771003865902598     
  0.23716226035740115       0.30555243080511074     
  0.23813030258637141       0.35527942553173220     
  0.23910229614282377       0.40627419976213475     
  0.24007825715517533       0.45791632479011746     
  0.24105820181767584       0.50958938345322058     
  0.24204214639067612       0.56068827509649499     
  0.24303010720089804       0.61062613065800209     
  0.24402210064170560       0.65884076897466115     
  0.24501814317337661       0.70480063457090969     
  0.24601825132337590       0.74801016660721231     
  0.24702244168662996       0.78801455819079480     
  0.24803073092580163       0.82440387475522936     
  0.24904313577156709       0.85681650957754640     
  0.25005967302289334       0.88494196360919386     
  0.25108035954731700       0.90852294555005564     
  0.25210521228122396       0.92735679640450419     
  0.25313424823013059       0.94129625054795840     
  0.25416748446896609       0.95024955253705223     
  0.25520493814235545       0.95417995546376877     
  0.25624662646490398       0.95310463254275446     
  0.25729256672148348       0.94709303880225171     
  0.25834277626751834       0.93626476420419003     
  0.25939727252927380       0.92078692323993405     
  0.26045607300414547       0.90087112903670530     
  0.26151919526094891       0.87677010227625218     
  0.26258665694021183       0.84877396679077965     
  0.26365847575446660       0.81720628458729117     
  0.26473466948854396       0.78241988329288170     
  0.26581525599986822       0.74479252864778078     
  0.26690025321875377       0.70472249374274032     
  0.26798967914870253       0.66262407524901501     
  0.26908355186670235       0.61892310497123737     
  0.27018188952352734       0.57405250271801633     
  0.27128471034403900       0.52844791378385758     
  0.27239203262748851       0.48254347132216824     
  0.27350387474782023       0.43676772061632640     
  0.27462025515397709       0.39153973877496606     
  0.27574119237020622       0.34726547974147426     
  0.27686670499636645       0.30433437076355185     
  0.27799681170823720       0.26311618266490711     
  0.27913153125782791       0.22395819244174664     
  0.28027088247368953       0.18718265291231928     
  0.28141488426122702       0.15308458041839357     
  0.28256355560301261       0.12192986794625071     
  0.28371691555910122        9.3953727534516474E-002
  0.28487498326734656        6.9359462494107071E-002
  0.28603777794371876        4.8317566806107437E-002
  0.28720531888262307        3.0965146107213126E-002
  0.28837762545721990        1.7405651936814426E-002
  0.28955471711974690        7.7089184179994774E-003
  0.29073661340184104        1.9114882873239036E-003
  0.29192333391486291        1.7213182083919421E-005
  0.29311489835022253        1.9981113428162445E-003
  0.29431132647970543        7.7954643941733348E-003
  0.29551263815580109        1.7321133627406615E-002
  0.29671885331203263        3.0459075218534970E-002
  0.29792999196328690        4.7067033071507836E-002
  0.29914607420614708        6.6978387467188649E-002
  0.30036712021922612        9.0004137416703434E-002
  0.30159315026350136       0.11593499455003831     
  0.30282418468265071       0.14454356650514144     
  0.30406024390339059       0.17558660810491200     
  0.30530134843581452       0.20880731910517691     
  0.30654751887373349       0.24393766795002891     
  0.30779877589501764       0.28070072176658722     
  0.30905514026193970       0.31881296375270618     
  0.31031663282151906       0.35798658014285101     
  0.31158327450586787       0.39793170006251866     
  0.31285508633253861       0.43835857278537360     
  0.31413208940487242       0.47897966817313831     
  0.31541430491234945       0.51951168739231168     
  0.31670175413094059       0.55967747234901033     
  0.31799445842346041       0.59920780365004311     
  0.31929243923992134       0.63784307827212960     
  0.32059571811789023       0.67533485948976213     
  0.32190431668284508       0.71144729296387599     
  0.32321825664853443       0.74595838421907323     
  0.32453755981733712       0.77866113402596782     
  0.32586224808062436       0.80936452944995252     
  0.32719234341912323       0.83789438952026729     
  0.32852786790328065       0.86409406560741142     
  0.32986884369363056       0.88782499766720646     
  0.33121529304116082       0.90896712851125572     
  0.33256723828768275       0.92741917919290684     
  0.33392470186620210       0.94309878945166370     
  0.33528770630129073       0.95594252793574497     
  0.33665627420946076       0.96590577762054108     
  0.33803042829953994       0.97296250245967431     
  0.33941019137304806       0.97710490184531740     
  0.34079558632457546       0.97834295991610842     
  0.34218663614216327       0.97670389713574546     
  0.34358336390768413       0.97223153187505218     
  0.34498579279722608       0.96498555996722546     
  0.34639394608147639       0.95504076037290986     
  0.34780784712610791       0.94248613519174373     
  0.34922751939216706       0.92742399229351402     
  0.35065298643646264       0.90996897881869199     
  0.35208427191195729       0.89024707371882883     
  0.35352139956815942       0.86839454737599442     
  0.35496439325151735       0.84455689616142493     
  0.35641327690581565       0.81888775957096338     
  0.35786807457257153       0.79154782731307782     
  0.35932881039143427       0.76270374342835467     
  0.36079550860058590       0.73252701419182653     
  0.36226819353714296       0.70119292619537255     
  0.36374688963756052       0.66887948063085001     
  0.36523162143803800       0.63576634939940102     
  0.36672241357492547       0.60203385826293432     
  0.36821929078513355       0.56786200183271762     
  0.36972227790654283       0.53342949476229651     
  0.37123139987841652       0.49891286307944227     
  0.37274668174181458       0.46448557915876842     
  0.37426814864000829       0.43031724340550437     
  0.37579582581889864       0.39657281529416444     
  0.37732973862743413       0.36341189598679158     
  0.37886991251803198       0.33098806434528527     
  0.38041637304700071       0.29944826775427813     
  0.38196914587496344       0.26893226878581988     
  0.38352825676728425       0.23957214836743423     
  0.38509373159449567       0.21149186576152945     
  0.38666559633272773       0.18480687532835072     
  0.38824387706413899       0.15962379972772067     
  0.38982859997734975       0.13604015891691312     
  0.39141979136787586       0.11414415402495648     
  0.39301747763856587        9.4014504926615783E-002
  0.39462168530003849        7.5720340103545336E-002
  0.39623244097112265        5.9321137165368465E-002
  0.39784977137929967        4.4866712209733595E-002
  0.39947370336114574        3.2397256027758337E-002
  0.40110426386277853        2.1943415009239908E-002
  0.40274147994030307        1.3526414470435233E-002
  0.40438537876026137        7.1582220154484677E-003
  0.40603598760008325        2.8417484498506340E-003
  0.40769333384853856        5.7108369141856130E-004
  0.40935744500619187        3.3176506712595533E-004
  0.41102834868585908        2.1010753469236088E-003
  0.41270607261306486        5.8483678426676233E-003
  0.41439064462650332        1.1535415893815348E-002
  0.41608209267850005        1.9116784069439396E-002
  0.41778044483547516        2.8540218437582587E-002
  0.41948572927840988        3.9747053287305323E-002
  0.42119797430331363        5.2672631734723363E-002
  0.42291720832169355        6.7246737701114556E-002
  0.42464345986102636        8.3394036817827422E-002
  0.42637675756523108       0.10103452388807188     
  0.42811713019514508       0.12008397461919118     
  0.42986460662900056       0.14045439942916527     
  0.43161921586290408       0.16205449722775922     
  0.43338098701131811       0.18479010717415889     
  0.43514994930754325       0.20856465651907508     
  0.43692613210420378       0.23327960274868975     
  0.43870956487373508       0.25883486836019742     
  0.44050027720887197       0.28512926671284677     
  0.44229829882313998       0.31206091751400411     
  0.44410365955134889       0.33952765061599877     
  0.44591638935008682       0.36742739691544257     
  0.44773651829821842       0.39565856526263243     
  0.44956407659738296       0.42412040440276433     
  0.45139909457249600       0.45271334908369243     
  0.45324160267225266       0.48133934957554070     
  0.45509163146963244       0.50990218395573805     
  0.45694921166240710       0.53830775261817276     
  0.45881437407364939       0.56646435456737132     
  0.46068714965224478       0.59428294515696001     
  0.46256756947340538       0.62167737502635090     
  0.46445566473918498       0.64856461008035460     
  0.46635146677899686       0.67486493244271650     
  0.46825500705013429       0.70050212239677934     
  0.47016631713829160       0.72540362140387349     
  0.47208542875808879       0.74950067636317796     
  0.47401237375359806       0.77272846534497008     
  0.47594718409887132       0.79502620509286337     
  0.47788989189847175       0.81633724064954227     
  0.47984052938800570       0.83660911751469258     
  0.48179912893465782       0.85579363679341980     
  0.48376572303772875       0.87384689383836056     
  0.48574034432917323       0.89072930092912606     
  0.48772302557414277       0.90640559456871628     
  0.48971379967152823       0.92084482800810308     
  0.49171269965450648       0.93402034963771619     
  0.49371975869108847       0.94590976790776005     
  0.49573501008466908       0.95649490345876398     
  0.49775848727458005       0.96576172915933189     
  0.49979022383664523       0.97370029875996156     
  0.50183025348373689       0.98030466488034163     
  0.50387861006633561       0.98557278705263862     
  0.50593532757309234       0.98950643054538301     
  0.50800044013139123       0.99211105669159694     
  0.51007398200791731       0.99339570544117395     
  0.51215598760922409       0.99337287085119264     
  0.51424649148230461       0.99205837021918664     
  0.51634552831516523       0.98947120755344176     
  0.51845313293740036       0.98563343206141862     
  0.52056934032077162       0.98056999232250763     
  0.52269418557978653       0.97430858679475663     
  0.52482770397228251       0.96687951128707084     
  0.52696993090001132       0.95831550400886589     
  0.52912090190922667       0.94865158878843459     
  0.53128065269127367       0.93792491702949321     
  0.53344921908318188       0.92617460895261050     
  0.53562663706825886       0.91344159464478092     
  0.53781294277668812       0.89976845541624206     
  0.54000817248612853       0.88519926593895382     
  0.54221236262231554       0.86977943761623100     
  0.54442554975966673       0.85355556360759632     
  0.54664777062188774       0.83657526590759645     
  0.54887906208258186       0.81888704485174313     
  0.55111946116586275       0.80054013139734592     
  0.55336900504696696       0.78158434250170516     
  0.55562773105287300       0.76206993989499616     
  0.55789567666291884       0.74204749252055247     
  0.56017287950942463       0.72156774289069736     
  0.56245937737831742       0.70068147758248944     
  0.56475520820975744       0.67943940207427223     
  0.56706041009876806       0.65789202010102565     
  0.56937502129586803       0.63608951768431821     
  0.57169908020770599       0.61408165197110165     
  0.57403262539769728       0.59191764499460786     
  0.57637569558666502       0.56964608245050385     
  0.57872832965348131       0.54731481756216516     
  0.58109056663571335       0.52497088009002879     
  0.58346244573027040       0.50266039052253819     
  0.58584400629405475       0.48042847946888179     
  0.58823528784461476       0.45831921225772776     
  0.59063633006079996       0.43637551873081126     
  0.59304717278342045       0.41463912820565940     
  0.59546785601590702       0.39315050956817643     
  0.59789841992497528       0.37194881644293309     
  0.60033890484129260       0.35107183737706693     
  0.60278935126014666       0.33055595096252832     
  0.60524979984211758       0.31043608581100679     
  0.60772029141375294       0.29074568528648159     
  0.61020086696824494       0.27151667689138492     
  0.61269156766611022       0.25277944619456127     
  0.61519243483587394       0.23456281518181887     
  0.61770350997475421       0.21689402490351450     
  0.62022483474935197       0.19979872228768691     
  0.62275645099634114       0.18330095098223509     
  0.62529840072316345       0.16742314608516440     
  0.62785072610872605       0.15218613261812119     
  0.63041346950409982       0.13760912759527466     
  0.63298667343322390       0.12370974553700143     
  0.63557038059361004       0.11050400727577880     
  0.63816463385705124        9.8006351900254529E-002
  0.64076947627033398        8.6229651682425468E-002
  0.64338495105595150        7.5185229832424150E-002
  0.64601110161282127        6.4882880925359543E-002
  0.64864797151700582        5.5330893845019880E-002
  0.65129560452243462        4.6536077090168493E-002
  0.65395404456163087        3.8503786290232322E-002
  0.65662333574644061        3.1237953778827432E-002
  0.65930352236876377        2.4741120075418621E-002
  0.66199464890129045        1.9014467127593138E-002
  0.66469675999823752        1.4057853168916612E-002
  0.66740990049609028        9.8698490500880309E-003
  0.67013411541434675        6.4477759040684202E-003
  0.67286944995626363        3.7877440090474668E-003
  0.67561594950960757        1.8846927165195870E-003
  0.67837365964740748        7.3243131527733762E-004
  0.68114262612871068        3.2368070585275799E-004
  0.68392289489934310        6.5011576377871361E-004
  0.68671451209267076        1.7024082740266788E-003
  0.68951752403036504        3.4702703229994025E-003
  0.69233197722317286        5.9424980386457715E-003
  0.69515791837168661        9.1070155734357394E-003
  0.69799539436711988        1.2950919229225644E-002
  0.70084445229208592        1.7460521627305825E-002
  0.70370513942137802        2.2621395831263102E-002
  0.70657750322275481        2.8418419334619194E-002
  0.70946159135772713        3.4835817829498850E-002
  0.71235745168234910        4.1857208676926549E-002
  0.71526513224801314        4.9465644003604536E-002
  0.71818468130224533        5.7643653354288005E-002
  0.72111614728950835        6.6373285833070561E-002
  0.72405957885200312        7.5636151671037655E-002
  0.72701502483047720        8.5413463161847836E-002
  0.72998253426503557        9.5686074910802832E-002
  0.73296215639595286       0.10643452334691017     
  0.73595394066449149       0.11763906545135061     
  0.73895793671372234       0.12927971665946314     
  0.74197419438934753       0.14133628789712149     
  0.74500276374052765       0.15378842171589535     
  0.74804369502071344       0.16661562749496894     
  0.75109703868847777       0.17979731568106849     
  0.75416284540835488       0.19331283104102892     
  0.75724116605167924       0.20714148490474427     
  0.76033205169743068       0.22126258637934360     
  0.76343555363308235       0.23565547251837848     
  0.76655172335545019       0.25029953743260724     
  0.76968061257154952       0.26517426033180613     
  0.77282227319945096       0.28025923248948992     
  0.77597675736914307       0.29553418312506685     
  0.77914411742339751       0.31097900420026003     
  0.78232440591863694       0.32657377412892785     
  0.78551767562580699       0.34229878040158113     
  0.78872397953125306       0.35813454112794241     
  0.79194337083759792       0.37406182550281752     
  0.79517590296462559       0.39006167320241902     
  0.79842162955016782       0.40611541271999718     
  0.80168060445099321       0.42220467865119415     
  0.80495288174370172       0.43831142794118039     
  0.80823851572562166       0.45441795510693472     
  0.81153756091571005       0.47050690644938709     
  0.81485007205545901       0.48656129327143094     
  0.81817610410980179       0.50256450411879405     
  0.82151571226802678       0.51850031606199365     
  0.82486895194469190       0.53435290503834154     
  0.82823587878054472       0.55010685527401626     
  0.83161654864344625       0.56574716780686218     
  0.83501101762929653       0.58125926813137241     
  0.83841934206296653       0.59662901298785542     
  0.84184157849923302       0.61184269631842092     
  0.84527778372371576       0.62688705441281178     
  0.84872801475382054       0.64174927026758155     
  0.85219232883968588       0.65641697718244307     
  0.85567078346513115       0.67087826161783615     
  0.85916343634861292       0.68512166533810614     
  0.86267034544418009       0.69913618686470747     
  0.86619156894243732       0.71291128226403910     
  0.86972716527151039       0.72643686529455809     
  0.87327719309801433       0.73970330693778197     
  0.87684171132802924       0.75270143433782200     
  0.88042077910807537       0.76542252917392273     
  0.88401445582609561       0.77785832549039913     
  0.88762280111244185       0.79000100700822107     
  0.89124587484086226       0.80184320394219721     
  0.89488373712949654       0.81337798934759298     
  0.89853644834187318       0.82459887501965556     
  0.90220406908791040       0.83549980696924764     
  0.90588666022492215       0.84607516049747800     
  0.90958428285862880       0.85631973489185897     
  0.91329699834416944       0.86622874776610481     
  0.91702486828712149       0.87579782906536685     
  0.92076795454452198       0.88502301475819078     
  0.92452631922589401       0.89390074023612764     
  0.92830002469427830       0.90242783344143318     
  0.93208913356726641       0.91060150774281978     
  0.93589370871804145       0.91841935457880020     
  0.93971381327641990       0.92587933588760851     
  0.94354951062989978       0.93297977634223228     
  0.94740086442471305       0.93971935540856966     
  0.95126793856688030       0.94609709924420349     
  0.95515079722327212       0.95211237245479241     
  0.95904950482267404       0.95776486972453201     
  0.96296412605685466       0.96305460733662829     
  0.96689472588163972       0.96798191459920391     
  0.97084136951799027       0.97254742519152337     
  0.97480412245308368       0.97675206844489970     
  0.97878305044140190       0.98059706057212792     
  0.98277821950582100       0.98408389585875866     
  0.98678969593870736       0.98721433782901702     
  0.99081754630301844       0.98999041039864744     
  0.99486183743340539       0.99241438902645929     
  0.99892263643732426       0.99448879187585437     
   1.0030000106961476       0.99621637099709059     
   1.0070940278662834       0.99760010354057627     
   1.0112047558802988       0.99864318301098198     
   1.0153322629480441       0.99934901057148684     
   1.0194766175577885       0.99972118640700813     
   1.0236378884773538       0.99976350115479751     
   1.0278161447552574       0.99947992741033820     
   1.0320114557218547       0.99887461131603150     
   1.0362238909904942       0.99795186423972837     
   1.0404535204586696       0.99671615454973694     
   1.0447004143091787       0.99517209949252317     
   1.0489646430112913       0.99332445717891593     
   1.0532462773219167       0.99117811868423333     
   1.0575453882867758       0.98873810026737008     
   1.0618620472415838       0.98600953571349692     
   1.0661963258132321       0.98299766880468087     
   1.0705482959209747       0.97970784592236781     
   1.0749180297776255       0.97614550878533046     
   1.0793055998907541       0.97231618732635894     
   1.0837110790638902       0.96822549271065050     
   1.0881345403977287       0.96387911049853969     
   1.0925760572913470       0.95928279395491545     
   1.0970357034434204       0.95444235750738982     
   1.1015135528534441       0.94936367035498970     
   1.1060096798229635       0.94405265022889795     
   1.1105241589568067       0.93851525730648588     
   1.1150570651643195       0.93275748827966942     
   1.1196084736606120       0.92678537057833399     
   1.1241784599678060       0.92060495674939880     
   1.1287670999162849       0.91422231899185624     
   1.1333744696459565       0.90764354384786994     
   1.1380006456075142       0.90087472704991567     
   1.1426457045637044       0.89392196852364836     
   1.1473097235906025       0.88679136754608956     
   1.1519927800788912       0.87948901805850488     
   1.1566949517351428       0.87202100413320294     
   1.1614163165831117       0.86439339559332407     
   1.1661569529650266       0.85661224378456380     
   1.1709169395428922       0.84868357749758760     
   1.1756963552997917       0.84061339903984134     
   1.1804952795412009       0.83240768045526559     
   1.1853137918963028       0.82407235989035699     
   1.1901519723193061       0.81561333810490066     
   1.1950099010907769       0.80703647512558341     
   1.1998876588189678       0.79834758704063713     
   1.2047853264411541       0.78955244293353966     
   1.2097029852249803       0.78065676195374967     
   1.2146407167698074       0.77166621052236173     
   1.2195986030080641       0.76258639967052777     
   1.2245767262066105       0.75342288250837108     
   1.2295751689681005       0.74418115182215328     
   1.2345940142323542       0.73486663779731554     
   1.2396333452777308       0.72548470586502989     
   1.2446932457225151       0.71604065466983757     
   1.2497737995263021       0.70653971415589456     
   1.2548750909913893       0.69698704376938947     
   1.2599972047641785       0.68738773077454884     
   1.2651402258365791       0.67774678868075677     
   1.2703042395474162       0.66806915577821047     
   1.2754893315838498       0.65835969377954329     
   1.2806955879827961       0.64862318656485507     
   1.2859230951323521       0.63886433902757334     
   1.2911719397732333       0.62908777601853483     
   1.2964422090002106       0.61929804138574274     
   1.3017339902635547       0.60949959710720258     
   1.3070473713704895       0.59969682251426415     
   1.3123824404866489       0.58989401360291538     
   1.3177392861375357       0.58009538243048842     
   1.3231179972099965       0.57030505659521569     
   1.3285186629536925       0.56052707879615360     
   1.3339413729825829       0.55076540647094296     
   1.3393862172764077       0.54102391150897522     
   1.3448532861821869       0.53130638003743536     
   1.3503426704157151       0.52161651227788997     
   1.3558544610630672       0.51195792247093785     
   1.3613887495821120       0.50233413886658929     
   1.3669456278040288       0.49274860377802188     
   1.3725251879348284       0.48320467369641085     
   1.3781275225568879       0.47370561946452427     
   1.3837527246304846       0.46425462650687066     
   1.3894008874953359       0.45485479511418225     
   1.3950721048721533       0.44550914078001236     
   1.4007664708641934       0.43622059458738871     
   1.4064840799588225       0.42699200364333501     
   1.4122250270290799       0.41782613155925086     
   1.4179894073352572       0.40872565897511093     
   1.4237773165264773       0.39969318412547017     
   1.4295888506422783       0.39073122344537314     
   1.4354241061142121       0.38184221221420700     
   1.4412831797674421       0.37302850523567366     
   1.4471661688223481       0.36429237755202493     
   1.4530731708961429       0.35563602519077875     
   1.4590042840044910       0.34706156594218385     
   1.4649596065631323       0.33857104016570838     
   1.4709392373895191       0.33016641162388505     
   1.4769432757044543       0.32184956834191569     
   1.4829718211337348       0.31362232349142161     
   1.4890249737098105       0.30548641629679374     
   1.4951028338734396       0.29744351296268412     
   1.5012055024753554       0.28949520762111347     
   1.5073330807779428       0.28164302329681956     
   1.5134856704569155       0.27388841288943999     
   1.5196633736030056       0.26623276017118935     
   1.5258662927236537       0.25867738079874403     
   1.5320945307447145       0.25122352333803011     
   1.5383481910121630       0.24387237030071729     
   1.5446273772938062       0.23662503919124023     
   1.5509321937810101       0.22948258356314311     
   1.5572627450904259       0.22244599408368859     
   1.5636191362657244       0.21551619960562030     
   1.5700014727793419       0.20869406824504289     
   1.5764098605342303       0.20198040846441001     
   1.5828444058656099       0.19537597015966213     
   1.5893052155427401       0.18888144575054922     
   1.5957923967706868       0.18249747127325877     
   1.6023060571921037       0.17622462747446332     
   1.6088463048890147       0.17006344090596492     
   1.6154132483846122       0.16401438501909660     
   1.6220069966450557       0.15807788125815492     
   1.6286276590812767       0.15225430015207053     
   1.6352753455508005       0.14654396240364465     
   1.6419501663595648       0.14094713997563224     
   1.6486522322637496       0.13546405717304277     
   1.6553816544716176       0.13009489172102129     
   1.6621385446453594       0.12483977583770201     
   1.6689230149029417       0.11969879730148747     
   1.6757351778199741       0.11467200051218307     
   1.6825751464315746       0.10975938754547232     
   1.6894430342342412       0.10496091920026474     
   1.6963389551877424       0.10027651603839793     
   1.7032630237170037        9.5706059416304501E-002
   1.7102153547140044        9.1249392508178651E-002
   1.7171960635396897        8.6906321320259883E-002
   1.7242052660258809        8.2676615695864930E-002
   1.7312430784771990        7.8560010310802286E-002
   1.7383096176729915        7.4556205658838470E-002
   1.7454050008692747        7.0664869026894617E-002
   1.7525293458006783        6.6885635459698500E-002
   1.7596827706823941        6.3218108713602894E-002
   1.7668653942121444        5.9661862199318905E-002
   1.7740773355721486        5.6216439913321592E-002
   1.7813187144310982        5.2881357357722369E-002
   1.7885896509461472        4.9656102448391026E-002
   1.7958902657649043        4.6540136411145738E-002
   1.8032206800274309        4.3532894665846311E-002
   1.8105810153682576        4.0633787698228452E-002
   1.8179713939183981        3.7842201919346508E-002
   1.8253919383073787        3.5157500512489670E-002
   1.8328427716652678        3.2579024267472834E-002
   1.8403240176247260        3.0106092402200191E-002
   1.8478358003230537        2.7738003371403530E-002
   1.8553782444042495        2.5474035662510608E-002
   1.8629514750210820        2.3313448578556328E-002
   1.8705556178371661        2.1255483008102760E-002
   1.8781907990290427        1.9299362182132129E-002
   1.8858571452882809        1.7444292417877372E-002
   1.8935547838235744        1.5689463849580809E-002
   1.9012838423628520        1.4034051146174509E-002
   1.9090444491554013        1.2477214215880217E-002
   1.9168367329739937        1.1018098897751627E-002
   1.9246608231170197        9.6558376401689738E-003
   1.9325168494106386        8.3895501663237004E-003
   1.9404049422109304        7.2183441267243964E-003
   1.9483252324060565        6.1413157387791850E-003
   1.9562778514184365        5.1575504134916406E-003
   1.9642629312069249        4.2661233693466194E-003
   1.9722806042690040        3.4661002334451796E-003
   1.9803310036429771        2.7565376299472089E-003
   1.9884142629101824        2.1364837559292305E-003
   1.9965305161972071        1.6049789447181162E-003
   2.0046798981781091        1.1610562167946314E-003
   2.0128625440766581        8.0374181836495584E-004
   2.0210785896685763        5.3205574770698316E-004
   2.0293281712837890        3.4501226937577734E-004
   2.0376114258086915        2.4162041639164133E-004
   2.0459284906884188        2.2088448051904574E-004
   2.0542795039291217        2.8180449075632108E-004
   2.0626646041002639        4.2337668014125196E-004
   2.0710839303369175        6.4459394101412659E-004
   2.0795376223420732        9.4444626884782057E-004
   2.0880258203889532        1.3219211947934628E-003
   2.0965486653233478        1.7760042070413817E-003
   2.1051062985659468        2.3056791611680838E-003
   2.1136988621146831        2.9099286795778445E-003
   2.1223264985470975        3.5877345401853500E-003
   2.1309893510226989        4.3380780544872710E-003
   2.1396875632853374        5.1599404351482248E-003
   2.1484212796655959        6.0523031532566662E-003
   2.1571906450831819        7.0141482853989245E-003
   2.1659958050493291        8.0444588506720649E-003
   2.1748369056692178        9.1422191378139894E-003
   2.1837140936443968        1.0306415022582893E-002
   2.1926275162752127        1.1536034275524076E-002
   2.2015773214632635        1.2830066860291978E-002
   2.2105636577138457        1.4187505222670871E-002
   2.2195866741384194        1.5607344570429671E-002
   2.2286465204570853        1.7088583144189484E-002
   2.2377433470010675        1.8630222479420033E-002
   2.2468773047152077        2.0231267659737373E-002
   2.2560485451604677        2.1890727561652668E-002
   2.2652572205164492        2.3607615090906031E-002
   2.2745034835839171        2.5380947410553967E-002
   2.2837874877873303        2.7209746160938297E-002
   2.2931093871773944        2.9093037671707567E-002
   2.3024693364336155        3.1029853166020027E-002
   2.3118674908668622        3.3019228957086311E-002
   2.3213040064219506        3.5060206637195224E-002
   2.3307790396802273        3.7151833259365552E-002
   2.3402927478621649        3.9293161511769203E-002
   2.3498452888299783        4.1483249885080675E-002
   2.3594368210902377        4.3721162832876526E-002
   2.3690675037965030        4.6005970925238171E-002
   2.3787374967519588        4.8336750995701783E-002
   2.3884469604120731        5.0712586281685623E-002
   2.3981960558872570        5.3132566558543481E-002
   2.4079849449455333        5.5595788267363666E-002
   2.4178137900152290        5.8101354636676650E-002
   2.4276827541876669        6.0648375798177612E-002
   2.4375920012198664        6.3235968896619865E-002
   2.4475416955372706        6.5863258193992302E-002
   2.4575320022364697        6.8529375168120077E-002
   2.4675630870879357        7.1233458605829192E-002
   2.4776351165387829        7.3974654690773023E-002
   2.4877482577155234        7.6752117086075544E-002
   2.4979026784268394        7.9565007011897060E-002
   2.5080985471663721        8.2412493318055557E-002
   2.5183360331155162        8.5293752551819146E-002
   2.5286153061462220        8.8207969020990262E-002
   2.5389365368238228        9.1154334852402319E-002
   2.5492998964098588        9.4132050045940163E-002
   2.5597055568649218        9.7140322524205014E-002
   2.5701536908515048       0.10017836817793102     
   2.5806444717368717       0.10324541090726425     
   2.5911780735959340       0.10634068265903196     
   2.6017546712141315       0.10946342346007043     
   2.6123744400903441       0.11261288144676884     
   2.6230375564397970       0.11578831289088931     
   2.6337441971969815       0.11898898222178722     
   2.6444945400185995       0.12221416204514435     
   2.6552887632865070       0.12546313315828017     
   2.6661270461106703       0.12873518456217459     
   2.6770095683321458       0.13202961347027864     
   2.6879365105260575       0.13534572531421130     
   2.6989080540045989       0.13868283374644197     
   2.7099243808200328       0.14204026064003761     
   2.7209856737677236       0.14541733608558483     
   2.7320921163891634       0.14881339838534524     
   2.7432438929750149       0.15222779404476272     
   2.7544411885681774       0.15565987776138246     
   2.7656841889668535       0.15910901241127950     
   2.7769730807276272       0.16257456903307588     
   2.7883080511685678       0.16605592680961623     
   2.7996892883723348       0.16955247304740140     
   2.8111169811892935       0.17306360315382974     
   2.8225913192406575       0.17658872061235265     
   2.8341124929216317       0.18012723695558852     
   2.8456806934045655       0.18367857173648594     
   2.8572961126421350       0.18724215249760701     
   2.8689589433705232       0.19081741473858937     
   2.8806693791126143       0.19440380188185880     
   2.8924276141812122       0.19800076523667276     
   2.9042338436822610       0.20160776396153579     
   2.9160882635180831       0.20522426502507451     
   2.9279910703906258       0.20884974316540628     
   2.9399424618047334       0.21248368084810310     
   2.9519426360714194       0.21612556822276718     
   2.9639917923111532       0.21977490307830438     
   2.9760901304571732       0.22343119079694007     
   2.9882378512587997       0.22709394430704144     
   3.0004351562847607       0.23076268403479128     
   3.0126822479265480       0.23443693785477315     
   3.0249793294017673       0.23811624103951690     
   3.0373266047575087       0.24180013620805041     
   3.0497242788737404       0.24548817327352757     
   3.0621725574667020       0.24917990938993995     
   3.0746716470923223       0.25287490889800801     
   3.0872217551496384       0.25657274327025381     
   3.0998230898842483       0.26027299105533874     
   3.1124758603917613       0.26397523782166954     
   3.1251802766212617       0.26767907610035058     
   3.1379365493788032       0.27138410532750379     
   3.1507448903309023       0.27508993178600105     
   3.1636055120080444       0.27879616854664580     
   3.1765186278082207       0.28250243540884812     
   3.1894844520004644       0.28620835884082740     
   3.2025031997284015       0.28991357191937095     
   3.2155750870138298       0.29361771426919614     
   3.2287003307602982       0.29732043200194380     
   3.2418791487567020       0.30102137765483117     
   3.2551117596809069       0.30472021012900830     
   3.2683983831033703       0.30841659462763871     
   3.2817392394907818       0.31211020259373712     
   3.2951345502097307       0.31580071164779688     
   3.3085845375303724       0.31948780552523504     
   3.3220894246301196       0.32317117401367934     
   3.3356494355973410       0.32685051289012168     
   3.3492647954350852       0.33052552385797718     
   3.3629357300648142       0.33419591448406172     
   3.3766624663301439       0.33786139813550942     
   3.3904452320006189       0.34152169391666909     
   3.4042842557754875       0.34517652660599352     
   3.4181797672874907       0.34882562659293381     
   3.4321319971066844       0.35246872981488231     
   3.4461411767442565       0.35610557769416729     
   3.4602075386563675       0.35973591707512553     
   3.4743313162480152       0.36335950016126828     
   3.4885127438769019       0.36697608445257379     
   3.5027520568573265       0.37058543268290167     
   3.5170494914640815       0.37418731275756045     
   3.5314052849363842       0.37778149769105018     
   3.5458196754818094       0.38136776554498053     
   3.5602929022802345       0.38494589936619383     
   3.5748252054878202       0.38851568712509887     
   3.5894168262409902       0.39207692165423880     
   3.6040680066604258       0.39562940058709706     
   3.6187789898550959       0.39917292629715873     
   3.6335500199262847       0.40270730583725134     
   3.6483813419716364       0.40623235087915088     
   3.6632732020892336       0.40974787765349552     
   3.6782258473816740       0.41325370688999630     
   3.6932395259601685       0.41674966375796529     
   3.7083144869486642       0.42023557780716814     
   3.7234509804879772       0.42371128290901527     
   3.7386492577399353       0.42717661719809419     
   3.7539095708915569       0.43063142301405977     
   3.7692321731592284       0.43407554684388583     
   3.7846173187929102       0.43750883926448525     
   3.8000652630803460       0.44093115488571211     
   3.8155762623513128       0.44434235229375030     
   3.8311505739818670       0.44774229399489207     
   3.8467884563986092       0.45113084635971934     
   3.8624901690829847       0.45450787956768657     
   3.8782559725755825       0.45787326755212654     
   3.8940861284804527       0.46122688794565714     
   3.9099808994694594       0.46456862202602545     
   3.9259405492866346       0.46789835466237650     
   3.9419653427525452       0.47121597426194473     
   3.9580555457687030       0.47452137271719719     
   3.9742114253219660       0.47781444535340556     
   3.9904332494889743       0.48109509087667079     
   4.0067212874405893       0.48436321132238769     
   4.0230758094463717       0.48761871200416951     
   4.0394970868790629       0.49086150146321883     
   4.0559853922190783       0.49409149141816067     
   4.0725409990590427       0.49730859671533101     
   4.0891641821083224       0.50051273527953000     
   4.1058552171975808       0.50370382806523351     
   4.1226143812833644       0.50688179900827424     
   4.1394419524526915       0.51004657497799033     
   4.1563382099276636       0.51319808572983028     
   4.1733034340701094       0.51633626385844611     
   4.1903379063862296       0.51946104475123667     
   4.2074419095312638       0.52257236654237227     
   4.2246157273141920       0.52567017006728878     
   4.2418596447024361       0.52875439881764930     
   4.2591739478265858       0.53182499889677926     
   4.2765589239851547       0.53488191897557402     
   4.2940148616493437       0.53792511024887379     
   4.3115420504678283       0.54095452639231256     
   4.3291407812715565       0.54397012351963392     
   4.3468113460785895       0.54697186014047816     
   4.3645540380989400       0.54995969711863923     
   4.3823691517394279       0.55293359763078509     
   4.4002569826085844       0.55589352712564910     
   4.4182178275215458       0.55883945328368445     
   4.4362519845049730       0.56177134597718059     
   4.4543597528020111       0.56468917723084666     
   4.4725414328772475       0.56759292118285409     
   4.4907973264216903       0.57048255404633563     
   4.5091277363577875       0.57335805407134677     
   4.5275329668444471       0.57621940150728079     
   4.5460133232820850       0.57906657856573274     
   4.5645691123176864       0.58189956938382448     
   4.5832006418499045       0.58471835998797239     
   4.6019082210341660       0.58752293825810353     
   4.6206921602877928       0.59031329389231879     
   4.6395527712951647       0.59308941837199458     
   4.6584903670128890       0.59585130492733129     
   4.6775052616749795       0.59859894850333073     
   4.6965977707980926       0.60133234572621541     
   4.7157682111867478       0.60405149487027932     
   4.7350169009385850       0.60675639582516150     
   4.7543441594496505       0.60944705006355693     
   4.7737503074196939       0.61212346060934342     
   4.7932356668574805       0.61478563200613112     
   4.8128005610861475       0.61743357028623391     
   4.8324453147485658       0.62006728294004820     
   4.8521702538127149       0.62268677888585455     
   4.8719757055771122       0.62529206844001872     
   4.8918619986762248       0.62788316328760252     
   4.9118294630859394       0.63046007645337809     
   4.9318784301290162       0.63302282227323947     
   4.9520092324806102       0.63557141636601266     
   4.9722222041737796       0.63810587560565901     
   4.9925176806050207       0.64062621809386489     
   5.0128959985398502       0.64313246313302264     
   5.0333574961183860       0.64562463119959068     
   5.0539025128609465       0.64810274391783707     
   5.0745313896737043       0.65056682403395605     
   5.0952444688543324       0.65301689539056196     
   5.1160420940976774       0.65545298290154697     
   5.1369246105014765       0.65787511252731168     
   5.1578923645720769       0.66028331125035500     
   5.1789457042301867       0.66267760705122281     
   5.2000849788166388       0.66505802888481580     
   5.2213105390982024       0.66742460665704728     
   5.2426227372734004       0.66977737120185199     
   5.2640219269783390       0.67211635425853733     
   5.2855084632925946       0.67444158844948343     
   5.3070827027450962       0.67675310725817373     
   5.3287450033200381       0.67905094500756857     
   5.3504957244628288       0.68133513683880409     
   5.3723352270860527       0.68360571869022624     
   5.3942638735754480       0.68586272727674169     
   5.4162820277959387       0.68810620006949974     
   5.4383900550976607       0.69033617527588420     
   5.4605883223220175       0.69255269181982360     
   5.4828771978077846       0.69475578932241389     
   5.5052570513972130       0.69694550808284483     
   5.5277282544421542       0.69912188905963557     
   5.5502911798102446       0.70128497385216626     
   5.5729462018910780       0.70343480468251274     
   5.5956936966024218       0.70557142437757148     
   5.6185340413964466       0.70769487635147432     
   5.6414676152660075       0.70980520458829677     
   5.6644947987509173       0.71190245362504345     
   5.6876159739442613       0.71398666853491877     
   5.7108315244987482       0.71605789491087490     
   5.7341418356330687       0.71811617884943124     
   5.7575472941382806       0.72016156693476652     
   5.7810482883842447       0.72219410622308122     
   5.8046452083260549       0.72421384422721846     
   5.8283384455105089       0.72622082890155149     
   5.8521283930826149       0.72821510862712890     
   5.8760154457921070       0.73019673219706882     
