  0.10000000000000001       0.47021240799833525     
  0.10040817718110437       0.38412745017316263     
  0.10081802044832047       0.29610851721260534     
  0.10122953660223166       0.21228207510306610     
  0.10164273247117964       0.13839357081453491     
  0.10205761491137796        7.9425301261909220E-002
  0.10247419080702558        3.9277981450300523E-002
  0.10289246707042120        2.0534979836957519E-002
  0.10331245064207799        2.4321735994729855E-002
  0.10373414849083867        5.0265937299087848E-002
  0.10415756761399117        9.6557102816424406E-002
  0.10458271503738485       0.16009776377807222     
  0.10500959781554686       0.23673283751768381     
  0.10543822303179938       0.32153937720632275     
  0.10586859779837712       0.40915585595630910     
  0.10630072925654524       0.49412861855563905     
  0.10673462457671801       0.57125311090788666     
  0.10717029095857759       0.63588888366306451     
  0.10760773563119364       0.68422998716590899     
  0.10804696585314330       0.71351598904821822     
  0.10848798891263144       0.72217316777215168     
  0.10893081212761184       0.70988015563920648     
  0.10937544284590843       0.67755711091005000     
  0.10982188844533726       0.62728209508411914     
  0.11027015633382903       0.56214245581427880     
  0.11072025394955184       0.48603245281508473     
  0.11117218876103470       0.40341095390804993     
  0.11162596826729153       0.31903467266080376     
  0.11208159999794542       0.23768308180211678     
  0.11253909151335369       0.16389084116770086     
  0.11299845040473337       0.10170240236636471     
  0.11345968429428700        5.4461516642676011E-002
  0.11392280083532935        2.4645834045838602E-002
  0.11438780771241415        1.3753820423871204E-002
  0.11485471264146174        2.2248024410059741E-002
  0.11532352336988719        4.9555489437556235E-002
  0.11579424767672861        9.4123004896388654E-002
  0.11626689337277650       0.15352208481791016     
  0.11674146830070313       0.22459618377112639     
  0.11721798033519278       0.30364080762548884     
  0.11769643738307244       0.38660591605570221     
  0.11817684738344295       0.46930937292412866     
  0.11865921830781066       0.54765017422280338     
  0.11914355816021997       0.61781073377793250     
  0.11962987497738581       0.67643856993993001     
  0.12011817682882717       0.72079922581120071     
  0.12060847181700105       0.74889406940774983     
  0.12110076807743671       0.75953864751720590     
  0.12159507377887094       0.75239939403894007     
  0.12209139712338332       0.72798860947781230     
  0.12258974634653247       0.68761963056563780     
  0.12309012971749274       0.63332590802548094     
  0.12359255553919130       0.56774923276894584     
  0.12409703214844603       0.49400354131698582     
  0.12460356791610375       0.41552155466846163     
  0.12511217124717913       0.33589194579229681     
  0.12562285058099434       0.25869479303831500     
  0.12613561439131882       0.18734278111053349     
  0.12665047118650996       0.12493499395924788     
  0.12716742950965446        7.4129253380314480E-002
  0.12768649793870987        3.7037850659310513E-002
  0.12820768508664696        1.5150259373790276E-002
  0.12873099960159279        9.2850709793099381E-003
  0.12925645016697404        1.9572025827461832E-002
  0.12978404550166117        4.5463681991584667E-002
  0.13031379436011306        8.5775027888408462E-002
  0.13084570553252231       0.13874824938334895     
  0.13137978784496107       0.20213894563391627     
  0.13191605015952751       0.27331937781446347     
  0.13245450137449291       0.34939384782409655     
  0.13299515042444918       0.42732104626849676     
  0.13353800628045717       0.50403817656111449     
  0.13408307795019572       0.57658184195968787     
  0.13463037447811083       0.64220105395801597     
  0.13517990494556581       0.69845825653986626     
  0.13573167847099218       0.74331492946958488     
  0.13628570421004074       0.77519910005849602     
  0.13684199135573349       0.79305292029728747     
  0.13740054913861643       0.79635931862209053     
  0.13796138682691236       0.78514757820850378     
  0.13852451372667493       0.75997849471930368     
  0.13908993918194296       0.72191049788633976     
  0.13965767257489561       0.67244875985790753     
  0.14022772332600780       0.61347984075489648     
  0.14080010089420669       0.54719482570332034     
  0.14137481477702879       0.47600418063963390     
  0.14195187451077720       0.40244769468694885     
  0.14253128967068007       0.32910288816952971     
  0.14311306987104958       0.25849515517222249     
  0.14369722476544117       0.19301268963628987     
  0.14428376404681392       0.13482892912662353     
  0.14487269744769149        8.5834857780424670E-002
  0.14546403474032335        4.7583058277458026E-002
  0.14605778573684705        2.1244911440029622E-002
  0.14665396028945119        7.5818307692258370E-003
  0.14725256829053859        6.9309066602314603E-003
  0.14785361967289068        1.9204838734406104E-002
  0.14845712440983222        4.3905570401181995E-002
  0.14906309251539690        8.0150620939847733E-002
  0.14967153404449324       0.12671074809730254     
  0.15028245909307170       0.18205727678681499     
  0.15089587779829214       0.24441720254935487     
  0.15151180033869191       0.31183402488680245     
  0.15213023693435482       0.38223218567301653     
  0.15275119784708088       0.45348297945850680     
  0.15337469338055626       0.52346986132029694     
  0.15400073388052446       0.59015119783296577     
  0.15462932973495802       0.65161868011076429     
  0.15526049137423079       0.70614983590985914     
  0.15589422927129087       0.75225333092739777     
  0.15653055394183482       0.78870602772021292     
  0.15716947594448166       0.81458106405296349     
  0.15781100588094832       0.82926651118702943     
  0.15845515439622559       0.83247446738184516     
  0.15910193217875471       0.82424072422026096     
  0.15975134996060453       0.80491540578208598     
  0.16040341851764989       0.77514521679053661     
  0.16105814866975027       0.73584814048913982     
  0.16171555128092935       0.68818159629995668     
  0.16237563725955523       0.63350519869605393     
  0.16303841755852153       0.57333935089304677     
  0.16370390317542910       0.50932095984137837     
  0.16437210515276834       0.44315757361475100     
  0.16504303457810285       0.37658122068054900     
  0.16571670258425286       0.31130317560839388     
  0.16639312034948034       0.24897079114573384     
  0.16707229909767446       0.19112742644813152     
  0.16775425009853762       0.13917637017814716     
  0.16843898466777257        9.4349510006174725E-002
  0.16912651416727026        5.7681341675688100E-002
  0.16981685000529834        2.9988746099612131E-002
  0.17051000363669019        1.1856796623434702E-002
  0.17120598656303537        3.6306950232569135E-003
  0.17190481033287031        5.4137780181847776E-003
  0.17260648654186983        1.7071389621101309E-002
  0.17331102683303970        3.8240281566397097E-002
  0.17401844289690985        6.8343086817821086E-002
  0.17472874647172817       0.10660731167624188     
  0.17544194934365545       0.15208821159682870     
  0.17615806334696094       0.20369485523848047     
  0.17687710036421864       0.26021864071197376     
  0.17759907232650440       0.32036350716524131     
  0.17832399121359424       0.38277708298383417     
  0.17905186905416270       0.44608202782303891     
  0.17978271792598266       0.50890685791446366     
  0.18051654995612570       0.56991559080678145     
  0.18125337732116351       0.62783560489930090     
  0.18199321224736950       0.68148317864403507     
  0.18273606701092207       0.72978625187806312     
  0.18348195393810826       0.77180403512512541     
  0.18423088540552804       0.80674317962435405     
  0.18498287384029991       0.83397030913413550     
  0.18573793172026712       0.85302080217162501     
  0.18649607157420448       0.86360379839642953     
  0.18725730598202642       0.86560348363346851     
  0.18802164757499584       0.85907678307320834     
  0.18878910903593346       0.84424766023743603     
  0.18955970309942835       0.82149827934643094     
  0.19033344255204943       0.79135734000538238     
  0.19111034023255730       0.75448593512367534     
  0.19189040903211749       0.71166131540492106     
  0.19267366189451438       0.66375896653695721     
  0.19346011181636599       0.61173341851536478     
  0.19424977184733941       0.55659821068469162     
  0.19504265509036750       0.49940543158023520     
  0.19583877470186650       0.44122524014198033     
  0.19663814389195391       0.38312575511458419     
  0.19744077592466802       0.32615367329674738     
  0.19824668411818794       0.27131594568526846     
  0.19905588184505443       0.21956280444016132     
  0.19986838253239200       0.17177239396673935     
  0.20068419966213161       0.12873721725694939     
  0.20150334677123438        9.1152564922525769E-002
  0.20232583745191612        5.9607050017004129E-002
  0.20315168535187320        3.4575327657357505E-002
  0.20398090417450848        1.6413035428802132E-002
  0.20481350767915915        5.3539493190227234E-003
  0.20564950968132489        1.5093111276838255E-003
  0.20648892405289709        4.8692474873843023E-003
  0.20733176472238896        1.5306168273525085E-002
  0.20817804567516671        3.2580003635877132E-002
  0.20902778095368180        5.6345114421663345E-002
  0.20988098465770355        8.6158690552947073E-002
  0.21073767094455342       0.12149043605488294     
  0.21159785402933992       0.16173332790678435     
  0.21246154818519422       0.20621522862822456     
  0.21332876774350720       0.25421112937073714     
  0.21419952709416737       0.30495580105319137     
  0.21507384068579924       0.35765663549247012     
  0.21595172302600341       0.41150646623500697     
  0.21683318868159726       0.46569616954392601     
  0.21771825227885655       0.51942685937269917     
  0.21860692850375804       0.57192150577014000     
  0.21949923210222347       0.62243582361420491     
  0.22039517788036408       0.67026829746239958     
  0.22129478070472614       0.71476922823766054     
  0.22219805550253774       0.75534870805360288     
  0.22310501726195672       0.79148345035317558     
  0.22401568103231900       0.82272242334089762     
  0.22493006192438844       0.84869125510946397     
  0.22584817511060773       0.86909539860159257     
  0.22677003582534988       0.88372206334648895     
  0.22769565936517111       0.89244093853774209     
  0.22862506108906488       0.89520374828194271     
  0.22955825641871638       0.89204269458519436     
  0.23049526083875860       0.88306785673380783     
  0.23143608989702943       0.86846362707520752     
  0.23238075920482931       0.84848427275818972     
  0.23332928443718048       0.82344872072181885     
  0.23428168133308711       0.79373466913273927     
  0.23523796569579644       0.75977213259149967     
  0.23619815339306083       0.72203653081424868     
  0.23716226035740115       0.68104143122323724     
  0.23813030258637141       0.63733105504295551     
  0.23910229614282377       0.59147265421022388     
  0.24007825715517533       0.54404886278975417     
  0.24105820181767584       0.49565012177710899     
  0.24204214639067612       0.44686727031043838     
  0.24303010720089804       0.39828438954786066     
  0.24402210064170560       0.35047197794863333     
  0.24501814317337661       0.30398052857274771     
  0.24601825132337590       0.25933457043227226     
  0.24702244168662996       0.21702722703260149     
  0.24803073092580163       0.17751533616979165     
  0.24904313577156709       0.14121516593180183     
  0.25005967302289334       0.10849875280859014     
  0.25108035954731700        7.9690878960918601E-002
  0.25210521228122396        5.5066697131836102E-002
  0.25313424823013059        3.4850003499747401E-002
  0.25416748446896609        1.9212151046615895E-002
  0.25520493814235545        8.2715888176903129E-003
  0.25624662646490398        2.0940058361502301E-003
  0.25729256672148348        6.9305245272180318E-004
  0.25834277626751834        4.0316065898558379E-003
  0.25939727252927380        1.2023547705889637E-002
  0.26045607300414547        2.4535997369390466E-002
  0.26151919526094891        4.1391982100700560E-002
  0.26258665694021183        6.2373471600954973E-002
  0.26365847575446660        8.7224743634373075E-002
  0.26473466948854396       0.11565602563629630     
  0.26581525599986822       0.14734736255923114     
  0.26690025321875377       0.18195266050872733     
  0.26798967914870253       0.21910385632137769     
  0.26908355186670235       0.25841516435680340     
  0.27018188952352734       0.29948735336809124     
  0.27128471034403900       0.34191200833300778     
  0.27239203262748851       0.38527573452164754     
  0.27350387474782023       0.42916426379494393     
  0.27462025515397709       0.47316642612150128     
  0.27574119237020622       0.51687795251710111     
  0.27686670499636645       0.55990507900349928     
  0.27799681170823720       0.60186792470153516     
  0.27913153125782791       0.64240362077338697     
  0.28027088247368953       0.68116917056559645     
  0.28141488426122702       0.71784402493746113     
  0.28256355560301261       0.75213236035024500     
  0.28371691555910122       0.78376505080680403     
  0.28487498326734656       0.81250132813605358     
  0.28603777794371876       0.83813012838477563     
  0.28720531888262307       0.86047112518487090     
  0.28837762545721990       0.87937545388630289     
  0.28955471711974690       0.89472613296622183     
  0.29073661340184104       0.90643819172877094     
  0.29192333391486291       0.91445851558607483     
  0.29311489835022253       0.91876542225097002     
  0.29431132647970543       0.91936798397054154     
  0.29551263815580109       0.91630511248439239     
  0.29671885331203263       0.90964442470265894     
  0.29792999196328690       0.89948090816906678     
  0.29914607420614708       0.88593540620830558     
  0.30036712021922612       0.86915294326200154     
  0.30159315026350136       0.84930091130184882     
  0.30282418468265071       0.82656713838250451     
  0.30406024390339059       0.80115786037224457     
  0.30530134843581452       0.77329561668865077     
  0.30654751887373349       0.74321709048359508     
  0.30779877589501764       0.71117091318058245     
  0.30905514026193970       0.67741545258327052     
  0.31031663282151906       0.64221660296159611     
  0.31158327450586787       0.60584559459667542     
  0.31285508633253861       0.56857683924334956     
  0.31413208940487242       0.53068582686430477     
  0.31541430491234945       0.49244708781760516     
  0.31670175413094059       0.45413223345443327     
  0.31799445842346041       0.41600808681983176     
  0.31929243923992134       0.37833491385961071     
  0.32059571811789023       0.34136476423391376     
  0.32190431668284508       0.30533992953448041     
  0.32321825664853443       0.27049152540877819     
  0.32453755981733712       0.23703820282096860     
  0.32586224808062436       0.20518499243589591     
  0.32719234341912323       0.17512228490655166     
  0.32852786790328065       0.14702494868556459     
  0.32986884369363056       0.12105158587336430     
  0.33121529304116082        9.7343925566021061E-002
  0.33256723828768275        7.6026353178855116E-002
  0.33392470186620210        5.7205573301845447E-002
  0.33528770630129073        4.0970402792957591E-002
  0.33665627420946076        2.7391690037851510E-002
  0.33803042829953994        1.6522355600797237E-002
  0.33941019137304806        8.3975488630043151E-003
  0.34079558632457546        3.0349146908288105E-003
  0.34218663614216327        4.3496369748071881E-004
  0.34358336390768413        5.8153925663118164E-004
  0.34498579279722608        3.4423740933237222E-003
  0.34639394608147639        8.9697290148849952E-003
  0.34780784712610791        1.7101106149640388E-002
  0.34922751939216706        2.7760028931499620E-002
  0.35065298643646264        4.0856881000666201E-002
  0.35208427191195729        5.6289796181734582E-002
  0.35352139956815942        7.3945591746331113E-002
  0.35496439325151735        9.3700737264936204E-002
  0.35641327690581565       0.11542235149727542     
  0.35786807457257153       0.13896921995894401     
  0.35932881039143427       0.16419282602974866     
  0.36079550860058590       0.19093838873229391     
  0.36226819353714296       0.21904590060383583     
  0.36374688963756052       0.24835115940627722     
  0.36523162143803800       0.27868678776432321     
  0.36672241357492547       0.30988323518666044     
  0.36821929078513355       0.34176975730579495     
  0.36972227790654283       0.37417536756488917     
  0.37123139987841652       0.40692975698214484     
  0.37274668174181458       0.43986417803036443     
  0.37426814864000829       0.47281228907960737     
  0.37579582581889864       0.50561095626033792     
  0.37732973862743413       0.53810101001115063     
  0.37886991251803198       0.57012795397634441     
  0.38041637304700071       0.60154262431185201     
  0.38196914587496344       0.63220179784153563     
  0.38352825676728425       0.66196874787774651     
  0.38509373159449567       0.69071374687823683     
  0.38666559633272773       0.71831451545516545     
  0.38824387706413899       0.74465661757946422     
  0.38982859997734975       0.76963380213393096     
  0.39141979136787586       0.79314829126080955     
  0.39301747763856587       0.81511101622308280     
  0.39462168530003849       0.83544180175280136     
  0.39623244097112265       0.85406950009447635     
  0.39784977137929967       0.87093207616606327     
  0.39947370336114574       0.88597664545481514     
  0.40110426386277853       0.89915946644010381     
  0.40274147994030307       0.91044588949022820     
  0.40438537876026137       0.91981026431590429     
  0.40603598760008325       0.92723580817963136     
  0.40769333384853856       0.93271443715800340     
  0.40935744500619187       0.93624656283405550     
  0.41102834868585908       0.93784085685917751     
  0.41270607261306486       0.93751398587005463     
  0.41439064462650332       0.93529031927599970     
  0.41608209267850005       0.93120161244686073     
  0.41778044483547516       0.92528666783221503     
  0.41948572927840988       0.91759097652967569     
  0.42119797430331363       0.90816634279470410     
  0.42291720832169355       0.89707049394729721     
  0.42464345986102636       0.88436667808312863     
  0.42637675756523108       0.87012325193919760     
  0.42811713019514508       0.85441326119755567     
  0.42986460662900056       0.83731401543626616     
  0.43161921586290408       0.81890665985515620     
  0.43338098701131811       0.79927574581622252     
  0.43514994930754325       0.77850880214522888     
  0.43692613210420378       0.75669590904344697     
  0.43870956487373508       0.73392927635679217     
  0.44050027720887197       0.71030282784518239     
  0.44229829882313998       0.68591179298795524     
  0.44410365955134889       0.66085230775286863     
  0.44591638935008682       0.63522102564660909     
  0.44773651829821842       0.60911474025511914     
  0.44956407659738296       0.58263002037243961     
  0.45139909457249600       0.55586285870810237     
  0.45324160267225266       0.52890833505550527     
  0.45509163146963244       0.50186029469811422     
  0.45694921166240710       0.47481104272658597     
  0.45881437407364939       0.44785105483902210     
  0.46068714965224478       0.42106870509816535     
  0.46256756947340538       0.39455001102451326     
  0.46445566473918498       0.36837839631267078     
  0.46635146677899686       0.34263447137038894     
  0.46825500705013429       0.31739583179566611     
  0.47016631713829160       0.29273687482743527     
  0.47208542875808879       0.26872863372945766     
  0.47401237375359806       0.24543862999553112     
  0.47594718409887132       0.22293074319704234     
  0.47788989189847175       0.20126509823105326     
  0.47984052938800570       0.18049796966887505     
  0.48179912893465782       0.16068170285114222     
  0.48376572303772875       0.14186465132594617     
  0.48574034432917323       0.12409113018160930     
  0.48772302557414277       0.10740138478469138     
  0.48971379967152823        9.1831574397557264E-002
  0.49171269965450648        7.7413770117234548E-002
  0.49371975869108847        6.4175966549138846E-002
  0.49573501008466908        5.2142106604715147E-002
  0.49775848727458005        4.1332118791554247E-002
  0.49979022383664523        3.1761966347552753E-002
  0.50183025348373689        2.3443707557322498E-002
  0.50387861006633561        1.6385566579000168E-002
  0.50593532757309234        1.0592014102791099E-002
  0.50800044013139123        6.0638571588363969E-003
  0.51007398200791731        2.7983373910612386E-003
  0.51215598760922409        7.8923711554793486E-004
  0.51424649148230461        2.6992486323445749E-005
  0.51634552831516523        4.9881309823604177E-004
  0.51845313293740036        2.1888073655603676E-003
  0.52056934032077162        5.0781130259954857E-003
  0.52269418557978653        9.1450321326104582E-003
  0.52482770397228251        1.4365169910909328E-002
  0.52696993090001132        2.0711576874348065E-002
  0.52912090190922667        2.8154893609197412E-002
  0.53128065269127367        3.6663497658458194E-002
  0.53344921908318188        4.6203651954438922E-002
  0.53562663706825886        5.6739654270454312E-002
  0.53781294277668812        6.8233987183794406E-002
  0.54000817248612853        8.0647468064458938E-002
  0.54221236262231554        9.3939398627065795E-002
  0.54442554975966673       0.10806771360669673     
  0.54664777062188774       0.12298912814311422     
  0.54887906208258186       0.13865928348164913     
  0.55111946116586275       0.15503289062307907     
  0.55336900504696696       0.17206387157874206     
  0.55562773105287300       0.18970549791119728     
  0.55789567666291884       0.20791052626428888     
  0.56017287950942463       0.22663133061021554     
  0.56245937737831742       0.24582003096418031     
  0.56475520820975744       0.26542861834022624     
  0.56706041009876806       0.28540907574404467     
  0.56937502129586803       0.30571349502056000     
  0.57169908020770599       0.32629418939535887     
  0.57403262539769728       0.34710380156973986     
  0.57637569558666502       0.36809540724936340     
  0.57872832965348131       0.38922261400578384     
  0.58109056663571335       0.41043965538900573     
  0.58346244573027040       0.43170148022714072     
  0.58584400629405475       0.45296383706655408     
  0.58823528784461476       0.47418335372240555     
  0.59063633006079996       0.49531761192523116     
  0.59304717278342045       0.51632521706412604     
  0.59546785601590702       0.53716586304134628     
  0.59789841992497528       0.55780039226648181     
  0.60033890484129260       0.57819085083090538     
  0.60278935126014666       0.59830053891507995     
  0.60524979984211758       0.61809405649234828     
  0.60772029141375294       0.63753734440294663     
  0.61020086696824494       0.65659772088162682     
  0.61269156766611022       0.67524391363096103     
  0.61519243483587394       0.69344608754038284     
  0.61770350997475421       0.71117586815832967     
  0.62022483474935197       0.72840636103147982     
  0.62275645099634114       0.74511216703090488     
  0.62529840072316345       0.76126939379031078     
  0.62785072610872605       0.77685566338604140     
  0.63041346950409982       0.79185011639260106     
  0.63298667343322390       0.80623341245078428     
  0.63557038059361004       0.81998772748835314     
  0.63816463385705124       0.83309674773549491     
  0.64076947627033398       0.84554566067900816     
  0.64338495105595150       0.85732114310044560     
  0.64601110161282127       0.86841134634421413     
  0.64864797151700582       0.87880587896197604     
  0.65129560452243462       0.88849578687959208     
  0.65395404456163087       0.89747353123232909     
  0.65662333574644061       0.90573296401324654     
  0.65930352236876377       0.91326930167839138     
  0.66199464890129045       0.92007909685091316     
  0.66469675999823752       0.92616020826434520     
  0.66740990049609028       0.93151176908316990     
  0.67013411541434675       0.93613415373638609     
  0.67286944995626363       0.94002894339712417     
  0.67561594950960757       0.94319889023858161     
  0.67837365964740748       0.94564788059340821     
  0.68114262612871068       0.94738089714051266     
  0.68392289489934310       0.94840398023984174     
  0.68671451209267076       0.94872418853217921     
  0.68951752403036504       0.94834955891734207     
  0.69233197722317286       0.94728906602043750     
  0.69515791837168661       0.94555258125197383     
  0.69799539436711988       0.94315083156372592     
  0.70084445229208592       0.94009535799829147     
  0.70370513942137802       0.93639847412625110     
  0.70657750322275481       0.93207322446082186     
  0.70946159135772713       0.92713334293582306     
  0.71235745168234910       0.92159321152871609     
  0.71526513224801314       0.91546781910642938     
  0.71818468130224533       0.90877272056763547     
  0.72111614728950835       0.90152399635111935     
  0.72405957885200312       0.89373821237594164     
  0.72701502483047720       0.88543238047511141     
  0.72998253426503557       0.87662391938063999     
  0.73296215639595286       0.86733061631403108     
  0.73595394066449149       0.85757058923245844     
  0.73895793671372234       0.84736224977725272     
  0.74197419438934753       0.83672426696768132     
  0.74500276374052765       0.82567553167949670     
  0.74804369502071344       0.81423512194424863     
  0.75109703868847777       0.80242226910209813     
  0.75416284540835488       0.79025632483749308     
  0.75724116605167924       0.77775672912405103     
  0.76033205169743068       0.76494297910179143     
  0.76343555363308235       0.75183459890701909     
  0.76655172335545019       0.73845111047227874     
  0.76968061257154952       0.72481200531098977     
  0.77282227319945096       0.71093671729883090     
  0.77597675736914307       0.69684459646132513     
  0.77914411742339751       0.68255488377470241     
  0.78232440591863694       0.66808668698474705     
  0.78551767562580699       0.65345895744617344     
  0.78872397953125306       0.63869046798289364     
  0.79194337083759792       0.62379979176763345     
  0.79517590296462559       0.60880528221733221     
  0.79842162955016782       0.59372505389905128     
  0.80168060445099321       0.57857696443940343     
  0.80495288174370172       0.56337859742886987     
  0.80823851572562166       0.54814724631092593     
  0.81153756091571005       0.53289989924445702     
  0.81485007205545901       0.51765322492665145     
  0.81817610410980179       0.50242355936234007     
  0.82151571226802678       0.48722689356459548     
  0.82486895194469190       0.47207886217040707     
  0.82823587878054472       0.45699473295423959     
  0.83161654864344625       0.44198939722145386     
  0.83501101762929653       0.42707736106274979     
  0.83841934206296653       0.41227273745005327     
  0.84184157849923302       0.39758923915368755     
  0.84527778372371576       0.38304017246002342     
  0.84872801475382054       0.36863843166834898     
  0.85219232883968588       0.35439649434526627     
  0.85567078346513115       0.34032641731451935     
  0.85916343634861292       0.32643983335984295     
  0.86267034544418009       0.31274794861826194     
  0.86619156894243732       0.29926154064093463     
  0.86972716527151039       0.28599095709859612     
  0.87327719309801433       0.27294611510853367     
  0.87684171132802924       0.26013650115998199     
  0.88042077910807537       0.24757117161484141     
  0.88401445582609561       0.23525875376063285     
  0.88762280111244185       0.22320744739275547     
  0.89124587484086226       0.21142502690317491     
  0.89488373712949654       0.19991884385287614     
  0.89853644834187318       0.18869583000557827     
  0.90220406908791040       0.17776250080047948     
  0.90588666022492215       0.16712495924200665     
  0.90958428285862880       0.15678890018487157     
  0.91329699834416944       0.14675961499302914     
  0.91702486828712149       0.13704199655145355     
  0.92076795454452198       0.12764054461005303     
  0.92452631922589401       0.11855937143934099     
  0.92830002469427830       0.10980220777795036     
  0.93208913356726641       0.10137240905245777     
  0.93589370871804145        9.3272961850375979E-002
  0.93971381327641990        8.5506490627682646E-002
  0.94354951062989978        7.8075264632623848E-002
  0.94740086442471305        7.0981205028038660E-002
  0.95126793856688030        6.4225892194920614E-002
  0.95515079722327212        5.7810573200358949E-002
  0.95904950482267404        5.1736169413527870E-002
  0.96296412605685466        4.6003284253876432E-002
  0.96689472588163972        4.0612211056113380E-002
  0.97084136951799027        3.5562941037128114E-002
  0.97480412245308368        3.0855171350449420E-002
  0.97878305044140190        2.6488313214333366E-002
  0.98277821950582100        2.2461500100086278E-002
  0.98678969593870736        1.8773595967697971E-002
  0.99081754630301844        1.5423203536347737E-002
  0.99486183743340539        1.2408672577861289E-002
  0.99892263643732426        9.7281082216226326E-003
   1.0030000106961476        7.3793792599869774E-003
   1.0070940278662834        5.3601264436569174E-003
   1.0112047558802988        3.6677707569813035E-003
   1.0153322629480441        2.2995216635919597E-003
   1.0194766175577885        1.2523853132340363E-003
   1.0236378884773538        5.2317270110881892E-004
   1.0278161447552574        1.0850777147485845E-004
   1.0320114557218547        4.8354576883952539E-006
   1.0362238909904942        2.0842965128695351E-004
   1.0404535204586696        7.1540109313267958E-004
   1.0447004143091787        1.5217051800375313E-003
   1.0489646430112913        2.6231496806900715E-003
   1.0532462773219167        4.0154023550882899E-003
   1.0575453882867758        5.6939984720603349E-003
   1.0618620472415838        7.6543482198267974E-003
   1.0661963258132321        9.8917440049119069E-003
   1.0705482959209747        1.2401367635056467E-002
   1.0749180297776255        1.5178297382139314E-002
   1.0793055998907541        1.8217514921416898E-002
   1.0837110790638902        2.1513912143735919E-002
   1.0881345403977287        2.5062297837659231E-002
   1.0925760572913470        2.8857404238766936E-002
   1.0970357034434204        3.2893893443655411E-002
   1.1015135528534441        3.7166363686462554E-002
   1.1060096798229635        4.1669355475998544E-002
   1.1105241589568067        4.6397357591830411E-002
   1.1150570651643195        5.1344812937901219E-002
   1.1196084736606120        5.6506124252535532E-002
   1.1241784599678060        6.1875659673881325E-002
   1.1287670999162849        6.7447758160063223E-002
   1.1333744696459565        7.3216734763566160E-002
   1.1380006456075142        7.9176885759524529E-002
   1.1426457045637044        8.5322493627808124E-002
   1.1473097235906025        9.1647831888997083E-002
   1.1519927800788912        9.8147169794474867E-002
   1.1566949517351428       0.10481477687106291     
   1.1614163165831117       0.11164492732078524     
   1.1661569529650266       0.11863190427647093     
   1.1709169395428922       0.12577000391407997     
   1.1756963552997917       0.13305353942274087     
   1.1804952795412009       0.14047684483365480     
   1.1853137918963028       0.14803427870909822     
   1.1901519723193061       0.15572022769289817     
   1.1950099010907769       0.16352910992385267     
   1.1998876588189678       0.17145537831365809     
   1.2047853264411541       0.17949352369101707     
   1.2097029852249803       0.18763807781366584     
   1.2146407167698074       0.19588361625015829     
   1.2195986030080641       0.20422476113329127     
   1.2245767262066105       0.21265618378716866     
   1.2295751689681005       0.22117260722990748     
   1.2345940142323542       0.22976880855409409     
   1.2396333452777308       0.23843962118711357     
   1.2446932457225151       0.24717993703356780     
   1.2497737995263021       0.25598470850197141     
   1.2548750909913893       0.26484895041801654     
   1.2599972047641785       0.27376774182670605     
   1.2651402258365791       0.28273622768566115     
   1.2703042395474162       0.29174962045196234     
   1.2754893315838498       0.30080320156489859     
   1.2806955879827961       0.30989232282700335     
   1.2859230951323521       0.31901240768575950     
   1.2911719397732333       0.32815895241841847     
   1.2964422090002106       0.33732752722230069     
   1.3017339902635547       0.34651377721301091     
   1.3070473713704895       0.35571342333299016     
   1.3123824404866489       0.36492226317279941     
   1.3177392861375357       0.37413617170752916     
   1.3231179972099965       0.38335110195077071     
   1.3285186629536925       0.39256308552846997     
   1.3339413729825829       0.40176823317508881     
   1.3393862172764077       0.41096273515438791     
   1.3448532861821869       0.42014286160719994     
   1.3503426704157151       0.42930496282846931     
   1.3558544610630672       0.43844546947589486     
   1.3613887495821120       0.44756089271240707     
   1.3669456278040288       0.45664782428475964     
   1.3725251879348284       0.46570293654041928     
   1.3781275225568879       0.47472298238498412     
   1.3837527246304846       0.48370479518226406     
   1.3894008874953359       0.49264528859915441     
   1.3950721048721533       0.50154145639744219     
   1.4007664708641934       0.51039037217455741     
   1.4064840799588225       0.51918918905535438     
   1.4122250270290799       0.52793513933689229     
   1.4179894073352572       0.53662553408820757     
   1.4237773165264773       0.54525776270699000     
   1.4295888506422783       0.55382929243506707     
   1.4354241061142121       0.56233766783456718     
   1.4412831797674421       0.57078051022655962     
   1.4471661688223481       0.57915551709398450     
   1.4530731708961429       0.58746046145061237     
   1.4590042840044910       0.59569319117773167     
   1.4649596065631323       0.60385162833025274     
   1.4709392373895191       0.61193376841386704     
   1.4769432757044543       0.61993767963484503     
   1.4829718211337348       0.62786150212403369     
   1.4890249737098105       0.63570344713659721     
   1.4951028338734396       0.64346179622895061     
   1.5012055024753554       0.65113490041435473     
   1.5073330807779428       0.65872117929857754     
   1.5134856704569155       0.66621912019698926     
   1.5196633736030056       0.67362727723441784     
   1.5258662927236537       0.68094427042907413     
   1.5320945307447145       0.68816878476179610     
   1.5383481910121630       0.69529956923183978     
   1.5446273772938062       0.70233543590039671     
   1.5509321937810101       0.70927525892300258     
   1.5572627450904259       0.71611797357194040     
   1.5636191362657244       0.72286257524971131     
   1.5700014727793419       0.72950811849464992     
   1.5764098605342303       0.73605371597966307     
   1.5828444058656099       0.74249853750508110     
   1.5893052155427401       0.74884180898658492     
   1.5957923967706868       0.75508281143908440     
   1.6023060571921037       0.76122087995746834     
   1.6088463048890147       0.76725540269504533     
   1.6154132483846122       0.77318581984051138     
   1.6220069966450557       0.77901162259421985     
   1.6286276590812767       0.78473235214451442     
   1.6352753455508005       0.79034759864486492     
   1.6419501663595648       0.79585700019247907     
   1.6486522322637496       0.80126024180908684     
   1.6553816544716176       0.80655705442452719     
   1.6621385446453594       0.81174721386375781     
   1.6689230149029417       0.81683053983786302     
   1.6757351778199741       0.82180689493965542     
   1.6825751464315746       0.82667618364437201     
   1.6894430342342412       0.83143835131600030     
   1.6963389551877424       0.83609338321971538     
   1.7032630237170037       0.84064130354090527     
   1.7102153547140044       0.84508217441119704     
   1.7171960635396897       0.84941609494194381     
   1.7242052660258809       0.85364320026553231     
   1.7312430784771990       0.85776366058491382     
   1.7383096176729915       0.86177768023170409     
   1.7454050008692747       0.86568549673317297     
   1.7525293458006783       0.86948737988847835     
   1.7596827706823941       0.87318363085438999     
   1.7668653942121444       0.87677458124082186     
   1.7740773355721486       0.88026059221641284     
   1.7813187144310982       0.88364205362439940     
   1.7885896509461472       0.88691938310901242     
   1.7958902657649043       0.89009302525259437     
   1.8032206800274309       0.89316345072364556     
   1.8105810153682576       0.89613115543595645     
   1.8179713939183981       0.89899665971901144     
   1.8253919383073787       0.90176050749978576     
   1.8328427716652678       0.90442326549608998     
   1.8403240176247260       0.90698552242157060     
   1.8478358003230537       0.90944788820247513     
   1.8553782444042495       0.91181099320627979     
   1.8629514750210820       0.91407548748225476     
   1.8705556178371661       0.91624204001404230     
   1.8781907990290427       0.91831133798430287     
   1.8858571452882809       0.92028408605148393     
   1.8935547838235744       0.92216100563873249     
   1.9012838423628520       0.92394283423500101     
   1.9090444491554013       0.92563032470834417     
   1.9168367329739937       0.92722424463142483     
   1.9246608231170197       0.92872537561922641     
   1.9325168494106386       0.93013451267896186     
   1.9404049422109304       0.93145246357215716     
   1.9483252324060565       0.93268004818889305     
   1.9562778514184365       0.93381809793416504     
   1.9642629312069249       0.93486745512631797     
   1.9722806042690040       0.93582897240752128     
   1.9803310036429771       0.93670351216621639     
   1.9884142629101824       0.93749194597148222     
   1.9965305161972071       0.93819515401925802     
   2.0046798981781091       0.93881402459034291     
   2.0128625440766581       0.93934945352010357     
   2.0210785896685763       0.93980234367979543     
   2.0293281712837890       0.94017360446943488     
   2.0376114258086915       0.94046415132209538     
   2.0459284906884188       0.94067490521957042     
   2.0542795039291217       0.94080679221927299     
   2.0626646041002639       0.94086074299228772     
   2.0710839303369175       0.94083769237245485     
   2.0795376223420732       0.94073857891638923     
   2.0880258203889532       0.94056434447430814     
   2.0965486653233478       0.94031593377155875     
   2.1051062985659468       0.93999429400073053     
   2.1136988621146831       0.93960037442421040     
   2.1223264985470975       0.93913512598709203     
   2.1309893510226989       0.93859950094027378     
   2.1396875632853374       0.93799445247364777     
   2.1484212796655959       0.93732093435923702     
   2.1571906450831819       0.93657990060414664     
   2.1659958050493291       0.93577230511320486     
   2.1748369056692178       0.93489910136115739     
   2.1837140936443968       0.93396124207427256     
   2.1926275162752127       0.93295967892123099     
   2.2015773214632635       0.93189536221315872     
   2.2105636577138457       0.93076924061266686     
   2.2195866741384194       0.92958226085174733     
   2.2286465204570853       0.92833536745841927     
   2.2377433470010675       0.92702950249193683     
   2.2468773047152077       0.92566560528647102     
   2.2560485451604677       0.92424461220308507     
   2.2652572205164492       0.92276745638989011     
   2.2745034835839171       0.92123506755022255     
   2.2837874877873303       0.91964837171872216     
   2.2931093871773944       0.91800829104515580     
   2.3024693364336155       0.91631574358585721     
   2.3118674908668622       0.91457164310264072     
   2.3213040064219506       0.91277689886905367     
   2.3307790396802273       0.91093241548372983     
   2.3402927478621649       0.90903909269128180     
   2.3498452888299783       0.90709782520919036     
   2.3594368210902377       0.90510950256240230     
   2.3690675037965030       0.90307500892413040     
   2.3787374967519588       0.90099522296326795     
   2.3884469604120731       0.89887101769820543     
   2.3981960558872570       0.89670326035689218     
   2.4079849449455333       0.89449281224304078     
   2.4178137900152290       0.89224052860832803     
   2.4276827541876669       0.88994725853046641     
   2.4375920012198664       0.88761384479702676     
   2.4475416955372706       0.88524112379487974     
   2.4575320022364697       0.88282992540512806     
   2.4675630870879357       0.88038107290342138     
   2.4776351165387829       0.87789538286551316     
   2.4877482577155234       0.87537366507795111     
   2.4979026784268394       0.87281672245378406     
   2.5080985471663721       0.87022535095315379     
   2.5183360331155162       0.86760033950867099     
   2.5286153061462220       0.86494246995545077     
   2.5389365368238228       0.86225251696569916     
   2.5492998964098588       0.85953124798773706     
   2.5597055568649218       0.85677942318934774     
   2.5701536908515048       0.85399779540534904     
   2.5806444717368717       0.85118711008927228     
   2.5911780735959340       0.84834810526904247     
   2.6017546712141315       0.84548151150656958     
   2.6123744400903441       0.84258805186112551     
   2.6230375564397970       0.83966844185642708     
   2.6337441971969815       0.83672338945131286     
   2.6444945400185995       0.83375359501391499     
   2.6552887632865070       0.83075975129924129     
   2.6661270461106703       0.82774254343005438     
   2.6770095683321458       0.82470264888097589     
   2.6879365105260575       0.82164073746570210     
   2.6989080540045989       0.81855747132725809     
   2.7099243808200328       0.81545350493119273     
   2.7209856737677236       0.81232948506162450     
   2.7320921163891634       0.80918605082006134     
   2.7432438929750149       0.80602383362690955     
   2.7544411885681774       0.80284345722557460     
   2.7656841889668535       0.79964553768909086     
   2.7769730807276272       0.79643068342919388     
   2.7883080511685678       0.79319949520774868     
   2.7996892883723348       0.78995256615047216     
   2.8111169811892935       0.78669048176286371     
   2.8225913192406575       0.78341381994827408     
   2.8341124929216317       0.78012315102803498     
   2.8456806934045655       0.77681903776359362     
   2.8572961126421350       0.77350203538055862     
   2.8689589433705232       0.77017269159461377     
   2.8806693791126143       0.76683154663921360     
   2.8924276141812122       0.76347913329501127     
   2.9042338436822610       0.76011597692093691     
   2.9160882635180831       0.75674259548688683     
   2.9279910703906258       0.75335949960793935     
   2.9399424618047334       0.74996719258004940     
   2.9519426360714194       0.74656617041716677     
   2.9639917923111532       0.74315692188971016     
   2.9760901304571732       0.73973992856434823     
   2.9882378512587997       0.73631566484502742     
   3.0004351562847607       0.73288459801520667     
   3.0126822479265480       0.72944718828121646     
   3.0249793294017673       0.72600388881673950     
   3.0373266047575087       0.72255514580830504     
   3.0497242788737404       0.71910139850179933     
   3.0621725574667020       0.71564307924991499     
   3.0746716470923223       0.71218061356049778     
   3.0872217551496384       0.70871442014575647     
   3.0998230898842483       0.70524491097227937     
   3.1124758603917613       0.70177249131181507     
   3.1251802766212617       0.69829755979279173     
   3.1379365493788032       0.69482050845250642     
   3.1507448903309023       0.69134172278996897     
   3.1636055120080444       0.68786158181935508     
   3.1765186278082207       0.68438045812401582     
   3.1894844520004644       0.68089871791102907     
   3.2025031997284015       0.67741672106624884     
   3.2155750870138298       0.67393482120980219     
   3.2287003307602982       0.67045336575202752     
   3.2418791487567020       0.66697269594980213     
   3.2551117596809069       0.66349314696322426     
   3.2683983831033703       0.66001504791263621     
   3.2817392394907818       0.65653872193594520     
   3.2951345502097307       0.65306448624620705     
   3.3085845375303724       0.64959265218946305     
   3.3220894246301196       0.64612352530278350     
   3.3356494355973410       0.64265740537250282     
   3.3492647954350852       0.63919458649261274     
   3.3629357300648142       0.63573535712328977     
   3.3766624663301439       0.63228000014954355     
   3.3904452320006189       0.62882879293993421     
   3.4042842557754875       0.62538200740537542     
   3.4181797672874907       0.62193991005795857     
   3.4321319971066844       0.61850276206981114     
   3.4461411767442565       0.61507081933194840     
   3.4602075386563675       0.61164433251310169     
   3.4743313162480152       0.60822354711850934     
   3.4885127438769019       0.60480870354864402     
   3.5027520568573265       0.60140003715786294     
   3.5170494914640815       0.59799777831296530     
   3.5314052849363842       0.59460215245162540     
   3.5458196754818094       0.59121338014070601     
   3.5602929022802345       0.58783167713442597     
   3.5748252054878202       0.58445725443235574     
   3.5894168262409902       0.58109031833724545     
   3.6040680066604258       0.57773107051266281     
   3.6187789898550959       0.57437970804041971     
   3.6335500199262847       0.57103642347778771     
   3.6483813419716364       0.56770140491447929     
   3.6632732020892336       0.56437483602938920     
   3.6782258473816740       0.56105689614707788     
   3.6932395259601685       0.55774776029399487     
   3.7083144869486642       0.55444759925441811     
   3.7234509804879772       0.55115657962611320     
   3.7386492577399353       0.54787486387569273     
   3.7539095708915569       0.54460261039367119     
   3.7692321731592284       0.54133997354920094     
   3.7846173187929102       0.53808710374448743     
   3.8000652630803460       0.53484414746887465     
   3.8155762623513128       0.53161124735258303     
   3.8311505739818670       0.52838854222010734     
   3.8467884563986092       0.52517616714325555     
   3.8624901690829847       0.52197425349382709     
   3.8782559725755825       0.51878292899592471     
   3.8940861284804527       0.51560231777789400     
   3.9099808994694594       0.51243254042387432     
   3.9259405492866346       0.50927371402497645     
   3.9419653427525452       0.50612595223006474     
   3.9580555457687030       0.50298936529614213     
   3.9742114253219660       0.49986406013833901     
   3.9904332494889743       0.49675014037949794     
   4.0067212874405893       0.49364770639935202     
   4.0230758094463717       0.49055685538328653     
   4.0394970868790629       0.48747768137069236     
   4.0559853922190783       0.48441027530290232     
   4.0725409990590427       0.48135472507069560     
   4.0891641821083224       0.47831111556139855     
   4.1058552171975808       0.47527952870552781     
   4.1226143812833644       0.47226004352307382     
   4.1394419524526915       0.46925273616924373     
   4.1563382099276636       0.46625767997987866     
   4.1733034340701094       0.46327494551638326     
   4.1903379063862296       0.46030460061023437     
   4.2074419095312638       0.45734671040705471     
   4.2246157273141920       0.45440133741024696     
   4.2418596447024361       0.45146854152419119     
   4.2591739478265858       0.44854838009701120     
   4.2765589239851547       0.44564090796289318     
   4.2940148616493437       0.44274617748396833     
   4.3115420504678283       0.43986423859176577     
   4.3291407812715565       0.43699513882821611     
   4.3468113460785895       0.43413892338622107     
   4.3645540380989400       0.43129563514978675     
   4.3823691517394279       0.42846531473372079     
   4.4002569826085844       0.42564800052288460     
   4.4182178275215458       0.42284372871102333     
   4.4362519845049730       0.42005253333915155     
   4.4543597528020111       0.41727444633349875     
   4.4725414328772475       0.41450949754304500     
   4.4907973264216903       0.41175771477660200     
   4.5091277363577875       0.40901912383947570     
   4.5275329668444471       0.40629374856969441     
   4.5460133232820850       0.40358161087381661     
   4.5645691123176864       0.40088273076231035     
   4.5832006418499045       0.39819712638450500     
   4.6019082210341660       0.39552481406312817     
   4.6206921602877928       0.39286580832841750     
   4.6395527712951647       0.39022012195181938     
   4.6584903670128890       0.38758776597926548     
   4.6775052616749795       0.38496874976404410     
   4.6965977707980926       0.38236308099925193     
   4.7157682111867478       0.37977076574984198     
   4.7350169009385850       0.37719180848426570     
   4.7543441594496505       0.37462621210570485     
   4.7737503074196939       0.37207397798290837     
   4.7932356668574805       0.36953510598062617     
   4.8128005610861475       0.36700959448964848     
   4.8324453147485658       0.36449744045644900     
   4.8521702538127149       0.36199863941243854     
   4.8719757055771122       0.35951318550283079     
   4.8918619986762248       0.35704107151511993     
   4.9118294630859394       0.35458228890717680     
   4.9318784301290162       0.35213682783496741     
   4.9520092324806102       0.34970467717988923     
   4.9722222041737796       0.34728582457573587     
   4.9925176806050207       0.34488025643529369     
   5.0128959985398502       0.34248795797656445     
   5.0333574961183860       0.34010891324862624     
   5.0539025128609465       0.33774310515713302     
   5.0745313896737043       0.33539051548944976     
   5.0952444688543324       0.33305112493943767     
   5.1160420940976774       0.33072491313188501     
   5.1369246105014765       0.32841185864658551     
   5.1578923645720769       0.32611193904207164     
   5.1789457042301867       0.32382513087900400     
   5.2000849788166388       0.32155140974322360     
   5.2213105390982024       0.31929075026846099     
   5.2426227372734004       0.31704312615871377     
   5.2640219269783390       0.31480851021029904     
   5.2855084632925946       0.31258687433356769     
   5.3070827027450962       0.31037818957430174     
   5.3287450033200381       0.30818242613478902     
   5.3504957244628288       0.30599955339457968     
   5.3723352270860527       0.30382953993092499     
   5.3942638735754480       0.30167235353891014     
   5.4162820277959387       0.29952796125127312     
   5.4383900550976607       0.29739632935792160     
   5.4605883223220175       0.29527742342514934     
   5.4828771978077846       0.29317120831454763     
   5.5052570513972130       0.29107764820162818     
   5.5277282544421542       0.28899670659414972     
   5.5502911798102446       0.28692834635015585     
   5.5729462018910780       0.28487252969572774     
   5.5956936966024218       0.28282921824245350     
   5.6185340413964466       0.28079837300461913     
   5.6414676152660075       0.27877995441611847     
   5.6644947987509173       0.27677392234709652     
   5.6876159739442613       0.27478023612031682     
   5.7108315244987482       0.27279885452726510     
   5.7341418356330687       0.27082973584398540     
   5.7575472941382806       0.26887283784665977     
   5.7810482883842447       0.26692811782692660     
   5.8046452083260549       0.26499553260694392     
   5.8283384455105089       0.26307503855420405     
   5.8521283930826149       0.26116659159609590     
   5.8760154457921070       0.25927014723422376     
