  0.10000000000000001       0.21365843490314637     
  0.10040817718110437       0.21366741050145693     
  0.10081802044832047       0.22118023015752836     
  0.10122953660223166       0.23544466039435008     
  0.10164273247117964       0.25528462619148340     
  0.10205761491137796       0.27919142230780902     
  0.10247419080702558       0.30543281433407843     
  0.10289246707042120       0.33217205805072214     
  0.10331245064207799       0.35758867456296867     
  0.10373414849083867       0.37999316923699494     
  0.10415756761399117       0.39792871314018369     
  0.10458271503738485       0.41025402863833704     
  0.10500959781554686       0.41620322981666241     
  0.10543822303179938       0.41542004734929472     
  0.10586859779837712       0.40796559860393083     
  0.10630072925654524       0.39430053539954002     
  0.10673462457671801       0.37524391474099666     
  0.10717029095857759       0.35191241051154348     
  0.10760773563119364       0.32564445620523497     
  0.10804696585314330       0.29791454312833576     
  0.10848798891263144       0.27024318128779640     
  0.10893081212761184       0.24410796983176325     
  0.10937544284590843       0.22086084862523780     
  0.10982188844533726       0.20165595695224361     
  0.11027015633382903       0.18739166639764276     
  0.11072025394955184       0.17866934756616931     
  0.11117218876103470       0.17577034278354198     
  0.11162596826729153       0.17865151682428793     
  0.11208159999794542       0.18695870792636887     
  0.11253909151335369       0.20005645696576974     
  0.11299845040473337       0.21707159848846749     
  0.11345968429428700       0.23694768624247434     
  0.11392280083532935       0.25850681811428938     
  0.11438780771241415       0.28051522841140136     
  0.11485471264146174       0.30174902465703068     
  0.11532352336988719       0.32105664612865897     
  0.11579424767672861       0.33741498793328562     
  0.11626689337277650       0.34997663621098152     
  0.11674146830070313       0.35810626118466365     
  0.11721798033519278       0.36140487697101875     
  0.11769643738307244       0.35972136194047988     
  0.11817684738344295       0.35315130444580356     
  0.11865921830781066       0.34202386301495552     
  0.11914355816021997       0.32687787969224774     
  0.11962987497738581       0.30842893815495531     
  0.12011817682882717       0.28752939914230652     
  0.12060847181700105       0.26512366599546622     
  0.12110076807743671       0.24220103072364313     
  0.12159507377887094       0.21974843013087589     
  0.12209139712338332       0.19870531171804601     
  0.12258974634653247       0.17992258435103248     
  0.12309012971749274       0.16412732650654571     
  0.12359255553919130       0.15189456500144793     
  0.12409703214844603       0.14362704035267110     
  0.12460356791610375       0.13954346223805314     
  0.12511217124717913       0.13967534994049408     
  0.12562285058099434       0.14387216638994155     
  0.12613561439131882       0.15181410623491348     
  0.12665047118650996       0.16303160106834597     
  0.12716742950965446       0.17693036799323800     
  0.12768649793870987       0.19282065719090521     
  0.12820768508664696       0.20994925268229872     
  0.12873099960159279       0.22753274744665569     
  0.12925645016697404       0.24479064594684072     
  0.12978404550166117       0.26097693784980153     
  0.13031379436011306       0.27540892822459512     
  0.13084570553252231       0.28749229213608207     
  0.13137978784496107       0.29674153474316189     
  0.13191605015952751       0.30279527073192974     
  0.13245450137449291       0.30542597820647555     
  0.13299515042444918       0.30454412158133243     
  0.13353800628045717       0.30019676603507972     
  0.13408307795019572       0.29256101438155779     
  0.13463037447811083       0.28193277893748930     
  0.13517990494556581       0.26871155086594889     
  0.13573167847099218       0.25338194398918296     
  0.13628570421004074       0.23649286730517205     
  0.13684199135573349       0.21863522013250808     
  0.13740054913861643       0.20041900715070515     
  0.13796138682691236       0.18245074010565776     
  0.13852451372667493       0.16531193221602586     
  0.13908993918194296       0.14953940481006298     
  0.13965767257489561       0.13560801852392537     
  0.14022772332600780       0.12391631895138154     
  0.14080010089420669       0.11477545453313739     
  0.14137481477702879       0.10840158820453098     
  0.14195187451077720       0.10491188909203207     
  0.14253128967068007       0.10432406111759931     
  0.14311306987104958       0.10655924590455823     
  0.14369722476544117       0.11144803135964418     
  0.14428376404681392       0.11873920746014127     
  0.14487269744769149       0.12811083904249260     
  0.14546403474032335       0.13918317292204724     
  0.14605778573684705       0.15153286386546594     
  0.14665396028945119       0.16470799047211662     
  0.14725256829053859       0.17824333694749170     
  0.14785361967289068       0.19167543857088440     
  0.14845712440983222       0.20455692542272164     
  0.14906309251539690       0.21646974835144062     
  0.14967153404449324       0.22703693069580017     
  0.15028245909307170       0.23593255627464488     
  0.15089587779829214       0.24288977591893479     
  0.15151180033869191       0.24770668871710738     
  0.15213023693435482       0.25025002768171972     
  0.15275119784708088       0.25045665044054832     
  0.15337469338055626       0.24833290179157752     
  0.15400073388052446       0.24395197482874120     
  0.15462932973495802       0.23744944946908692     
  0.15526049137423079       0.22901723056677095     
  0.15589422927129087       0.21889614171139563     
  0.15653055394183482       0.20736745494575010     
  0.15716947594448166       0.19474365099225510     
  0.15781100588094832       0.18135870943467181     
  0.15845515439622559       0.16755822420896060     
  0.15910193217875471       0.15368962748395892     
  0.15975134996060453       0.14009278550717980     
  0.16040341851764989       0.12709120433833221     
  0.16105814866975027       0.11498405276940778     
  0.16171555128092935       0.10403917536155016     
  0.16237563725955523        9.4487231650773509E-002
  0.16303841755852153        8.6517059395324752E-002
  0.16370390317542910        8.0272321406005070E-002
  0.16437210515276834        7.5849458078598775E-002
  0.16504303457810285        7.3296932186882546E-002
  0.16571670258425286        7.2615719620404168E-002
  0.16639312034948034        7.3760970249189692E-002
  0.16707229909767446        7.6644737507702121E-002
  0.16775425009853762        8.1139654004109579E-002
  0.16843898466777257        8.7083413723493486E-002
  0.16912651416727026        9.4283909310085179E-002
  0.16981685000529834       0.10252486545782752     
  0.17051000363669019       0.11157180646554235     
  0.17120598656303537       0.12117819727289418     
  0.17190481033287031       0.13109160244681994     
  0.17260648654186983       0.14105971622348995     
  0.17331102683303970       0.15083612836047428     
  0.17401844289690985       0.16018570471112606     
  0.17472874647172817       0.16888947756947056     
  0.17544194934365545       0.17674895841278404     
  0.17615806334696094       0.18358980416158191     
  0.17687710036421864       0.18926478697340809     
  0.17759907232650440       0.19365603640888590     
  0.17832399121359424       0.19667654111693947     
  0.17905186905416270       0.19827091458922547     
  0.17978271792598266       0.19841544569249883     
  0.18051654995612570       0.19711746931907176     
  0.18125337732116351       0.19441410537528619     
  0.18199321224736950       0.19037042529005299     
  0.18273606701092207       0.18507711416165151     
  0.18348195393810826       0.17864770351784628     
  0.18423088540552804       0.17121545444027253     
  0.18498287384029991       0.16292997354441713     
  0.18573793172026712       0.15395364509907733     
  0.18649607157420448       0.14445796153788920     
  0.18725730598202642       0.13461983191504773     
  0.18802164757499584       0.12461794366664104     
  0.18878910903593346       0.11462924755544295     
  0.18955970309942835       0.10482562911020081     
  0.19033344255204943        9.5370822436756264E-002
  0.19111034023255730        8.6417614195406139E-002
  0.19189040903211749        7.8105377020980624E-002
  0.19267366189451438        7.0557962915453756E-002
  0.19346011181636599        6.3881978362440847E-002
  0.19424977184733941        5.8165454278471501E-002
  0.19504265509036750        5.3476915590498331E-002
  0.19583877470186650        4.9864847356057646E-002
  0.19663814389195391        4.7357547044828849E-002
  0.19744077592466802        4.5963345979885925E-002
  0.19824668411818794        4.5671177073378227E-002
  0.19905588184505443        4.6451460943747344E-002
  0.19986838253239200        4.8257278307482658E-002
  0.20068419966213161        5.1025793216177763E-002
  0.20150334677123438        5.4679889258994044E-002
  0.20232583745191612        5.9129979254500795E-002
  0.20315168535187320        6.4275948182179937E-002
  0.20398090417450848        7.0009189107429232E-002
  0.20481350767915915        7.6214692578304266E-002
  0.20564950968132489        8.2773151352133950E-002
  0.20648892405289709        8.9563044272969281E-002
  0.20733176472238896        9.6462665589188507E-002
  0.20817804567516671       0.10335206889360282     
  0.20902778095368180       0.11011489810415731     
  0.20988098465770355       0.11664008139994470     
  0.21073767094455342       0.12282336770472282     
  0.21159785402933992       0.12856868909146033     
  0.21246154818519422       0.13378933629404771     
  0.21332876774350720       0.13840893828851780     
  0.21419952709416737       0.14236224058453045     
  0.21507384068579924       0.14559568039339438     
  0.21595172302600341       0.14806776016356596     
  0.21683318868159726       0.14974922405759750     
  0.21771825227885655       0.15062304475243821     
  0.21860692850375804       0.15068423045170384     
  0.21949923210222347       0.14993946418492149     
  0.22039517788036408       0.14840658932267464     
  0.22129478070472614       0.14611395675230462     
  0.22219805550253774       0.14309965033654026     
  0.22310501726195672       0.13941060812303641     
  0.22401568103231900       0.13510165729689458     
  0.22493006192438844       0.13023448108591745     
  0.22584817511060773       0.12487653575830604     
  0.22677003582534988       0.11909993551665221     
  0.22769565936517111       0.11298032251460498     
  0.22862506108906488       0.10659573842987564     
  0.22955825641871638       0.10002551304647955     
  0.23049526083875860        9.3349184158811369E-002
  0.23143608989702943        8.6645461838485621E-002
  0.23238075920482931        7.9991248730250333E-002
  0.23332928443718048        7.3460726593091205E-002
  0.23428168133308711        6.7124517803522105E-002
  0.23523796569579644        6.1048929015050976E-002
  0.23619815339306083        5.5295282644575519E-002
  0.23716226035740115        4.9919340354561317E-002
  0.23813030258637141        4.4970821239089610E-002
  0.23910229614282377        4.0493016019671778E-002
  0.24007825715517533        3.6522497228450461E-002
  0.24105820181767584        3.3088924115156008E-002
  0.24204214639067612        3.0214939870630175E-002
  0.24303010720089804        2.7916157722572360E-002
  0.24402210064170560        2.6201231534669946E-002
  0.24501814317337661        2.5072005732889525E-002
  0.24601825132337590        2.4523738694714976E-002
  0.24702244168662996        2.4545393169084866E-002
  0.24803073092580163        2.5119986845589165E-002
  0.24904313577156709        2.6224995858448404E-002
  0.25005967302289334        2.7832803789861242E-002
  0.25108035954731700        2.9911188623369941E-002
  0.25210521228122396        3.2423840084593897E-002
  0.25313424823013059        3.5330899887093190E-002
  0.25416748446896609        3.8589517567397591E-002
  0.25520493814235545        4.2154414837197181E-002
  0.25624662646490398        4.5978451693685314E-002
  0.25729256672148348        5.0013187902257519E-002
  0.25834277626751834        5.4209433890270997E-002
  0.25939727252927380        5.8517785557583343E-002
  0.26045607300414547        6.2889138010259166E-002
  0.26151919526094891        6.7275173749878708E-002
  0.26258665694021183        7.1628821394080097E-002
  0.26365847575446660        7.5904681556694165E-002
  0.26473466948854396        8.0059417070866667E-002
  0.26581525599986822        8.4052105289244561E-002
  0.26690025321875377        8.7844550735550239E-002
  0.26798967914870253        9.1401556906135051E-002
  0.26908355186670235        9.4691156523619910E-002
  0.27018188952352734        9.7684800023101093E-002
  0.27128471034403900       0.10035750250115144     
  0.27239203262748851       0.10268794977586368     
  0.27350387474782023       0.10465856459011572     
  0.27462025515397709       0.10625553433826811     
  0.27574119237020622       0.10746880200732262     
  0.27686670499636645       0.10829202229648827     
  0.27799681170823720       0.10872248511382301     
  0.27913153125782791       0.10876100884533574     
  0.28027088247368953       0.10841180595129643     
  0.28141488426122702       0.10768232356739249     
  0.28256355560301261       0.10658306187620312     
  0.28371691555910122       0.10512737306869824     
  0.28487498326734656       0.10333124373804409     
  0.28603777794371876       0.10121306354084164     
  0.28720531888262307        9.8793382926309958E-002
  0.28837762545721990        9.6094662674094528E-002
  0.28955471711974690        9.3141017898805856E-002
  0.29073661340184104        8.9957959076442121E-002
  0.29192333391486291        8.6572132527103884E-002
  0.29311489835022253        8.3011062652246809E-002
  0.29431132647970543        7.9302898075643599E-002
  0.29551263815580109        7.5476163677594812E-002
  0.29671885331203263        7.1559520344050470E-002
  0.29792999196328690        6.7581534078415675E-002
  0.29914607420614708        6.3570455945968662E-002
  0.30036712021922612        5.9554014141067778E-002
  0.30159315026350136        5.5559219287443333E-002
  0.30282418468265071        5.1612183903599347E-002
  0.30406024390339059        4.7737956790281401E-002
  0.30530134843581452        4.3960372926400343E-002
  0.30654751887373349        4.0301919295134138E-002
  0.30779877589501764        3.6783616904136632E-002
  0.30905514026193970        3.3424919113895682E-002
  0.31031663282151906        3.0243626247051764E-002
  0.31158327450586787        2.7255816319632760E-002
  0.31285508633253861        2.4475791613101018E-002
  0.31413208940487242        2.1916040694370087E-002
  0.31541430491234945        1.9587215389652586E-002
  0.31670175413094059        1.7498122127385149E-002
  0.31799445842346041        1.5655726985575540E-002
  0.31929243923992134        1.4065173709589276E-002
  0.32059571811789023        1.2729813907591765E-002
  0.32190431668284508        1.1651248582273118E-002
  0.32321825664853443        1.0829380118804615E-002
  0.32453755981733712        1.0262473819904180E-002
  0.32586224808062436        9.9472280588636663E-003
  0.32719234341912323        9.8788521100848757E-003
  0.32852786790328065        1.0051150713439441E-002
  0.32986884369363056        1.0456614433152454E-002
  0.33121529304116082        1.1086514883289184E-002
  0.33256723828768275        1.1931003909741056E-002
  0.33392470186620210        1.2979215842241293E-002
  0.33528770630129073        1.4219371958816514E-002
  0.33665627420946076        1.5638886338582840E-002
  0.33803042829953994        1.7224472316332378E-002
  0.33941019137304806        1.8962248793365291E-002
  0.34079558632457546        2.0837845702920271E-002
  0.34218663614216327        2.2836507974812063E-002
  0.34358336390768413        2.4943197391962973E-002
  0.34498579279722608        2.7142691780942130E-002
  0.34639394608147639        2.9419681028895500E-002
  0.34780784712610791        3.1758859469961299E-002
  0.34922751939216706        3.4145014234973771E-002
  0.35065298643646264        3.6563109208607010E-002
  0.35208427191195729        3.8998364287730986E-002
  0.35352139956815942        4.1436329683357670E-002
  0.35496439325151735        4.3862955055826158E-002
  0.35641327690581565        4.6264653318586334E-002
  0.35786807457257153        4.8628358989858358E-002
  0.35932881039143427        5.0941581013388762E-002
  0.36079550860058590        5.3192450009310471E-002
  0.36226819353714296        5.5369759953640220E-002
  0.36374688963756052        5.7463004320081529E-002
  0.36523162143803800        5.9462406750486634E-002
  0.36672241357492547        6.1358946350466945E-002
  0.36821929078513355        6.3144377734287729E-002
  0.36972227790654283        6.4811245968185840E-002
  0.37123139987841652        6.6352896583770318E-002
  0.37274668174181458        6.7763480853110958E-002
  0.37426814864000829        6.9037956534584985E-002
  0.37579582581889864        7.0172084313604083E-002
  0.37732973862743413        7.1162420174998200E-002
  0.37886991251803198        7.2006303954233297E-002
  0.38041637304700071        7.2701844322832943E-002
  0.38196914587496344        7.3247900469469246E-002
  0.38352825676728425        7.3644060742302536E-002
  0.38509373159449567        7.3890618520392248E-002
  0.38666559633272773        7.3988545582456960E-002
  0.38824387706413899        7.3939463240109471E-002
  0.38982859997734975        7.3745611499994673E-002
  0.39141979136787586        7.3409816515166620E-002
  0.39301747763856587        7.2935456580691269E-002
  0.39462168530003849        7.2326426921923426E-002
  0.39623244097112265        7.1587103516371570E-002
  0.39784977137929967        7.0722306181590353E-002
  0.39947370336114574        6.9737261152269941E-002
  0.40110426386277853        6.8637563359741638E-002
  0.40274147994030307        6.7429138616574208E-002
  0.40438537876026137        6.6118205897928842E-002
  0.40603598760008325        6.4711239899940057E-002
  0.40769333384853856        6.3214934043711701E-002
  0.40935744500619187        6.1636164081653712E-002
  0.41102834868585908        5.9981952450877021E-002
  0.41270607261306486        5.8259433506362576E-002
  0.41439064462650332        5.6475819754617823E-002
  0.41608209267850005        5.4638369196660756E-002
  0.41778044483547516        5.2754353877447036E-002
  0.41948572927840988        5.0831029727357688E-002
  0.42119797430331363        4.8875607770138406E-002
  0.42291720832169355        4.6895226760761161E-002
  0.42464345986102636        4.4896927306119626E-002
  0.42637675756523108        4.2887627511297585E-002
  0.42811713019514508        4.0874100184385420E-002
  0.42986460662900056        3.8862951623524052E-002
  0.43161921586290408        3.6860602000979376E-002
  0.43338098701131811        3.4873267350705360E-002
  0.43514994930754325        3.2906943157955046E-002
  0.43692613210420378        3.0967389542132642E-002
  0.43870956487373508        2.9060118017196400E-002
  0.44050027720887197        2.7190379807564759E-002
  0.44229829882313998        2.5363155691611308E-002
  0.44410365955134889        2.3583147339474642E-002
  0.44591638935008682        2.1854770107062202E-002
  0.44773651829821842        2.0182147243727189E-002
  0.44956407659738296        1.8569105467224303E-002
  0.45139909457249600        1.7019171856098581E-002
  0.45324160267225266        1.5535572006684831E-002
  0.45509163146963244        1.4121229399342176E-002
  0.45694921166240710        1.2778765916418355E-002
  0.45881437407364939        1.1510503452701076E-002
  0.46068714965224478        1.0318466557762279E-002
  0.46256756947340538        9.2043860486191488E-003
  0.46445566473918498        8.1697035304737903E-003
  0.46635146677899686        7.2155767629867480E-003
  0.46825500705013429        6.3428858094927293E-003
  0.47016631713829160        5.5522399068537419E-003
  0.47208542875808879        4.8439849941341283E-003
  0.47401237375359806        4.2182118390689388E-003
  0.47594718409887132        3.6747647022597734E-003
  0.47788989189847175        3.2132504802276102E-003
  0.47984052938800570        2.8330482698122640E-003
  0.48179912893465782        2.5333192979371984E-003
  0.48376572303772875        2.3130171624409310E-003
  0.48574034432917323        2.1708983314662877E-003
  0.48772302557414277        2.1055328508301861E-003
  0.48971379967152823        2.1153152107890498E-003
  0.49171269965450648        2.1984753257179709E-003
  0.49371975869108847        2.3530895823665986E-003
  0.49573501008466908        2.5770919145631220E-003
  0.49775848727458005        2.8682848644778869E-003
  0.49979022383664523        3.2243505928281685E-003
  0.50183025348373689        3.6428618026816606E-003
  0.50387861006633561        4.1212925438044948E-003
  0.50593532757309234        4.6570288667697503E-003
  0.50800044013139123        5.2473792983069945E-003
  0.51007398200791731        5.8895851116012102E-003
  0.51215598760922409        6.5808303674534316E-003
  0.51424649148230461        7.3182517043722693E-003
  0.51634552831516523        8.0989478577809682E-003
  0.51845313293740036        8.9199888905814248E-003
  0.52056934032077162        9.7784251193227638E-003
  0.52269418557978653        1.0671295722159010E-002
  0.52482770397228251        1.1595637016657761E-002
  0.52696993090001132        1.2548490397323728E-002
  0.52912090190922667        1.3526909924437589E-002
  0.53128065269127367        1.4527969557464340E-002
  0.53344921908318188        1.5548770027873714E-002
  0.53562663706825886        1.6586445347715147E-002
  0.53781294277668812        1.7638168951719550E-002
  0.54000817248612853        1.8701159472048687E-002
  0.54221236262231554        1.9772686146079223E-002
  0.54442554975966673        2.0850073858804025E-002
  0.54664777062188774        2.1930707822541480E-002
  0.54887906208258186        2.3012037897682358E-002
  0.55111946116586275        2.4091582559162730E-002
  0.55336900504696696        2.5166932514232184E-002
  0.55562773105287300        2.6235753977909622E-002
  0.55789567666291884        2.7295791613240809E-002
  0.56017287950942463        2.8344871144163043E-002
  0.56245937737831742        2.9380901649369032E-002
  0.56475520820975744        3.0401877546109981E-002
  0.56706041009876806        3.1405880273349424E-002
  0.56937502129586803        3.2391079684094409E-002
  0.57169908020770599        3.3355735157085002E-002
  0.57403262539769728        3.4298196438329737E-002
  0.57637569558666502        3.5216904223217466E-002
  0.57872832965348131        3.6110390490130644E-002
  0.58109056663571335        3.6977278596648323E-002
  0.58346244573027040        3.7816283149511347E-002
  0.58584400629405475        3.8626209659601757E-002
  0.58823528784461476        3.9405953993202535E-002
  0.59063633006079996        4.0154501630784399E-002
  0.59304717278342045        4.0870926744523285E-002
  0.59546785601590702        4.1554391105663654E-002
  0.59789841992497528        4.2204142832730926E-002
  0.60033890484129260        4.2819514991453179E-002
  0.60278935126014666        4.3399924057088285E-002
  0.60524979984211758        4.3944868249660887E-002
  0.60772029141375294        4.4453925752402215E-002
  0.61020086696824494        4.4926752823454097E-002
  0.61269156766611022        4.5363081810658241E-002
  0.61519243483587394        4.5762719078978428E-002
  0.61770350997475421        4.6125542859837776E-002
  0.62022483474935197        4.6451501031360601E-002
  0.62275645099634114        4.6740608838214001E-002
  0.62529840072316345        4.6992946559437310E-002
  0.62785072610872605        4.7208657132339946E-002
  0.63041346950409982        4.7387943740225126E-002
  0.63298667343322390        4.7531067371382331E-002
  0.63557038059361004        4.7638344356464989E-002
  0.63816463385705124        4.7710143891045026E-002
  0.64076947627033398        4.7746885549812060E-002
  0.64338495105595150        4.7749036798560629E-002
  0.64601110161282127        4.7717110509785027E-002
  0.64864797151700582        4.7651662487383825E-002
  0.65129560452243462        4.7553289005656738E-002
  0.65395404456163087        4.7422624367467150E-002
  0.65662333574644061        4.7260338486132772E-002
  0.65930352236876377        4.7067134495310733E-002
  0.66199464890129045        4.6843746390837479E-002
  0.66469675999823752        4.6590936708208554E-002
  0.66740990049609028        4.6309494239086001E-002
  0.67013411541434675        4.6000231789958469E-002
  0.67286944995626363        4.5663983985804665E-002
  0.67561594950960757        4.5301605121353776E-002
  0.67837365964740748        4.4913967062287466E-002
  0.68114262612871068        4.4501957198481393E-002
  0.68392289489934310        4.4066476451155370E-002
  0.68671451209267076        4.3608437335572320E-002
  0.68951752403036504        4.3128762080712466E-002
  0.69233197722317286        4.2628380807141042E-002
  0.69515791837168661        4.2108229764089761E-002
  0.69799539436711988        4.1569249626582830E-002
  0.70084445229208592        4.1012383853257936E-002
  0.70370513942137802        4.0438577105361875E-002
  0.70657750322275481        3.9848773727234665E-002
  0.70946159135772713        3.9243916288447603E-002
  0.71235745168234910        3.8624944187607313E-002
  0.71526513224801314        3.7992792317708413E-002
  0.71818468130224533        3.7348389792782391E-002
  0.72111614728950835        3.6692658735472054E-002
  0.72405957885200312        3.6026513125049300E-002
  0.72701502483047720        3.5350857705283067E-002
  0.72998253426503557        3.4666586951474336E-002
  0.73296215639595286        3.3974584095877627E-002
  0.73595394066449149        3.3275720210647501E-002
  0.73895793671372234        3.2570853347373321E-002
  0.74197419438934753        3.1860827732193078E-002
  0.74500276374052765        3.1146473015414490E-002
  0.74804369502071344        3.0428603574513775E-002
  0.75109703868847777        2.9708017869331103E-002
  0.75416284540835488        2.8985497848235547E-002
  0.75724116605167924        2.8261808403992256E-002
  0.76033205169743068        2.7537696878027932E-002
  0.76343555363308235        2.6813892611762025E-002
  0.76655172335545019        2.6091106543644986E-002
  0.76968061257154952        2.5370030850522311E-002
  0.77282227319945096        2.4651338631928432E-002
  0.77597675736914307        2.3935683635900394E-002
  0.77914411742339751        2.3223700024892553E-002
  0.78232440591863694        2.2516002180368675E-002
  0.78551767562580699        2.1813184544644596E-002
  0.78872397953125306        2.1115821498557640E-002
  0.79194337083759792        2.0424467273542246E-002
  0.79517590296462559        1.9739655896698072E-002
  0.79842162955016782        1.9061901167446337E-002
  0.80168060445099321        1.8391696664385407E-002
  0.80495288174370172        1.7729515780965002E-002
  0.80823851572562166        1.7075811788620991E-002
  0.81153756091571005        1.6431017926027556E-002
  0.81485007205545901        1.5795547513143833E-002
  0.81817610410980179        1.5169794088756627E-002
  0.82151571226802678        1.4554131570238934E-002
  0.82486895194469190        1.3948914434274953E-002
  0.82823587878054472        1.3354477917321687E-002
  0.83161654864344625        1.2771138234608332E-002
  0.83501101762929653        1.2199192816499921E-002
  0.83841934206296653        1.1638920561082100E-002
  0.84184157849923302        1.1090582101850436E-002
  0.84527778372371576        1.0554420089419890E-002
  0.84872801475382054        1.0030659486198992E-002
  0.85219232883968588        9.5195078730035895E-003
  0.85567078346513115        9.0211557666181295E-003
  0.85916343634861292        8.5357769473389349E-003
  0.86267034544418009        8.0635287955713418E-003
  0.86619156894243732        7.6045526365781831E-003
  0.86972716527151039        7.1589740925120694E-003
  0.87327719309801433        6.7269034408936352E-003
  0.87684171132802924        6.3084359787283755E-003
  0.88042077910807537        5.9036523914878982E-003
  0.88401445582609561        5.5126191262092911E-003
  0.88762280111244185        5.1353887679977343E-003
  0.89124587484086226        4.7720004192487557E-003
  0.89488373712949654        4.4224800809336507E-003
  0.89853644834187318        4.0868410353222607E-003
  0.90220406908791040        3.7650842295464740E-003
  0.90588666022492215        3.4571986594340793E-003
  0.90958428285862880        3.1631617530722342E-003
  0.91329699834416944        2.8829397535861060E-003
  0.91702486828712149        2.6164881006445380E-003
  0.92076795454452198        2.3637518102314660E-003
  0.92452631922589401        2.1246658522463173E-003
  0.92830002469427830        1.8991555255216878E-003
  0.93208913356726641        1.6871368298713961E-003
  0.93589370871804145        1.4885168348044127E-003
  0.93971381327641990        1.3031940445636945E-003
  0.94354951062989978        1.1310587591714868E-003
  0.94740086442471305        9.7199343118289450E-004
  0.95126793856688030        8.2587301787252461E-004
  0.95515079722327212        6.9256532859682295E-004
  0.95904950482267404        5.7193136709639855E-004
  0.96296412605685466        4.6382566852023370E-004
  0.96689472588163972        3.6809663097257328E-004
  0.97084136951799027        2.8458684140046284E-004
  0.97480412245308368        2.1313339565758082E-004
  0.97878305044140190        1.5356821259521517E-004
  0.98277821950582100        1.0571834204839729E-004
  0.98678969593870736        6.9406266598732828E-005
  0.99081754630301844        4.4450197011199749E-005
  0.99486183743340539        3.0664361255350141E-005
  0.99892263643732426        2.7859287034606077E-005
   1.0030000106961476        3.5842077760614693E-005
   1.0070940278662834        5.4416681920770680E-005
   1.0112047558802988        8.3384155799619123E-005
   1.0153322629480441        1.2254291952486568E-004
   1.0194766175577885        1.7168900641993795E-004
   1.0236378884773538        2.3061630565446683E-004
   1.0278161447552574        2.9911679819376021E-004
   1.0320114557218547        3.7698078605703496E-004
   1.0362238909904942        4.6399711490297077E-004
   1.0404535204586696        5.5995338996857422E-004
   1.0447004143091787        6.6463618539535545E-004
   1.0489646430112913        7.7783124698359524E-004
   1.0532462773219167        8.9932368842221468E-004
   1.0575453882867758        1.0288981810477552E-003
   1.0618620472415838        1.1663391371924008E-003
   1.0661963258132321        1.3114308871853479E-003
   1.0705482959209747        1.4639578500779426E-003
   1.0749180297776255        1.6237046981670555E-003
   1.0793055998907541        1.7904565153956027E-003
   1.0837110790638902        1.9639989497130515E-003
   1.0881345403977287        2.1441183594827409E-003
   1.0925760572913470        2.3306019540257116E-003
   1.0970357034434204        2.5232379283940992E-003
   1.1015135528534441        2.7218155924698126E-003
   1.1060096798229635        2.9261254944867817E-003
   1.1105241589568067        3.1359595390769474E-003
   1.1150570651643195        3.3511110999424978E-003
   1.1196084736606120        3.5713751272586996E-003
   1.1241784599678060        3.7965482499125952E-003
   1.1287670999162849        4.0264288726839809E-003
   1.1333744696459565        4.2608172684778928E-003
   1.1380006456075142        4.4995156657156657E-003
   1.1426457045637044        4.7423283309953020E-003
   1.1473097235906025        4.9890616471303783E-003
   1.1519927800788912        5.2395241866777780E-003
   1.1566949517351428        5.4935267810646759E-003
   1.1614163165831117        5.7508825854253858E-003
   1.1661569529650266        6.0114071392572419E-003
   1.1709169395428922        6.2749184230070816E-003
   1.1756963552997917        6.5412369106961762E-003
   1.1804952795412009        6.8101856186935312E-003
   1.1853137918963028        7.0815901507456482E-003
   1.1901519723193061        7.3552787393700407E-003
   1.1950099010907769        7.6310822837196536E-003
   1.1998876588189678        7.9088343840234606E-003
   1.2047853264411541        8.1883713727081437E-003
   1.2097029852249803        8.4695323423045338E-003
   1.2146407167698074        8.7521591702411708E-003
   1.2195986030080641        9.0360965406259090E-003
   1.2245767262066105        9.3211919631159077E-003
   1.2295751689681005        9.6072957889736712E-003
   1.2345940142323542        9.8942612244069163E-003
   1.2396333452777308        1.0181944341287649E-002
   1.2446932457225151        1.0470204085343845E-002
   1.2497737995263021        1.0758902281917410E-002
   1.2548750909913893        1.1047903639377823E-002
   1.2599972047641785        1.1337075750282045E-002
   1.2651402258365791        1.1626289090367682E-002
   1.2703042395474162        1.1915417015465016E-002
   1.2754893315838498        1.2204335756413115E-002
   1.2806955879827961        1.2492924412061577E-002
   1.2859230951323521        1.2781064940439239E-002
   1.2911719397732333        1.3068642148169008E-002
   1.2964422090002106        1.3355543678206017E-002
   1.3017339902635547        1.3641659995974373E-002
   1.3070473713704895        1.3926884373977315E-002
   1.3123824404866489        1.4211112874952116E-002
   1.3177392861375357        1.4494244333640044E-002
   1.3231179972099965        1.4776180337241205E-002
   1.3285186629536925        1.5056825204619475E-002
   1.3339413729825829        1.5336085964324586E-002
   1.3393862172764077        1.5613872331492924E-002
   1.3448532861821869        1.5890096683691284E-002
   1.3503426704157151        1.6164674035761228E-002
   1.3558544610630672        1.6437522013724132E-002
   1.3613887495821120        1.6708560827803594E-002
   1.3669456278040288        1.6977713244619729E-002
   1.3725251879348284        1.7244904558609418E-002
   1.3781275225568879        1.7510062562724839E-002
   1.3837527246304846        1.7773117518459849E-002
   1.3894008874953359        1.8034002125253593E-002
   1.3950721048721533        1.8292651489319266E-002
   1.4007664708641934        1.8549003091942406E-002
   1.4064840799588225        1.8802996757294552E-002
   1.4122250270290799        1.9054574619804372E-002
   1.4179894073352572        1.9303681091127865E-002
   1.4237773165264773        1.9550262826757786E-002
   1.4295888506422783        1.9794268692310886E-002
   1.4354241061142121        2.0035649729530525E-002
   1.4412831797674421        2.0274359122039974E-002
   1.4471661688223481        2.0510352160882185E-002
   1.4530731708961429        2.0743586209878127E-002
   1.4590042840044910        2.0974020670837191E-002
   1.4649596065631323        2.1201616948649148E-002
   1.4709392373895191        2.1426338416288795E-002
   1.4769432757044543        2.1648150379760808E-002
   1.4829718211337348        2.1867020043012386E-002
   1.4890249737098105        2.2082916472840868E-002
   1.4951028338734396        2.2295810563819775E-002
   1.5012055024753554        2.2505675003269096E-002
   1.5073330807779428        2.2712484236292015E-002
   1.5134856704569155        2.2916214430900320E-002
   1.5196633736030056        2.3116843443249376E-002
   1.5258662927236537        2.3314350783003125E-002
   1.5320945307447145        2.3508717578848124E-002
   1.5383481910121630        2.3699926544174944E-002
   1.5446273772938062        2.3887961942943597E-002
   1.5509321937810101        2.4072809555751071E-002
   1.5572627450904259        2.4254456646114819E-002
   1.5636191362657244        2.4432891926988196E-002
   1.5700014727793419        2.4608105527521795E-002
   1.5764098605342303        2.4780088960083303E-002
   1.5828444058656099        2.4948835087549096E-002
   1.5893052155427401        2.5114338090879134E-002
   1.5957923967706868        2.5276593436986346E-002
   1.6023060571921037        2.5435597846910539E-002
   1.6088463048890147        2.5591349264307079E-002
   1.6154132483846122        2.5743846824259495E-002
   1.6220069966450557        2.5893090822424001E-002
   1.6286276590812767        2.6039082684514270E-002
   1.6352753455508005        2.6181824936133774E-002
   1.6419501663595648        2.6321321172962344E-002
   1.6486522322637496        2.6457576031303179E-002
   1.6553816544716176        2.6590595158996037E-002
   1.6621385446453594        2.6720385186702108E-002
   1.6689230149029417        2.6846953699564788E-002
   1.6757351778199741        2.6970309209250969E-002
   1.6825751464315746        2.7090461126376805E-002
   1.6894430342342412        2.7207419733320620E-002
   1.6963389551877424        2.7321196157427070E-002
   1.7032630237170037        2.7431802344603982E-002
   1.7102153547140044        2.7539251033314685E-002
   1.7171960635396897        2.7643555728967831E-002
   1.7242052660258809        2.7744730678705334E-002
   1.7312430784771990        2.7842790846590429E-002
   1.7383096176729915        2.7937751889196151E-002
   1.7454050008692747        2.8029630131594964E-002
   1.7525293458006783        2.8118442543749435E-002
   1.7596827706823941        2.8204206717304010E-002
   1.7668653942121444        2.8286940842777681E-002
   1.7740773355721486        2.8366663687156599E-002
   1.7813187144310982        2.8443394571885820E-002
   1.7885896509461472        2.8517153351259324E-002
   1.7958902657649043        2.8587960391206438E-002
   1.8032206800274309        2.8655836548473552E-002
   1.8105810153682576        2.8720803150199183E-002
   1.8179713939183981        2.8782881973880362E-002
   1.8253919383073787        2.8842095227728175E-002
   1.8328427716652678        2.8898465531410324E-002
   1.8403240176247260        2.8952015897177781E-002
   1.8478358003230537        2.9002769711373440E-002
   1.8553782444042495        2.9050750716319566E-002
   1.8629514750210820        2.9095982992581086E-002
   1.8705556178371661        2.9138490941601841E-002
   1.8781907990290427        2.9178299268710559E-002
   1.8858571452882809        2.9215432966493024E-002
   1.8935547838235744        2.9249917298527273E-002
   1.9012838423628520        2.9281777783478197E-002
   1.9090444491554013        2.9311040179547755E-002
   1.9168367329739937        2.9337730469277401E-002
   1.9246608231170197        2.9361874844698779E-002
   1.9325168494106386        2.9383499692828510E-002
   1.9404049422109304        2.9402631581503792E-002
   1.9483252324060565        2.9419297245554359E-002
   1.9562778514184365        2.9433523573306572E-002
   1.9642629312069249        2.9445337593416152E-002
   1.9722806042690040        2.9454766462024676E-002
   1.9803310036429771        2.9461837450236377E-002
   1.9884142629101824        2.9466577931910175E-002
   1.9965305161972071        2.9469015371763489E-002
   2.0046798981781091        2.9469177313782860E-002
   2.0128625440766581        2.9467091369937720E-002
   2.0210785896685763        2.9462785209192061E-002
   2.0293281712837890        2.9456286546810644E-002
   2.0376114258086915        2.9447623133954687E-002
   2.0459284906884188        2.9436822747562943E-002
   2.0542795039291217        2.9423913180513510E-002
   2.0626646041002639        2.9408922232062443E-002
   2.0710839303369175        2.9391877698554378E-002
   2.0795376223420732        2.9372807364400812E-002
   2.0880258203889532        2.9351738993321892E-002
   2.0965486653233478        2.9328700319847089E-002
   2.1051062985659468        2.9303719041070674E-002
   2.1136988621146831        2.9276822808657198E-002
   2.1223264985470975        2.9248039221093321E-002
   2.1309893510226989        2.9217395816180755E-002
   2.1396875632853374        2.9184920063767317E-002
   2.1484212796655959        2.9150639358710154E-002
   2.1571906450831819        2.9114581014068636E-002
   2.1659958050493291        2.9076772254521346E-002
   2.1748369056692178        2.9037240210003853E-002
   2.1837140936443968        2.8996011909562417E-002
   2.1926275162752127        2.8953114275420230E-002
   2.2015773214632635        2.8908574117251486E-002
   2.2105636577138457        2.8862418126659399E-002
   2.2195866741384194        2.8814672871854487E-002
   2.2286465204570853        2.8765364792528475E-002
   2.2377433470010675        2.8714520194920573E-002
   2.2468773047152077        2.8662165247071540E-002
   2.2560485451604677        2.8608325974262376E-002
   2.2652572205164492        2.8553028254633121E-002
   2.2745034835839171        2.8496297814978287E-002
   2.2837874877873303        2.8438160226715511E-002
   2.2931093871773944        2.8378640902022838E-002
   2.3024693364336155        2.8317765090142034E-002
   2.3118674908668622        2.8255557873843359E-002
   2.3213040064219506        2.8192044166048862E-002
   2.3307790396802273        2.8127248706610389E-002
   2.3402927478621649        2.8061196059238947E-002
   2.3498452888299783        2.7993910608581689E-002
   2.3594368210902377        2.7925416557443614E-002
   2.3690675037965030        2.7855737924150102E-002
   2.3787374967519588        2.7784898540047429E-002
   2.3884469604120731        2.7712922047137843E-002
   2.3981960558872570        2.7639831895845617E-002
   2.4079849449455333        2.7565651342911668E-002
   2.4178137900152290        2.7490403449412906E-002
   2.4276827541876669        2.7414111078903736E-002
   2.4375920012198664        2.7336796895676384E-002
   2.4475416955372706        2.7258483363137142E-002
   2.4575320022364697        2.7179192742295796E-002
   2.4675630870879357        2.7098947090365019E-002
   2.4776351165387829        2.7017768259467070E-002
   2.4877482577155234        2.6935677895445126E-002
   2.4979026784268394        2.6852697436776249E-002
   2.5080985471663721        2.6768848113583439E-002
   2.5183360331155162        2.6684150946743979E-002
   2.5286153061462220        2.6598626747091784E-002
   2.5389365368238228        2.6512296114710773E-002
   2.5492998964098588        2.6425179438316897E-002
   2.5597055568649218        2.6337296894726595E-002
   2.5701536908515048        2.6248668448408802E-002
   2.5806444717368717        2.6159313851118620E-002
   2.5911780735959340        2.6069252641609551E-002
   2.6017546712141315        2.5978504145423079E-002
   2.6123744400903441        2.5887087474752348E-002
   2.6230375564397970        2.5795021528378079E-002
   2.6337441971969815        2.5702324991674921E-002
   2.6444945400185995        2.5609016336685275E-002
   2.6552887632865070        2.5515113822259385E-002
   2.6661270461106703        2.5420635494259096E-002
   2.6770095683321458        2.5325599185823344E-002
   2.6879365105260575        2.5230022517693532E-002
   2.6989080540045989        2.5133922898596811E-002
   2.7099243808200328        2.5037317525685478E-002
   2.7209856737677236        2.4940223385030054E-002
   2.7320921163891634        2.4842657252165497E-002
   2.7432438929750149        2.4744635692687162E-002
   2.7544411885681774        2.4646175062896007E-002
   2.7656841889668535        2.4547291510490864E-002
   2.7769730807276272        2.4448000975306028E-002
   2.7883080511685678        2.4348319190092796E-002
   2.7996892883723348        2.4248261681343010E-002
   2.8111169811892935        2.4147843770153526E-002
   2.8225913192406575        2.4047080573129487E-002
   2.8341124929216317        2.3945987003325481E-002
   2.8456806934045655        2.3844577771222689E-002
   2.8572961126421350        2.3742867385740815E-002
   2.8689589433705232        2.3640870155283426E-002
   2.8806693791126143        2.3538600188815151E-002
   2.8924276141812122        2.3436071396969481E-002
   2.9042338436822610        2.3333297493186259E-002
   2.9160882635180831        2.3230291994876535E-002
   2.9279910703906258        2.3127068224615209E-002
   2.9399424618047334        2.3023639311358347E-002
   2.9519426360714194        2.2920018191685418E-002
   2.9639917923111532        2.2816217611064928E-002
   2.9760901304571732        2.2712250125141827E-002
   2.9882378512587997        2.2608128101046222E-002
   3.0004351562847607        2.2503863718721984E-002
   3.0126822479265480        2.2399468972274340E-002
   3.0249793294017673        2.2294955671335295E-002
   3.0373266047575087        2.2190335442446248E-002
   3.0497242788737404        2.2085619730456099E-002
   3.0621725574667020        2.1980819799934916E-002
   3.0746716470923223        2.1875946736601152E-002
   3.0872217551496384        2.1771011448762735E-002
   3.0998230898842483        2.1666024668769795E-002
   3.1124758603917613        2.1560996954479376E-002
   3.1251802766212617        2.1455938690730689E-002
   3.1379365493788032        2.1350860090830093E-002
   3.1507448903309023        2.1245771198045389E-002
   3.1636055120080444        2.1140681887108246E-002
   3.1765186278082207        2.1035601865724427E-002
   3.1894844520004644        2.0930540676090636E-002
   3.2025031997284015        2.0825507696417851E-002
   3.2155750870138298        2.0720512142459888E-002
   3.2287003307602982        2.0615563069046931E-002
   3.2418791487567020        2.0510669371623359E-002
   3.2551117596809069        2.0405839787789044E-002
   3.2683983831033703        2.0301082898843664E-002
   3.2817392394907818        2.0196407131333451E-002
   3.2951345502097307        2.0091820758599825E-002
   3.3085845375303724        1.9987331902329149E-002
   3.3220894246301196        1.9882948534103558E-002
   3.3356494355973410        1.9778678476951785E-002
   3.3492647954350852        1.9674529406899791E-002
   3.3629357300648142        1.9570508854520670E-002
   3.3766624663301439        1.9466624206483586E-002
   3.3904452320006189        1.9362882707100626E-002
   3.4042842557754875        1.9259291459871930E-002
   3.4181797672874907        1.9155857429028235E-002
   3.4321319971066844        1.9052587441070440E-002
   3.4461411767442565        1.8949488186305756E-002
   3.4602075386563675        1.8846566220380584E-002
   3.4743313162480152        1.8743827965808868E-002
   3.4885127438769019        1.8641279713496210E-002
   3.5027520568573265        1.8538927624259460E-002
   3.5170494914640815        1.8436777730340796E-002
   3.5314052849363842        1.8334835936916771E-002
   3.5458196754818094        1.8233108023601514E-002
   3.5602929022802345        1.8131599645943915E-002
   3.5748252054878202        1.8030316336918584E-002
   3.5894168262409902        1.7929263508410190E-002
   3.6040680066604258        1.7828446452691136E-002
   3.6187789898550959        1.7727870343891956E-002
   3.6335500199262847        1.7627540239464640E-002
   3.6483813419716364        1.7527461081638246E-002
   3.6632732020892336        1.7427637698866856E-002
   3.6782258473816740        1.7328074807269538E-002
   3.6932395259601685        1.7228777012062223E-002
   3.7083144869486642        1.7129748808981073E-002
   3.7234509804879772        1.7030994585697370E-002
   3.7386492577399353        1.6932518623223886E-002
   3.7539095708915569        1.6834325097311989E-002
   3.7692321731592284        1.6736418079840047E-002
   3.7846173187929102        1.6638801540192497E-002
   3.8000652630803460        1.6541479346629643E-002
   3.8155762623513128        1.6444455267647814E-002
   3.8311505739818670        1.6347732973330191E-002
   3.8467884563986092        1.6251316036687752E-002
   3.8624901690829847        1.6155207934990350E-002
   3.8782559725755825        1.6059412051087987E-002
   3.8940861284804527        1.5963931674721998E-002
   3.9099808994694594        1.5868770003826048E-002
   3.9259405492866346        1.5773930145816909E-002
   3.9419653427525452        1.5679415118875148E-002
   3.9580555457687030        1.5585227853215007E-002
   3.9742114253219660        1.5491371192344351E-002
   3.9904332494889743        1.5397847894313661E-002
   4.0067212874405893        1.5304660632954797E-002
   4.0230758094463717        1.5211811999108815E-002
   4.0394970868790629        1.5119304501843404E-002
   4.0559853922190783        1.5027140569659449E-002
   4.0725409990590427        1.4935322551686846E-002
   4.0891641821083224        1.4843852718869545E-002
   4.1058552171975808        1.4752733265139761E-002
   4.1226143812833644        1.4661966308581433E-002
   4.1394419524526915        1.4571553892582597E-002
   4.1563382099276636        1.4481497986977138E-002
   4.1733034340701094        1.4391800489175370E-002
   4.1903379063862296        1.4302463225284019E-002
   4.2074419095312638        1.4213487951214989E-002
   4.2246157273141920        1.4124876353783431E-002
   4.2418596447024361        1.4036630051794761E-002
   4.2591739478265858        1.3948750597120852E-002
   4.2765589239851547        1.3861239475765289E-002
   4.2940148616493437        1.3774098108917762E-002
   4.3115420504678283        1.3687327853997493E-002
   4.3291407812715565        1.3600930005686008E-002
   4.3468113460785895        1.3514905796948810E-002
   4.3645540380989400        1.3429256400046418E-002
   4.3823691517394279        1.3343982927534625E-002
   4.4002569826085844        1.3259086433253802E-002
   4.4182178275215458        1.3174567913307740E-002
   4.4362519845049730        1.3090428307031603E-002
   4.4543597528020111        1.3006668497949295E-002
   4.4725414328772475        1.2923289314720126E-002
   4.4907973264216903        1.2840291532075103E-002
   4.5091277363577875        1.2757675871742355E-002
   4.5275329668444471        1.2675443003362326E-002
   4.5460133232820850        1.2593593545392438E-002
   4.5645691123176864        1.2512128066001294E-002
   4.5832006418499045        1.2431047083952585E-002
   4.6019082210341660        1.2350351069478630E-002
   4.6206921602877928        1.2270040445143760E-002
   4.6395527712951647        1.2190115586697385E-002
   4.6584903670128890        1.2110576823917012E-002
   4.6775052616749795        1.2031424441441136E-002
   4.6965977707980926        1.1952658679592066E-002
   4.7157682111867478        1.1874279735188816E-002
   4.7350169009385850        1.1796287762350182E-002
   4.7543441594496505        1.1718682873287724E-002
   4.7737503074196939        1.1641465139089195E-002
   4.7932356668574805        1.1564634590492180E-002
   4.8128005610861475        1.1488191218647997E-002
   4.8324453147485658        1.1412134975876122E-002
   4.8521702538127149        1.1336465776409012E-002
   4.8719757055771122        1.1261183497127483E-002
   4.8918619986762248        1.1186287978286739E-002
   4.9118294630859394        1.1111779024232988E-002
   4.9318784301290162        1.1037656404110963E-002
   4.9520092324806102        1.0963919852562058E-002
   4.9722222041737796        1.0890569070413542E-002
   4.9925176806050207        1.0817603725358591E-002
   5.0128959985398502        1.0745023452627449E-002
   5.0333574961183860        1.0672827855649615E-002
   5.0539025128609465        1.0601016506707311E-002
   5.0745313896737043        1.0529588947580043E-002
   5.0952444688543324        1.0458544690180673E-002
   5.1160420940976774        1.0387883217182731E-002
   5.1369246105014765        1.0317603982639296E-002
   5.1578923645720769        1.0247706412593316E-002
   5.1789457042301867        1.0178189905679712E-002
   5.2000849788166388        1.0109053833719038E-002
   5.2213105390982024        1.0040297542302949E-002
   5.2426227372734004        9.9719203513715070E-003
   5.2640219269783390        9.9039215557824717E-003
   5.2855084632925946        9.8363004258724997E-003
   5.3070827027450962        9.7690562080104074E-003
   5.3287450033200381        9.7021881251427335E-003
   5.3504957244628288        9.6356953773312961E-003
   5.3723352270860527        9.5695771422831654E-003
   5.3942638735754480        9.5038325758731376E-003
   5.4162820277959387        9.4384608126583218E-003
   5.4383900550976607        9.3734609663856001E-003
   5.4605883223220175        9.3088321304914696E-003
   5.4828771978077846        9.2445733785945939E-003
   5.5052570513972130        9.1806837649811603E-003
   5.5277282544421542        9.1171623250830437E-003
   5.5502911798102446        9.0540080759487565E-003
   5.5729462018910780        8.9912200167075480E-003
   5.5956936966024218        8.9287971290263769E-003
   5.6185340413964466        8.8667383775601540E-003
   5.6414676152660075        8.8050427103950231E-003
   5.6644947987509173        8.7437090594850199E-003
   5.6876159739442613        8.6827363410820375E-003
   5.7108315244987482        8.6221234561591510E-003
   5.7341418356330687        8.5618692908274851E-003
   5.7575472941382806        8.5019727167466551E-003
   5.7810482883842447        8.4424325915287111E-003
   5.8046452083260549        8.3832477591359068E-003
   5.8283384455105089        8.3244170502722245E-003
   5.8521283930826149        8.2659392827685758E-003
   5.8760154457921070        8.2078132619621998E-003
