  0.10000000000000001       0.29423277811239357     
  0.10040817718110437       0.27522327623848530     
  0.10081802044832047       0.25255406713843570     
  0.10122953660223166       0.22773593726937078     
  0.10164273247117964       0.20238545348342968     
  0.10205761491137796       0.17811419377256099     
  0.10247419080702558       0.15642278123565004     
  0.10289246707042120       0.13860648046519414     
  0.10331245064207799       0.12567797888947183     
  0.10373414849083867       0.11831154063211897     
  0.10415756761399117       0.11681110251874616     
  0.10458271503738485       0.12110319943355913     
  0.10500959781554686       0.13075397280503342     
  0.10543822303179938       0.14500803310441662     
  0.10586859779837712       0.16284569884667729     
  0.10630072925654524       0.18305418318422828     
  0.10673462457671801       0.20430768361390306     
  0.10717029095857759       0.22525106529070510     
  0.10760773563119364       0.24458190566355947     
  0.10804696585314330       0.26112605878366191     
  0.10848798891263144       0.27390255583548384     
  0.10893081212761184       0.28217452560392470     
  0.10937544284590843       0.28548382802618677     
  0.10982188844533726       0.28366817562960828     
  0.11027015633382903       0.27686060260928735     
  0.11072025394955184       0.26547216579122845     
  0.11117218876103470       0.25015967049543025     
  0.11162596826729153       0.23178096312501184     
  0.11208159999794542       0.21134088960484504     
  0.11253909151335369       0.18993136644901620     
  0.11299845040473337       0.16866914445860925     
  0.11345968429428700       0.14863477152529261     
  0.11392280083532935       0.13081599941323047     
  0.11438780771241415       0.11605845738821889     
  0.11485471264146174       0.10502586753336987     
  0.11532352336988719        9.8171441137478027E-002
  0.11579424767672861        9.5721413016772797E-002
  0.11626689337277650        9.7670980784734102E-002
  0.11674146830070313       0.10379225597008611     
  0.11721798033519278       0.11365323609133413     
  0.11769643738307244       0.12664629809899342     
  0.11817684738344295       0.14202431402326010     
  0.11865921830781066       0.15894221202244818     
  0.11914355816021997       0.17650165584574590     
  0.11962987497738581       0.19379649158652323     
  0.12011817682882717       0.20995670480891013     
  0.12060847181700105       0.22418883062058970     
  0.12110076807743671       0.23581104673484513     
  0.12159507377887094       0.24428153469417635     
  0.12209139712338332       0.24921909514814028     
  0.12258974634653247       0.25041542681183093     
  0.12309012971749274       0.24783890354302124     
  0.12359255553919130       0.24163008958572493     
  0.12409703214844603       0.23208960165116629     
  0.12460356791610375       0.21965924349654159     
  0.12511217124717913       0.20489759293828552     
  0.12562285058099434       0.18845140551012754     
  0.12613561439131882       0.17102430976692196     
  0.12665047118650996       0.15334430671210914     
  0.12716742950965446       0.13613155348996361     
  0.12768649793870987       0.12006781572254256     
  0.12820768508664696       0.10576882242689847     
  0.12873099960159279        9.3760562820519019E-002
  0.12925645016697404        8.4460337150024253E-002
  0.12978404550166117        7.8163126121327864E-002
  0.13031379436011306        7.5033587672177035E-002
  0.13084570553252231        7.5103737229404582E-002
  0.13137978784496107        7.8276128716643523E-002
  0.13191605015952751        8.4332137505602839E-002
  0.13245450137449291        9.2944760645526162E-002
  0.13299515042444918       0.10369519962543461     
  0.13353800628045717       0.11609238026248346     
  0.13408307795019572       0.12959449479315344     
  0.13463037447811083       0.14363162277489380     
  0.13517990494556581       0.15762849822161445     
  0.13573167847099218       0.17102653728313805     
  0.13628570421004074       0.18330431932467880     
  0.13684199135573349       0.19399581913783370     
  0.13740054913861643       0.20270581326362691     
  0.13796138682691236       0.20912202273864311     
  0.13852451372667493       0.21302370163670070     
  0.13908993918194296       0.21428652941498705     
  0.13965767257489561       0.21288380954859737     
  0.14022772332600780       0.20888411211892238     
  0.14080010089420669       0.20244561952831563     
  0.14137481477702879       0.19380753881874796     
  0.14195187451077720       0.18327902856410414     
  0.14253128967068007       0.17122615130816152     
  0.14311306987104958       0.15805740327613682     
  0.14369722476544117       0.14420839170936048     
  0.14428376404681392       0.13012622756371139     
  0.14487269744769149       0.11625417906858541     
  0.14546403474032335       0.10301709193519090     
  0.14605778573684705        9.0808027450185055E-002
  0.14665396028945119        7.9976503230304821E-002
  0.14725256829053859        7.0818646168797544E-002
  0.14785361967289068        6.3569486259553748E-002
  0.14845712440983222        5.8397536668899720E-002
  0.14906309251539690        5.5401722608037142E-002
  0.14967153404449324        5.4610641963313930E-002
  0.15028245909307170        5.5984066669559358E-002
  0.15089587779829214        5.9416527492102085E-002
  0.15151180033869191        6.4742767833451426E-002
  0.15213023693435482        7.1744805588764143E-002
  0.15275119784708088        8.0160306694571415E-002
  0.15337469338055626        8.9691950181089372E-002
  0.15400073388052446       0.10001745218609440     
  0.15462932973495802       0.11079991509333120     
  0.15526049137423079       0.12169817697892066     
  0.15589422927129087       0.13237685487721623     
  0.15653055394183482       0.14251580179282503     
  0.15716947594448166       0.15181873051211781     
  0.15781100588094832       0.16002079563033320     
  0.15845515439622559       0.16689496728856920     
  0.15910193217875471       0.17225707439334792     
  0.15975134996060453       0.17596944010642418     
  0.16040341851764989       0.17794307677150697     
  0.16105814866975027       0.17813844994078898     
  0.16171555128092935       0.17656486068247237     
  0.16237563725955523       0.17327853096775853     
  0.16303841755852153       0.16837950791340683     
  0.16370390317542910       0.16200752844614769     
  0.16437210515276834       0.15433700620070595     
  0.16504303457810285       0.14557131699165693     
  0.16571670258425286       0.13593656801271314     
  0.16639312034948034       0.12567503917682410     
  0.16707229909767446       0.11503848301986369     
  0.16775425009853762       0.10428146277376517     
  0.16843898466777257        9.3654897095240275E-002
  0.16912651416727026        8.3399965113359523E-002
  0.16981685000529834        7.3742507586329040E-002
  0.17051000363669019        6.4888039719005100E-002
  0.17120598656303537        5.7017469282179295E-002
  0.17190481033287031        5.0283590776962733E-002
  0.17260648654186983        4.4808403160234357E-002
  0.17331102683303970        4.0681275705258001E-002
  0.17401844289690985        3.7957964475675711E-002
  0.17472874647172817        3.6660461136437797E-002
  0.17544194934365545        3.6777636834908783E-002
  0.17615806334696094        3.8266627005184808E-002
  0.17687710036421864        4.1054888444776463E-002
  0.17759907232650440        4.5042848071766381E-002
  0.17832399121359424        5.0107053501173067E-002
  0.17905186905416270        5.6103729016276187E-002
  0.17978271792598266        6.2872636620527847E-002
  0.18051654995612570        7.0241140542301253E-002
  0.18125337732116351        7.8028374678092260E-002
  0.18199321224736950        8.6049415803113594E-002
  0.18273606701092207        9.4119370717407932E-002
  0.18348195393810826       0.10205729256751876     
  0.18423088540552804       0.10968985010517351     
  0.18498287384029991       0.11685468332031845     
  0.18573793172026712       0.12340338941727891     
  0.18649607157420448       0.12920409419444678     
  0.18725730598202642       0.13414357525428044     
  0.18802164757499584       0.13812891484186535     
  0.18878910903593346       0.14108867123789945     
  0.18955970309942835       0.14297356829118052     
  0.19033344255204943       0.14375671266963652     
  0.19111034023255730       0.14343335757043030     
  0.19189040903211749       0.14202023982242823     
  0.19267366189451438       0.13955452443341351     
  0.19346011181636599       0.13609239660601641     
  0.19424977184733941       0.13170734602664141     
  0.19504265509036750       0.12648819180545789     
  0.19583877470186650       0.12053689882396365     
  0.19663814389195391       0.11396623746509724     
  0.19744077592466802       0.10689733881573760     
  0.19824668411818794        9.9457196517785063E-002
  0.19905588184505443        9.1776164591774859E-002
  0.19986838253239200        8.3985497868492895E-002
  0.20068419966213161        7.6214978250502538E-002
  0.20150334677123438        6.8590666003993356E-002
  0.20232583745191612        6.1232810772278337E-002
  0.20315168535187320        5.4253952126159445E-002
  0.20398090417450848        4.7757234341953995E-002
  0.20481350767915915        4.1834954839517706E-002
  0.20564950968132489        3.6567360428431152E-002
  0.20648892405289709        3.2021700300938385E-002
  0.20733176472238896        2.8251539666758595E-002
  0.20817804567516671        2.5296333128614852E-002
  0.20902778095368180        2.3181252418796615E-002
  0.20988098465770355        2.1917259015319129E-002
  0.21073767094455342        2.1501408478955264E-002
  0.21159785402933992        2.1917370135855267E-002
  0.21246154818519422        2.3136142999611892E-002
  0.21332876774350720        2.5116946595947522E-002
  0.21419952709416737        2.7808263626904750E-002
  0.21507384068579924        3.1149010184448191E-002
  0.21595172302600341        3.5069808482278246E-002
  0.21683318868159726        3.9494336798301596E-002
  0.21771825227885655        4.4340731481019760E-002
  0.21860692850375804        4.9523016438082400E-002
  0.21949923210222347        5.4952536456773143E-002
  0.22039517788036408        6.0539371963356639E-002
  0.22129478070472614        6.6193714367620560E-002
  0.22219805550253774        7.1827182915686696E-002
  0.22310501726195672        7.7354065942851741E-002
  0.22401568103231900        8.2692471533578255E-002
  0.22493006192438844        8.7765374813699948E-002
  0.22584817511060773        9.2501551377767610E-002
  0.22677003582534988        9.6836388652048133E-002
  0.22769565936517111       0.10071256927338845     
  0.22862506108906488       0.10408062279157310     
  0.22955825641871638       0.10689934414689062     
  0.23049526083875860       0.10913607940813493     
  0.23143608989702943       0.11076688115562969     
  0.23238075920482931       0.11177653763945633     
  0.23332928443718048       0.11215848141917495     
  0.23428168133308711       0.11191458458592365     
  0.23523796569579644       0.11105484887268546     
  0.23619815339306083       0.10959699996893681     
  0.23716226035740115       0.10756599617038196     
  0.23813030258637141       0.10499346211471455     
  0.23910229614282377       0.10191705878463350     
  0.24007825715517533        9.8379801206647771E-002
  0.24105820181767584        9.4429335347526205E-002
  0.24204214639067612        9.0117185620569001E-002
  0.24303010720089804        8.5497984173614858E-002
  0.24402210064170560        8.0628692753623929E-002
  0.24501814317337661        7.5567827443390523E-002
  0.24601825132337590        7.0374695959751515E-002
  0.24702244168662996        6.5108656505216966E-002
  0.24803073092580163        5.9828406392011188E-002
  0.24904313577156709        5.4591307824719520E-002
  0.25005967302289334        4.9452757350356216E-002
  0.25108035954731700        4.4465604577517068E-002
  0.25210521228122396        3.9679624843319522E-002
  0.25313424823013059        3.5141049581413147E-002
  0.25416748446896609        3.0892157228607036E-002
  0.25520493814235545        2.6970926612934622E-002
  0.25624662646490398        2.3410753902255353E-002
  0.25729256672148348        2.0240233368826306E-002
  0.25834277626751834        1.7483001449311902E-002
  0.25939727252927380        1.5157642858004489E-002
  0.26045607300414547        1.3277656848986076E-002
  0.26151919526094891        1.1851481124699500E-002
  0.26258665694021183        1.0882570356994452E-002
  0.26365847575446660        1.0369525824134357E-002
  0.26473466948854396        1.0306272274465227E-002
  0.26581525599986822        1.0682277804432767E-002
  0.26690025321875377        1.1482812284572250E-002
  0.26798967914870253        1.2689239680291113E-002
  0.26908355186670235        1.4279339492390339E-002
  0.27018188952352734        1.6227652482336982E-002
  0.27128471034403900        1.8505845845809759E-002
  0.27239203262748851        2.1083093051010676E-002
  0.27350387474782023        2.3926463661412128E-002
  0.27462025515397709        2.7001318611342858E-002
  0.27574119237020622        3.0271706592340530E-002
  0.27686670499636645        3.3700757433628908E-002
  0.27799681170823720        3.7251068616379550E-002
  0.27913153125782791        4.0885081343698948E-002
  0.28027088247368953        4.4565442891610393E-002
  0.28141488426122702        4.8255352285910887E-002
  0.28256355560301261        5.1918886681068477E-002
  0.28371691555910122        5.5521306155926639E-002
  0.28487498326734656        5.9029334982664210E-002
  0.28603777794371876        6.2411417766439284E-002
  0.28720531888262307        6.5637949189748121E-002
  0.28837762545721990        6.8681476424546015E-002
  0.28955471711974690        7.1516873593603411E-002
  0.29073661340184104        7.4121487967830177E-002
  0.29192333391486291        7.6475257876082961E-002
  0.29311489835022253        7.8560802576336963E-002
  0.29431132647970543        8.0363484590426026E-002
  0.29551263815580109        8.1871445237551271E-002
  0.29671885331203263        8.3075614313410262E-002
  0.29792999196328690        8.3969695051427165E-002
  0.29914607420614708        8.4550125669778223E-002
  0.30036712021922612        8.4816018952490524E-002
  0.30159315026350136        8.4769081435000698E-002
  0.30282418468265071        8.4413513864483772E-002
  0.30406024390339059        8.3755894683488041E-002
  0.30530134843581452        8.2805048342685150E-002
  0.30654751887373349        8.1571900285683244E-002
  0.30779877589501764        8.0069320466854749E-002
  0.30905514026193970        7.8311957263121346E-002
  0.31031663282151906        7.6316063623810632E-002
  0.31158327450586787        7.4099317270316004E-002
  0.31285508633253861        7.1680636710739890E-002
  0.31413208940487242        6.9079994775297082E-002
  0.31541430491234945        6.6318231307448988E-002
  0.31670175413094059        6.3416866564905111E-002
  0.31799445842346041        6.0397916795184151E-002
  0.31929243923992134        5.7283713353744679E-002
  0.32059571811789023        5.4096726630101434E-002
  0.32190431668284508        5.0859395940192675E-002
  0.32321825664853443        4.7593966432730908E-002
  0.32453755981733712        4.4322333944621956E-002
  0.32586224808062436        4.1065898626837433E-002
  0.32719234341912323        3.7845428048462207E-002
  0.32852786790328065        3.4680930373978541E-002
  0.32986884369363056        3.1591538098066078E-002
  0.33121529304116082        2.8595402714146755E-002
  0.33256723828768275        2.5709600588281166E-002
  0.33392470186620210        2.2950050209489647E-002
  0.33528770630129073        2.0331440891704858E-002
  0.33665627420946076        1.7867172911828606E-002
  0.33803042829953994        1.5569308983175770E-002
  0.33941019137304806        1.3448536884293370E-002
  0.34079558632457546        1.1514142989955505E-002
  0.34218663614216327        9.7739963842813533E-003
  0.34358336390768413        8.2345431755114704E-003
  0.34498579279722608        6.9008105780384152E-003
  0.34639394608147639        5.7764202798685702E-003
  0.34780784712610791        4.8636105726909355E-003
  0.34922751939216706        4.1632666870723197E-003
  0.35065298643646264        3.6749587468376745E-003
  0.35208427191195729        3.3969867342161066E-003
  0.35352139956815942        3.3264318406586125E-003
  0.35496439325151735        3.4592135670670444E-003
  0.35641327690581565        3.7901519312761242E-003
  0.35786807457257153        4.3130341396658972E-003
  0.35932881039143427        5.0206850834694002E-003
  0.36079550860058590        5.9050410283181063E-003
  0.36226819353714296        6.9572258775165118E-003
  0.36374688963756052        8.1676294051064875E-003
  0.36523162143803800        9.5259868736066629E-003
  0.36672241357492547        1.1021459473069466E-002
  0.36821929078513355        1.2642715042426391E-002
  0.36972227790654283        1.4378008560629797E-002
  0.37123139987841652        1.6215261923574642E-002
  0.37274668174181458        1.8142142552781584E-002
  0.37426814864000829        2.0146140413127751E-002
  0.37579582581889864        2.2214643049138207E-002
  0.37732973862743413        2.4335008282276430E-002
  0.37886991251803198        2.6494634244994306E-002
  0.38041637304700071        2.8681026460764081E-002
  0.38196914587496344        3.0881861712703740E-002
  0.38352825676728425        3.3085048476483199E-002
  0.38509373159449567        3.5278783725759773E-002
  0.38666559633272773        3.7451605950259113E-002
  0.38824387706413899        3.9592444257643911E-002
  0.38982859997734975        4.1690663460290968E-002
  0.39141979136787586        4.3736105076974494E-002
  0.39301747763856587        4.5719124207052105E-002
  0.39462168530003849        4.7630622260996812E-002
  0.39623244097112265        4.9462075555946380E-002
  0.39784977137929967        5.1205559808246807E-002
  0.39947370336114574        5.2853770576732642E-002
  0.40110426386277853        5.4400039730668641E-002
  0.40274147994030307        5.5838348034823446E-002
  0.40438537876026137        5.7163333961087054E-002
  0.40603598760008325        5.8370298851346404E-002
  0.40769333384853856        5.9455208570021484E-002
  0.40935744500619187        6.0414691796752670E-002
  0.41102834868585908        6.1246035120256566E-002
  0.41270607261306486        6.1947175103351168E-002
  0.41439064462650332        6.2516687496658729E-002
  0.41608209267850005        6.2953773784554259E-002
  0.41778044483547516        6.3258245251611667E-002
  0.41948572927840988        6.3430504761156803E-002
  0.42119797430331363        6.3471526439644863E-002
  0.42291720832169355        6.3382833461488625E-002
  0.42464345986102636        6.3166474128761627E-002
  0.42637675756523108        6.2824996438949204E-002
  0.42811713019514508        6.2361421331697198E-002
  0.42986460662900056        6.1779214802383416E-002
  0.43161921586290408        6.1082259066397061E-002
  0.43338098701131811        6.0274822953309742E-002
  0.43514994930754325        5.9361531704757775E-002
  0.43692613210420378        5.8347336343882818E-002
  0.43870956487373508        5.7237482777668214E-002
  0.44050027720887197        5.6037480786551838E-002
  0.44229829882313998        5.4753073048326051E-002
  0.44410365955134889        5.3390204335653724E-002
  0.44591638935008682        5.1954991018563088E-002
  0.44773651829821842        5.0453690995123993E-002
  0.44956407659738296        4.8892674165185446E-002
  0.45139909457249600        4.7278393553647137E-002
  0.45324160267225266        4.5617357181262363E-002
  0.45509163146963244        4.3916100772520859E-002
  0.45694921166240710        4.2181161381732966E-002
  0.45881437407364939        4.0419052010106954E-002
  0.46068714965224478        3.8636237278399169E-002
  0.46256756947340538        3.6839110211662723E-002
  0.46445566473918498        3.5033970184757360E-002
  0.46635146677899686        3.3227002069629613E-002
  0.46825500705013429        3.1424256617963151E-002
  0.47016631713829160        2.9631632105657203E-002
  0.47208542875808879        2.7854857258726065E-002
  0.47401237375359806        2.6099475473639541E-002
  0.47594718409887132        2.4370830338882040E-002
  0.47788989189847175        2.2674052458567608E-002
  0.47984052938800570        2.1014047573354452E-002
  0.48179912893465782        1.9395485968638757E-002
  0.48376572303772875        1.7822793155086294E-002
  0.48574034432917323        1.6300141801996459E-002
  0.48772302557414277        1.4831444899745180E-002
  0.48971379967152823        1.3420350123686675E-002
  0.49171269965450648        1.2070235368331839E-002
  0.49371975869108847        1.0784205417420419E-002
  0.49573501008466908        9.5650897126170684E-003
  0.49775848727458005        8.4154411810065492E-003
  0.49979022383664523        7.3375360793174436E-003
  0.50183025348373689        6.3333748108659084E-003
  0.50387861006633561        5.4046836695668217E-003
  0.50593532757309234        4.5529174639990138E-003
  0.50800044013139123        3.7792629734286673E-003
  0.51007398200791731        3.0846431868624884E-003
  0.51215598760922409        2.4697222756328427E-003
  0.51424649148230461        1.9349112496682690E-003
  0.51634552831516523        1.4803742474896323E-003
  0.51845313293740036        1.1060354100589096E-003
  0.52056934032077162        8.1158628889776063E-004
  0.52269418557978653        5.9649373936058461E-004
  0.52482770397228251        4.6000825058840845E-004
  0.52696993090001132        4.0117266446634868E-004
  0.52912090190922667        4.1883123684683505E-004
  0.53128065269127367        5.1163899537330117E-004
  0.53344921908318188        6.7807134942858126E-004
  0.53562663706825886        9.1643390902746390E-004
  0.53781294277668812        1.2248724708663660E-003
  0.54000817248612853        1.6013831312126419E-003
  0.54221236262231554        2.0438224868660386E-003
  0.54442554975966673        2.5499178870288372E-003
  0.54664777062188774        3.1172777005800704E-003
  0.54887906208258186        3.7434015649490679E-003
  0.55111946116586275        4.4256905845149143E-003
  0.55336900504696696        5.1614574482090371E-003
  0.55562773105287300        5.9479364377769250E-003
  0.55789567666291884        6.7822932999174017E-003
  0.56017287950942463        7.6616349573080111E-003
  0.56245937737831742        8.5830190352807409E-003
  0.56475520820975744        9.5434631826794014E-003
  0.56706041009876806        1.0539954167152961E-002
  0.56937502129586803        1.1569456726859838E-002
  0.57169908020770599        1.2628922162232598E-002
  0.57403262539769728        1.3715296653097441E-002
  0.57637569558666502        1.4825529288055531E-002
  0.57872832965348131        1.5956579794589344E-002
  0.58109056663571335        1.7105425959884350E-002
  0.58346244573027040        1.8269070733820073E-002
  0.58584400629405475        1.9444549007006859E-002
  0.58823528784461476        2.0628934058112013E-002
  0.59063633006079996        2.1819343666026680E-002
  0.59304717278342045        2.3012945883680712E-002
  0.59546785601590702        2.4206964471511813E-002
  0.59789841992497528        2.5398683989733488E-002
  0.60033890484129260        2.6585454549620711E-002
  0.60278935126014666        2.7764696225060750E-002
  0.60524979984211758        2.8933903126574977E-002
  0.60772029141375294        3.0090647140913591E-002
  0.61020086696824494        3.1232581340176358E-002
  0.61269156766611022        3.2357443065194447E-002
  0.61519243483587394        3.3463056688633669E-002
  0.61770350997475421        3.4547336063951897E-002
  0.62022483474935197        3.5608286666960982E-002
  0.62275645099634114        3.6644007437298939E-002
  0.62529840072316345        3.7652692327633824E-002
  0.62785072610872605        3.8632631568869140E-002
  0.63041346950409982        3.9582212660033700E-002
  0.63298667343322390        4.0499921091893008E-002
  0.63557038059361004        4.1384340813631737E-002
  0.63816463385705124        4.2234154452224074E-002
  0.64076947627033398        4.3048143294330557E-002
  0.64338495105595150        4.3825187040741752E-002
  0.64601110161282127        4.4564263343530926E-002
  0.64864797151700582        4.5264447136185139E-002
  0.65129560452243462        4.5924909767048397E-002
  0.65395404456163087        4.6544917946446981E-002
  0.65662333574644061        4.7123832517872034E-002
  0.65930352236876377        4.7661107063562635E-002
  0.66199464890129045        4.8156286354779712E-002
  0.66469675999823752        4.8609004656977213E-002
  0.66740990049609028        4.9018983899970912E-002
  0.67013411541434675        4.9386031723074174E-002
  0.67286944995626363        4.9710039405018294E-002
  0.67561594950960757        4.9990979688306514E-002
  0.67837365964740748        5.0228904507459315E-002
  0.68114262612871068        5.0423942630405637E-002
  0.68392289489934310        5.0576297222054319E-002
  0.68671451209267076        5.0686243338847782E-002
  0.68951752403036504        5.0754125362854854E-002
  0.69233197722317286        5.0780354383705657E-002
  0.69515791837168661        5.0765405536407189E-002
  0.69799539436711988        5.0709815302806716E-002
  0.70084445229208592        5.0614178784193192E-002
  0.70370513942137802        5.0479146952242315E-002
  0.70657750322275481        5.0305423885224888E-002
  0.70946159135772713        5.0093763996106926E-002
  0.71235745168234910        4.9844969258877755E-002
  0.71526513224801314        4.9559886439149305E-002
  0.71818468130224533        4.9239404334774611E-002
  0.72111614728950835        4.8884451031941965E-002
  0.72405957885200312        4.8495991181908178E-002
  0.72701502483047720        4.8075023303245285E-002
  0.72998253426503557        4.7622577114187159E-002
  0.73296215639595286        4.7139710899380752E-002
  0.73595394066449149        4.6627508915065334E-002
  0.73895793671372234        4.6087078836429290E-002
  0.74197419438934753        4.5519549250623292E-002
  0.74500276374052765        4.4926067198645461E-002
  0.74804369502071344        4.4307795769053748E-002
  0.75109703868847777        4.3665911746209714E-002
  0.75416284540835488        4.3001603315511505E-002
  0.75724116605167924        4.2316067827835570E-002
  0.76033205169743068        4.1610509625172230E-002
  0.76343555363308235        4.0886137929218330E-002
  0.76655172335545019        4.0144164794472637E-002
  0.76968061257154952        3.9385803127166746E-002
  0.77282227319945096        3.8612264771165999E-002
  0.77597675736914307        3.7824758661778479E-002
  0.77914411742339751        3.7024489048224994E-002
  0.78232440591863694        3.6212653785342240E-002
  0.78551767562580699        3.5390442694923557E-002
  0.78872397953125306        3.4559035996935134E-002
  0.79194337083759792        3.3719602810695637E-002
  0.79517590296462559        3.2873299725953049E-002
  0.79842162955016782        3.2021269443658788E-002
  0.80168060445099321        3.1164639486105400E-002
  0.80495288174370172        3.0304520975966920E-002
  0.80823851572562166        2.9442007483668112E-002
  0.81153756091571005        2.8578173942395542E-002
  0.81485007205545901        2.7714075629962299E-002
  0.81817610410980179        2.6850747216642389E-002
  0.82151571226802678        2.5989201878000356E-002
  0.82486895194469190        2.5130430471661323E-002
  0.82823587878054472        2.4275400776888664E-002
  0.83161654864344625        2.3425056795768642E-002
  0.83501101762929653        2.2580318114737281E-002
  0.83841934206296653        2.1742079325125070E-002
  0.84184157849923302        2.0911209501347186E-002
  0.84527778372371576        2.0088551735316568E-002
  0.84872801475382054        1.9274922725617514E-002
  0.85219232883968588        1.8471112419945489E-002
  0.85567078346513115        1.7677883709266911E-002
  0.85916343634861292        1.6895972172188113E-002
  0.86267034544418009        1.6126085867883094E-002
  0.86619156894243732        1.5368905176057308E-002
  0.86972716527151039        1.4625082682295065E-002
  0.87327719309801433        1.3895243107186917E-002
  0.87684171132802924        1.3179983277611287E-002
  0.88042077910807537        1.2479872138543681E-002
  0.88401445582609561        1.1795450803767598E-002
  0.88762280111244185        1.1127232643867096E-002
  0.89124587484086226        1.0475703409886039E-002
  0.89488373712949654        9.8413213910507943E-003
  0.89853644834187318        9.2245176049641393E-003
  0.90220406908791040        8.6256960186947198E-003
  0.90588666022492215        8.0452337992024860E-003
  0.90958428285862880        7.4834815915604614E-003
  0.91329699834416944        6.9407638234550064E-003
  0.91702486828712149        6.4173790344684168E-003
  0.92076795454452198        5.9136002286757604E-003
  0.92452631922589401        5.4296752491094676E-003
  0.92830002469427830        4.9658271726776716E-003
  0.93208913356726641        4.5222547241495058E-003
  0.93589370871804145        4.0991327078483079E-003
  0.93971381327641990        3.6966124557303716E-003
  0.94354951062989978        3.3148222905530719E-003
  0.94740086442471305        2.9538680028726966E-003
  0.95126793856688030        2.6138333406455524E-003
  0.95515079722327212        2.2947805102378634E-003
  0.95904950482267404        1.9967506876864571E-003
  0.96296412605685466        1.7197645390873767E-003
  0.96689472588163972        1.4638227490224713E-003
  0.97084136951799027        1.2289065559718325E-003
  0.97480412245308368        1.0149782936946165E-003
  0.97878305044140190        8.2198193759529920E-004
  0.98277821950582100        6.4984365512988588E-004
  0.98678969593870736        4.9847235934032737E-004
  0.99081754630301844        3.6776026464131832E-004
  0.99486183743340539        2.5758344401933045E-004
  0.99892263643732426        1.6780238683676405E-004
   1.0030000106961476        9.8262556470928963E-005
   1.0070940278662834        4.8794947049402585E-005
   1.0112047558802988        1.9216638578376118E-005
   1.0153322629480441        9.3313497935187988E-006
   1.0194766175577885        1.8929988095092713E-005
   1.0236378884773538        4.7791195962042732E-005
   1.0278161447552574        9.5681893270728336E-005
   1.0320114557218547        1.6235781497548674E-004
   1.0362238909904942        2.4756404363826090E-004
   1.0404535204586696        3.5103553632482047E-004
   1.0447004143091787        4.7249764541339536E-004
   1.0489646430112913        6.1166663289131094E-004
   1.0532462773219167        7.6825017774159829E-004
   1.0575453882867758        9.4194787604938587E-004
   1.0618620472415838        1.1324517334844750E-003
   1.0661963258132321        1.3394466498414213E-003
   1.0705482959209747        1.5626108953435860E-003
   1.0749180297776255        1.8016165784426551E-003
   1.0793055998907541        2.0561301048668008E-003
   1.0837110790638902        2.3258126276953298E-003
   1.0881345403977287        2.6103204882578146E-003
   1.0925760572913470        2.9093056476788394E-003
   1.0970357034434204        3.2224161089076386E-003
   1.1015135528534441        3.5492963290939088E-003
   1.1060096798229635        3.8895876221886286E-003
   1.1105241589568067        4.2429285516678537E-003
   1.1150570651643195        4.6089553132937586E-003
   1.1196084736606120        4.9873021078462370E-003
   1.1241784599678060        5.3776015037724787E-003
   1.1287670999162849        5.7794847897177076E-003
   1.1333744696459565        6.1925823169170198E-003
   1.1380006456075142        6.6165238314396272E-003
   1.1426457045637044        7.0509387962915237E-003
   1.1473097235906025        7.4954567033969580E-003
   1.1519927800788912        7.9497073754877003E-003
   1.1566949517351428        8.4133212579441397E-003
   1.1614163165831117        8.8859297006416635E-003
   1.1661569529650266        9.3671652298656718E-003
   1.1709169395428922        9.8566618103695970E-003
   1.1756963552997917        1.0354055097658126E-002
   1.1804952795412009        1.0858982680588641E-002
   1.1853137918963028        1.1371084314389154E-002
   1.1901519723193061        1.1890002144200999E-002
   1.1950099010907769        1.2415380919260751E-002
   1.1998876588189678        1.2946868197841892E-002
   1.2047853264411541        1.3484114543084576E-002
   1.2097029852249803        1.4026773709845170E-002
   1.2146407167698074        1.4574502822704994E-002
   1.2195986030080641        1.5126962545279968E-002
   1.2245767262066105        1.5683817240980037E-002
   1.2295751689681005        1.6244735125368105E-002
   1.2345940142323542        1.6809388410274857E-002
   1.2396333452777308        1.7377453439826107E-002
   1.2446932457225151        1.7948610818545825E-002
   1.2497737995263021        1.8522545531695987E-002
   1.2548750909913893        1.9098947058020316E-002
   1.2599972047641785        1.9677509475059782E-002
   1.2651402258365791        2.0257931557207925E-002
   1.2703042395474162        2.0839916866676730E-002
   1.2754893315838498        2.1423173837545183E-002
   1.2806955879827961        2.2007415853061828E-002
   1.2859230951323521        2.2592361316373315E-002
   1.2911719397732333        2.3177733714853897E-002
   1.2964422090002106        2.3763261678206193E-002
   1.3017339902635547        2.4348679030506561E-002
   1.3070473713704895        2.4933724836368527E-002
   1.3123824404866489        2.5518143441393755E-002
   1.3177392861375357        2.6101684507081939E-002
   1.3231179972099965        2.6684103040370690E-002
   1.3285186629536925        2.7265159417971235E-002
   1.3339413729825829        2.7844619405669367E-002
   1.3393862172764077        2.8422254172756373E-002
   1.3448532861821869        2.8997840301754806E-002
   1.3503426704157151        2.9571159793600095E-002
   1.3558544610630672        3.0142000068440707E-002
   1.3613887495821120        3.0710153962213431E-002
   1.3669456278040288        3.1275419719151758E-002
   1.3725251879348284        3.1837600980381006E-002
   1.3781275225568879        3.2396506768753025E-002
   1.3837527246304846        3.2951951470070143E-002
   1.3894008874953359        3.3503754810844763E-002
   1.3950721048721533        3.4051741832742448E-002
   1.4007664708641934        3.4595742863847548E-002
   1.4064840799588225        3.5135593486894184E-002
   1.4122250270290799        3.5671134504597940E-002
   1.4179894073352572        3.6202211902224946E-002
   1.4237773165264773        3.6728676807528421E-002
   1.4295888506422783        3.7250385448182863E-002
   1.4354241061142121        3.7767199106843341E-002
   1.4412831797674421        3.8278984073951527E-002
   1.4471661688223481        3.8785611598411568E-002
   1.4530731708961429        3.9286957836253369E-002
   1.4590042840044910        3.9782903797397531E-002
   1.4649596065631323        4.0273335290636342E-002
   1.4709392373895191        4.0758142866939615E-002
   1.4769432757044543        4.1237221761192697E-002
   1.4829718211337348        4.1710471832470057E-002
   1.4890249737098105        4.2177797502947798E-002
   1.4951028338734396        4.2639107695551147E-002
   1.5012055024753554        4.3094315770434932E-002
   1.5073330807779428        4.3543339460389248E-002
   1.5134856704569155        4.3986100805261011E-002
   1.5196633736030056        4.4422526085478281E-002
   1.5258662927236537        4.4852545754764342E-002
   1.5320945307447145        4.5276094372121919E-002
   1.5383481910121630        4.5693110533168282E-002
   1.5446273772938062        4.6103536800898418E-002
   1.5509321937810101        4.6507319635951117E-002
   1.5572627450904259        4.6904409326449681E-002
   1.5636191362657244        4.7294759917486773E-002
   1.5700014727793419        4.7678329140321551E-002
   1.5764098605342303        4.8055078341353211E-002
   1.5828444058656099        4.8424972410932875E-002
   1.5893052155427401        4.8787979712075748E-002
   1.5957923967706868        4.9144072009128653E-002
   1.6023060571921037        4.9493224396451749E-002
   1.6088463048890147        4.9835415227164469E-002
   1.6154132483846122        5.0170626042010023E-002
   1.6220069966450557        5.0498841498384808E-002
   1.6286276590812767        5.0820049299581602E-002
   1.6352753455508005        5.1134240124291110E-002
   1.6419501663595648        5.1441407556404001E-002
   1.6486522322637496        5.1741548015155597E-002
   1.6553816544716176        5.2034660685651379E-002
   1.6621385446453594        5.2320747449811952E-002
   1.6689230149029417        5.2599812817770521E-002
   1.6757351778199741        5.2871863859759671E-002
   1.6825751464315746        5.3136910138516971E-002
   1.6894430342342412        5.3394963642240140E-002
   1.6963389551877424        5.3646038718121743E-002
   1.7032630237170037        5.3890152006488640E-002
   1.7102153547140044        5.4127322375573189E-002
   1.7171960635396897        5.4357570856938681E-002
   1.7242052660258809        5.4580920581583203E-002
   1.7312430784771990        5.4797396716741484E-002
   1.7383096176729915        5.5007026403405504E-002
   1.7454050008692747        5.5209838694580779E-002
   1.7525293458006783        5.5405864494298171E-002
   1.7596827706823941        5.5595136497393088E-002
   1.7668653942121444        5.5777689130069932E-002
   1.7740773355721486        5.5953558491263586E-002
   1.7813187144310982        5.6122782294810332E-002
   1.7885896509461472        5.6285399812439546E-002
   1.7958902657649043        5.6441451817596293E-002
   1.8032206800274309        5.6590980530102801E-002
   1.8105810153682576        5.6734029561668536E-002
   1.8179713939183981        5.6870643862254530E-002
   1.8253919383073787        5.7000869667298372E-002
   1.8328427716652678        5.7124754445805170E-002
   1.8403240176247260        5.7242346849309109E-002
   1.8478358003230537        5.7353696661708309E-002
   1.8553782444042495        5.7458854749976626E-002
   1.8629514750210820        5.7557873015753366E-002
   1.8705556178371661        5.7650804347813264E-002
   1.8781907990290427        5.7737702575415550E-002
   1.8858571452882809        5.7818622422534133E-002
   1.8935547838235744        5.7893619462965590E-002
   1.9012838423628520        5.7962750076315649E-002
   1.9090444491554013        5.8026071404860699E-002
   1.9168367329739937        5.8083641311282380E-002
   1.9246608231170197        5.8135518337271735E-002
   1.9325168494106386        5.8181761662999668E-002
   1.9404049422109304        5.8222431067448940E-002
   1.9483252324060565        5.8257586889603349E-002
   1.9562778514184365        5.8287289990489738E-002
   1.9642629312069249        5.8311601716065149E-002
   1.9722806042690040        5.8330583860946750E-002
   1.9803310036429771        5.8344298632974134E-002
   1.9884142629101824        5.8352808618600295E-002
   1.9965305161972071        5.8356176749104080E-002
   2.0046798981781091        5.8354466267614480E-002
   2.0128625440766581        5.8347740696942436E-002
   2.0210785896685763        5.8336063808209632E-002
   2.0293281712837890        5.8319499590267512E-002
   2.0376114258086915        5.8298112219897849E-002
   2.0459284906884188        5.8271966032785991E-002
   2.0542795039291217        5.8241125495258173E-002
   2.0626646041002639        5.8205655176774410E-002
   2.0710839303369175        5.8165619723166265E-002
   2.0795376223420732        5.8121083830612000E-002
   2.0880258203889532        5.8072112220338028E-002
   2.0965486653233478        5.8018769614038339E-002
   2.1051062985659468        5.7961120710000695E-002
   2.1136988621146831        5.7899230159931064E-002
   2.1223264985470975        5.7833162546465450E-002
   2.1309893510226989        5.7762982361359572E-002
   2.1396875632853374        5.7688753984345406E-002
   2.1484212796655959        5.7610541662645516E-002
   2.1571906450831819        5.7528409491133983E-002
   2.1659958050493291        5.7442421393134400E-002
   2.1748369056692178        5.7352641101843203E-002
   2.1837140936443968        5.7259132142369912E-002
   2.1926275162752127        5.7161957814382262E-002
   2.2015773214632635        5.7061181175346615E-002
   2.2105636577138457        5.6956865024352807E-002
   2.2195866741384194        5.6849071886513697E-002
   2.2286465204570853        5.6737863997928101E-002
   2.2377433470010675        5.6623303291197601E-002
   2.2468773047152077        5.6505451381486292E-002
   2.2560485451604677        5.6384369553113795E-002
   2.2652572205164492        5.6260118746670432E-002
   2.2745034835839171        5.6132759546644866E-002
   2.2837874877873303        5.6002352169554584E-002
   2.2931093871773944        5.5868956452567564E-002
   2.3024693364336155        5.5732631842606850E-002
   2.3118674908668622        5.5593437385927105E-002
   2.3213040064219506        5.5451431718152949E-002
   2.3307790396802273        5.5306673054860943E-002
   2.3402927478621649        5.5159219182162406E-002
   2.3498452888299783        5.5009127448580025E-002
   2.3594368210902377        5.4856454756508244E-002
   2.3690675037965030        5.4701257554497618E-002
   2.3787374967519588        5.4543591829863181E-002
   2.3884469604120731        5.4383513101688555E-002
   2.3981960558872570        5.4221076414216127E-002
   2.4079849449455333        5.4056336330613616E-002
   2.4178137900152290        5.3889346927109477E-002
   2.4276827541876669        5.3720161787486745E-002
   2.4375920012198664        5.3548833997927273E-002
   2.4475416955372706        5.3375416142198193E-002
   2.4575320022364697        5.3199960297170751E-002
   2.4675630870879357        5.3022518028664117E-002
   2.4776351165387829        5.2843140387605653E-002
   2.4877482577155234        5.2661877906499011E-002
   2.4979026784268394        5.2478780596192702E-002
   2.5080985471663721        5.2293897942939850E-002
   2.5183360331155162        5.2107278905743050E-002
   2.5286153061462220        5.1918971913975279E-002
   2.5389365368238228        5.1729024865269285E-002
   2.5492998964098588        5.1537485123668583E-002
   2.5597055568649218        5.1344399518032456E-002
   2.5701536908515048        5.1149814340687397E-002
   2.5806444717368717        5.0953775346317745E-002
   2.5911780735959340        5.0756327751089403E-002
   2.6017546712141315        5.0557516231998487E-002
   2.6123744400903441        5.0357384926439014E-002
   2.6230375564397970        5.0155977431982565E-002
   2.6337441971969815        4.9953336806363546E-002
   2.6444945400185995        4.9749505567663360E-002
   2.6552887632865070        4.9544525694687203E-002
   2.6661270461106703        4.9338438627528076E-002
   2.6770095683321458        4.9131285268310218E-002
   2.6879365105260575        4.8923105982108250E-002
   2.6989080540045989        4.8713940598033481E-002
   2.7099243808200328        4.8503828410484798E-002
   2.7209856737677236        4.8292808180555334E-002
   2.7320921163891634        4.8080918137591765E-002
   2.7432438929750149        4.7868195980899683E-002
   2.7544411885681774        4.7654678881590293E-002
   2.7656841889668535        4.7440403484562424E-002
   2.7769730807276272        4.7225405910615817E-002
   2.7883080511685678        4.7009721758690504E-002
   2.7996892883723348        4.6793386108226295E-002
   2.8111169811892935        4.6576433521639600E-002
   2.8225913192406575        4.6358898046910964E-002
   2.8341124929216317        4.6140813220279978E-002
   2.8456806934045655        4.5922212069043275E-002
   2.8572961126421350        4.5703127114449613E-002
   2.8689589433705232        4.5483590374690519E-002
   2.8806693791126143        4.5263633367979603E-002
   2.8924276141812122        4.5043287115717895E-002
   2.9042338436822610        4.4822582145742182E-002
   2.9160882635180831        4.4601548495649498E-002
   2.9279910703906258        4.4380215716197796E-002
   2.9399424618047334        4.4158612874775564E-002
   2.9519426360714194        4.3936768558940076E-002
   2.9639917923111532        4.3714710880017757E-002
   2.9760901304571732        4.3492467476765537E-002
   2.9882378512587997        4.3270065519088748E-002
   3.0004351562847607        4.3047531711812456E-002
   3.0126822479265480        4.2824892298503663E-002
   3.0249793294017673        4.2602173065340442E-002
   3.0373266047575087        4.2379399345025964E-002
   3.0497242788737404        4.2156596020743314E-002
   3.0621725574667020        4.1933787530149355E-002
   3.0746716470923223        4.1710997869404950E-002
   3.0872217551496384        4.1488250597237625E-002
   3.0998230898842483        4.1265568839035316E-002
   3.1124758603917613        4.1042975290968148E-002
   3.1251802766212617        4.0820492224136001E-002
   3.1379365493788032        4.0598141488739310E-002
   3.1507448903309023        4.0375944518270368E-002
   3.1636055120080444        4.0153922333724432E-002
   3.1765186278082207        3.9932095547826153E-002
   3.1894844520004644        3.9710484369271354E-002
   3.2025031997284015        3.9489108606980829E-002
   3.2155750870138298        3.9267987674364208E-002
   3.2287003307602982        3.9047140593593439E-002
   3.2418791487567020        3.8826585999881279E-002
   3.2551117596809069        3.8606342145765998E-002
   3.2683983831033703        3.8386426905398188E-002
   3.2817392394907818        3.8166857778829708E-002
   3.2951345502097307        3.7947651896301816E-002
   3.3085845375303724        3.7728826022531331E-002
   3.3220894246301196        3.7510396560994384E-002
   3.3356494355973410        3.7292379558204164E-002
   3.3492647954350852        3.7074790707983099E-002
   3.3629357300648142        3.6857645355727157E-002
   3.3766624663301439        3.6640958502661122E-002
   3.3904452320006189        3.6424744810083919E-002
   3.4042842557754875        3.6209018603602212E-002
   3.4181797672874907        3.5993793877351396E-002
   3.4321319971066844        3.5779084298202743E-002
   3.4461411767442565        3.5564903209955617E-002
   3.4602075386563675        3.5351263637514105E-002
   3.4743313162480152        3.5138178291046186E-002
   3.4885127438769019        3.4925659570125181E-002
   3.5027520568573265        3.4713719567852262E-002
   3.5170494914640815        3.4502370074959578E-002
   3.5314052849363842        3.4291622583892151E-002
   3.5458196754818094        3.4081488292868438E-002
   3.5602929022802345        3.3871978109919015E-002
   3.5748252054878202        3.3663102656902588E-002
   3.5894168262409902        3.3454872273496951E-002
   3.6040680066604258        3.3247297021166911E-002
   3.6187789898550959        3.3040386687106633E-002
   3.6335500199262847        3.2834150788156415E-002
   3.6483813419716364        3.2628598574693378E-002
   3.6632732020892336        3.2423739034494706E-002
   3.6782258473816740        3.2219580896574722E-002
   3.6932395259601685        3.2016132634992978E-002
   3.7083144869486642        3.1813402472634741E-002
   3.7234509804879772        3.1611398384962644E-002
   3.7386492577399353        3.1410128103738860E-002
   3.7539095708915569        3.1209599120718155E-002
   3.7692321731592284        3.1009818691310476E-002
   3.7846173187929102        3.0810793838213734E-002
   3.8000652630803460        3.0612531355016032E-002
   3.8155762623513128        3.0415037809766371E-002
   3.8311505739818670        3.0218319548514977E-002
   3.8467884563986092        3.0022382698821244E-002
   3.8624901690829847        2.9827233173231077E-002
   3.8782559725755825        2.9632876672721568E-002
   3.8940861284804527        2.9439318690113864E-002
   3.9099808994694594        2.9246564513453609E-002
   3.9259405492866346        2.9054619229358966E-002
   3.9419653427525452        2.8863487726336606E-002
   3.9580555457687030        2.8673174698063998E-002
   3.9742114253219660        2.8483684646639685E-002
   3.9904332494889743        2.8295021885800242E-002
   4.0067212874405893        2.8107190544104814E-002
   4.0230758094463717        2.7920194568085491E-002
   4.0394970868790629        2.7734037725365878E-002
   4.0559853922190783        2.7548723607745754E-002
   4.0725409990590427        2.7364255634252571E-002
   4.0891641821083224        2.7180637054160385E-002
   4.1058552171975808        2.6997870950011094E-002
   4.1226143812833644        2.6815960240424971E-002
   4.1394419524526915        2.6634907683228161E-002
   4.1563382099276636        2.6454715878203180E-002
   4.1733034340701094        2.6275387269974110E-002
   4.1903379063862296        2.6096924150827913E-002
   4.2074419095312638        2.5919328663501107E-002
   4.2246157273141920        2.5742602803934277E-002
   4.2418596447024361        2.5566748423993438E-002
   4.2591739478265858        2.5391767234160152E-002
   4.2765589239851547        2.5217660806186943E-002
   4.2940148616493437        2.5044430575722233E-002
   4.3115420504678283        2.4872077844902290E-002
   4.3291407812715565        2.4700603784910818E-002
   4.3468113460785895        2.4530009438507097E-002
   4.3645540380989400        2.4360295722521842E-002
   4.3823691517394279        2.4191463430321629E-002
   4.4002569826085844        2.4023513234241931E-002
   4.4182178275215458        2.3856445687988163E-002
   4.4362519845049730        2.3690261228998338E-002
   4.4543597528020111        2.3524960180815020E-002
   4.4725414328772475        2.3360542755344195E-002
   4.4907973264216903        2.3197009055166504E-002
   4.5091277363577875        2.3034359075776323E-002
   4.5275329668444471        2.2872592707798747E-002
   4.5460133232820850        2.2711709739177313E-002
   4.5645691123176864        2.2551709857330824E-002
   4.5832006418499045        2.2392592651281268E-002
   4.6019082210341660        2.2234357613752379E-002
   4.6206921602877928        2.2077004143238446E-002
   4.6395527712951647        2.1920531546044952E-002
   4.6584903670128890        2.1764939038299569E-002
   4.6775052616749795        2.1610225747935408E-002
   4.6965977707980926        2.1456390716645981E-002
   4.7157682111867478        2.1303432901811116E-002
   4.7350169009385850        2.1151351178396581E-002
   4.7543441594496505        2.1000144340824874E-002
   4.7737503074196939        2.0849811104819239E-002
   4.7932356668574805        2.0700350109220816E-002
   4.8128005610861475        2.0551759917778079E-002
   4.8324453147485658        2.0404039020910734E-002
   4.8521702538127149        2.0257185837446658E-002
   4.8719757055771122        2.0111198716332448E-002
   4.8918619986762248        1.9966075938318849E-002
   4.9118294630859394        1.9821815717620289E-002
   4.9318784301290162        1.9678416203548477E-002
   4.9520092324806102        1.9535875482121701E-002
   4.9722222041737796        1.9394191577648934E-002
   4.9925176806050207        1.9253362454289203E-002
   5.0128959985398502        1.9113386017586508E-002
   5.0333574961183860        1.8974260115981294E-002
   5.0539025128609465        1.8835982542297153E-002
   5.0745313896737043        1.8698551035204736E-002
   5.0952444688543324        1.8561963280661471E-002
   5.1160420940976774        1.8426216913329661E-002
   5.1369246105014765        1.8291309517968167E-002
   5.1578923645720769        1.8157238630807697E-002
   5.1789457042301867        1.8024001740897626E-002
   5.2000849788166388        1.7891596291433678E-002
   5.2213105390982024        1.7760019681063683E-002
   5.2426227372734004        1.7629269265170808E-002
   5.2640219269783390        1.7499342357136339E-002
   5.2855084632925946        1.7370236229580758E-002
   5.3070827027450962        1.7241948115584441E-002
   5.3287450033200381        1.7114475209887157E-002
   5.3504957244628288        1.6987814670067946E-002
   5.3723352270860527        1.6861963617704256E-002
   5.3942638735754480        1.6736919139511343E-002
   5.4162820277959387        1.6612678288462430E-002
   5.4383900550976607        1.6489238084888919E-002
   5.4605883223220175        1.6366595517561890E-002
   5.4828771978077846        1.6244747544754461E-002
   5.5052570513972130        1.6123691095285452E-002
   5.5277282544421542        1.6003423069544796E-002
   5.5502911798102446        1.5883940340500422E-002
   5.5729462018910780        1.5765239754687813E-002
   5.5956936966024218        1.5647318133180804E-002
   5.6185340413964466        1.5530172272545932E-002
   5.6414676152660075        1.5413798945778845E-002
   5.6644947987509173        1.5298194903223771E-002
   5.6876159739442613        1.5183356873476300E-002
   5.7108315244987482        1.5069281564269494E-002
   5.7341418356330687        1.4955965663343469E-002
   5.7575472941382806        1.4843405839299157E-002
   5.7810482883842447        1.4731598742435736E-002
   5.8046452083260549        1.4620541005572462E-002
   5.8283384455105089        1.4510229244855240E-002
   5.8521283930826149        1.4400660060547512E-002
   5.8760154457921070        1.4291830037806156E-002
