  0.10000000000000001       0.25646664090818194     
  0.10040817718110437       0.34381550415422168     
  0.10081802044832047       0.43214452639722301     
  0.10122953660223166       0.51539743623818979     
  0.10164273247117964       0.58795474637162426     
  0.10205761491137796       0.64500663198950225     
  0.10247419080702558       0.68285942673108269     
  0.10289246707042120       0.69915762250320823     
  0.10331245064207799       0.69300979001602925     
  0.10373414849083867       0.66501379006634198     
  0.10415756761399117       0.61718352898852091     
  0.10458271503738485       0.55278587171232685     
  0.10500959781554686       0.47610177527695230     
  0.10543822303179938       0.39212994420355596     
  0.10586859779837712       0.30625413670657453     
  0.10630072925654524       0.22389657274153096     
  0.10673462457671801       0.15017972032859139     
  0.10717029095857759        8.9617169459502710E-002
  0.10760773563119364        4.5851528253455835E-002
  0.10804696585314330        2.1453542016019345E-002
  0.10848798891263144        1.7792233211156416E-002
  0.10893081212761184        3.4981100973581536E-002
  0.10937544284590843        7.1900614754199399E-002
  0.10982188844533726       0.12629268107461467     
  0.11027015633382903       0.19491871280353479     
  0.11072025394955184       0.27376959618591146     
  0.11117218876103470       0.35831338422348491     
  0.11162596826729153       0.44376503626303532     
  0.11208159999794542       0.52536200072841066     
  0.11253909151335369       0.59862986953103969     
  0.11299845040473337       0.65962363465316298     
  0.11345968429428700       0.70513212164955019     
  0.11392280083532935       0.73283580009454186     
  0.11438780771241415       0.74141119458972771     
  0.11485471264146174       0.73057834962886292     
  0.11532352336988719       0.70109104717122239     
  0.11579424767672861       0.65467255939980196     
  0.11626689337277650       0.59390248428660075     
  0.11674146830070313       0.52206252988396340     
  0.11721798033519278       0.44295088930849991     
  0.11769643738307244       0.36067602234640250     
  0.11817684738344295       0.27944120766500280     
  0.11865921830781066       0.20333116244183991     
  0.11914355816021997       0.13611138577023829     
  0.11962987497738581        8.1049737086387630E-002
  0.12011817682882717        4.0768200760471163E-002
  0.12060847181700105        1.7130917394964418E-002
  0.12110076807743671        1.1172494114321752E-002
  0.12159507377887094        2.3068455040157088E-002
  0.12209139712338332        5.2147570123867060E-002
  0.12258974634653247        9.6943807302859453E-002
  0.12309012971749274       0.15528387783080722     
  0.12359255553919130       0.22440485911744679     
  0.12409703214844603       0.30109523606104882     
  0.12460356791610375       0.38185193320633815     
  0.12511217124717913       0.46304552861799597     
  0.12562285058099434       0.54108583955068457     
  0.12613561439131882       0.61258042595485973     
  0.12665047118650996       0.67447923187984737     
  0.12716742950965446       0.72419952632734230     
  0.12768649793870987       0.75972645483951862     
  0.12820768508664696       0.77968580658999354     
  0.12873099960159279       0.78338697257270962     
  0.12925645016697404       0.77083545346652083     
  0.12978404550166117       0.74271560974515982     
  0.13031379436011306       0.70034557689926258     
  0.13084570553252231       0.64560734888842819     
  0.13137978784496107       0.58085592652797025     
  0.13191605015952751       0.50881210838436064     
  0.13245450137449291       0.43244395472156327     
  0.13299515042444918       0.35484217560085551     
  0.13353800628045717       0.27909468791891534     
  0.13408307795019572       0.20816536753594828     
  0.13463037447811083       0.14478161397725731     
  0.13517990494556581        9.1334774970364130E-002
  0.13573167847099218        4.9796779335609220E-002
  0.13628570421004074        2.1655535358547473E-002
  0.13684199135573349        7.8708047900475329E-003
  0.13740054913861643        8.8513966924168609E-003
  0.13796138682691236        2.4453675288605536E-002
  0.13852451372667493        5.4000573518069188E-002
  0.13908993918194296        9.6319576819663966E-002
  0.13965767257489561       0.14979751257017093     
  0.14022772332600780       0.21244946707966739     
  0.14080010089420669       0.28199876595186879     
  0.14137481477702879       0.35596470120490276     
  0.14195187451077720       0.43175457064352030     
  0.14253128967068007       0.50675660736970629     
  0.14311306987104958       0.57843051132555989     
  0.14369722476544117       0.64439253787303508     
  0.14428376404681392       0.70249243506306169     
  0.14487269744769149       0.75087993360746363     
  0.14546403474032335       0.78805896238138251     
  0.14605778573684705       0.81292826765487614     
  0.14665396028945119       0.82480763640687904     
  0.14725256829053859       0.82344944405158749     
  0.14785361967289068       0.80903574715695270     
  0.14845712440983222       0.78216160662328293     
  0.14906309251539690       0.74380574298776470     
  0.14967153404449324       0.69528998228218253     
  0.15028245909307170       0.63822924019845484     
  0.15089587779829214       0.57447400901776302     
  0.15151180033869191       0.50604745340245305     
  0.15213023693435482       0.43507928793117667     
  0.15275119784708088       0.36373860379140421     
  0.15337469338055626       0.29416773908563587     
  0.15400073388052446       0.22841915333821095     
  0.15462932973495802       0.16839708005728915     
  0.15526049137423079       0.11580550075582086     
  0.15589422927129087        7.2103719532115806E-002
  0.15653055394183482        3.8470529373899165E-002
  0.15716947594448166        1.5777660004230972E-002
  0.15781100588094832        4.5728922448835529E-003
  0.15845515439622559        5.0729248513515790E-003
  0.15910193217875471        1.7165795056091282E-002
  0.15975134996060453        4.0422391100831567E-002
  0.16040341851764989        7.4116360128858472E-002
  0.16105814866975027       0.11725151295937131     
  0.16171555128092935       0.16859566217285227     
  0.16237563725955523       0.22671970396761987     
  0.16303841755852153       0.29004066847806942     
  0.16370390317542910       0.35686741752597440     
  0.16437210515276834       0.42544766183448413     
  0.16504303457810285       0.49401499929606141     
  0.16571670258425286       0.56083473881782564     
  0.16639312034948034       0.62424736673620784     
  0.16707229909767446       0.68270863041921448     
  0.16775425009853762       0.73482535170692953     
  0.16843898466777257       0.77938623630692150     
  0.16912651416727026       0.81538710912852175     
  0.16981685000529834       0.84205017485105083     
  0.17051000363669019       0.85883707302854950     
  0.17120598656303537       0.86545566330365731     
  0.17190481033287031       0.86186063481665909     
  0.17260648654186983       0.84824818111585332     
  0.17331102683303970       0.82504511480762854     
  0.17401844289690985       0.79289291241013093     
  0.17472874647172817       0.75262727756907055     
  0.17544194934365545       0.70525388872831252     
  0.17615806334696094       0.65192105487252605     
  0.17687710036421864       0.59389003997674017     
  0.17759907232650440       0.53250383372103638     
  0.17832399121359424       0.46915514373368050     
  0.17905186905416270       0.40525436439009754     
  0.17978271792598266       0.34219824063877902     
  0.18051654995612570       0.28133989434232187     
  0.18125337732116351       0.22396081731597350     
  0.18199321224736950       0.17124536185953276     
  0.18273606701092207       0.12425817843298137     
  0.18348195393810826        8.3924963557558074E-002
  0.18423088540552804        5.1016791327400890E-002
  0.18498287384029991        2.6138211297692344E-002
  0.18573793172026712        9.7192060437432115E-003
  0.18649607157420448        2.0110152582151213E-003
  0.18725730598202642        3.0857515671751587E-003
  0.18802164757499584        1.2839657770265748E-002
  0.18878910903593346        3.0999787175284066E-002
  0.18955970309942835        5.7133829083874321E-002
  0.19033344255204943        9.0662751020696208E-002
  0.19111034023255730       0.13087588846325793     
  0.19189040903211749       0.17694808186387811     
  0.19267366189451438       0.22795843967209894     
  0.19346011181636599       0.28291029467029094     
  0.19424977184733941       0.34075191884255651     
  0.19504265509036750       0.40039756865688392     
  0.19583877470186650       0.46074844736163756     
  0.19663814389195391       0.52071319287065965     
  0.19744077592466802       0.57922752814053413     
  0.19824668411818794       0.63527274466295802     
  0.19905588184505443       0.68789272780552824     
  0.19986838253239200       0.73620927421273141     
  0.20068419966213161       0.77943549531485601     
  0.20150334677123438       0.81688714619547376     
  0.20232583745191612       0.84799176469421933     
  0.20315168535187320       0.87229555078358523     
  0.20398090417450848       0.88946796014176410     
  0.20481350767915915       0.89930402771455809     
  0.20564950968132489       0.90172447627502805     
  0.20648892405289709       0.89677370100133380     
  0.20733176472238896       0.88461575345150567     
  0.20817804567516671       0.86552847666795651     
  0.20902778095368180       0.83989596724215021     
  0.20988098465770355       0.80819955985406433     
  0.21073767094455342       0.77100754500573898     
  0.21159785402933992       0.72896384141275439     
  0.21246154818519422       0.68277585089876014     
  0.21332876774350720       0.63320172582432366     
  0.21419952709416737       0.58103727730205279     
  0.21507384068579924       0.52710274698740156     
  0.21595172302600341       0.47222965641621206     
  0.21683318868159726       0.41724793604637633     
  0.21771825227885655       0.36297352174007624     
  0.21860692850375804       0.31019658979785492     
  0.21949923210222347       0.25967058323993752     
  0.22039517788036408       0.21210216223716405     
  0.22129478070472614       0.16814219083030979     
  0.22219805550253774       0.12837785073806685     
  0.22310501726195672        9.3325951516497474E-002
  0.22401568103231900        6.3427484949010848E-002
  0.22493006192438844        3.9043450642283539E-002
  0.22584817511060773        2.0451959674540169E-002
  0.22677003582534988        7.8466040507791882E-003
  0.22769565936517111        1.3360618915423334E-003
  0.22862506108906488        9.4489190958291236E-004
  0.22955825641871638        6.6154559670701385E-003
  0.23049526083875860        1.8210895474492391E-002
  0.23143608989702943        3.5519076175527742E-002
  0.23238075920482931        5.8257406510444421E-002
  0.23332928443718048        8.6078427283434178E-002
  0.23428168133308711       0.11857606476551763     
  0.23523796569579644       0.15529243560662376     
  0.23619815339306083       0.19572508994555249     
  0.23716226035740115       0.23933457881045339     
  0.23813030258637141       0.28555223319210610     
  0.23910229614282377       0.33378804492901226     
  0.24007825715517533       0.38343854363518637     
  0.24105820181767584       0.43389456918710401     
  0.24204214639067612       0.48454884561684741     
  0.24303010720089804       0.53480326948127133     
  0.24402210064170560       0.58407583373683236     
  0.24501814317337661       0.63180711669307066     
  0.24601825132337590       0.67746627459210718     
  0.24702244168662996       0.72055648562164154     
  0.24803073092580163       0.76061980257257922     
  0.24904313577156709       0.79724138076898476     
  0.25005967302289334       0.83005305720249600     
  0.25108035954731700       0.85873626588363372     
  0.25210521228122396       0.88302428317537052     
  0.25313424823013059       0.90270380520968330     
  0.25416748446896609       0.91761586732593559     
  0.25520493814235545       0.92765612274430520     
  0.25624662646490398       0.93277450434263165     
  0.25729256672148348       0.93297429939788834     
  0.25834277626751834       0.92831067245212573     
  0.25939727252927380       0.91888867604634628     
  0.26045607300414547       0.90486079292399668     
  0.26151919526094891       0.88642405643800282     
  0.26258665694021183       0.86381679830992086     
  0.26365847575446660       0.83731507460367860     
  0.26473466948854396       0.80722882181333211     
  0.26581525599986822       0.77389779535525705     
  0.26690025321875377       0.73768734253627288     
  0.26798967914870253       0.69898406128147739     
  0.26908355186670235       0.65819139459420395     
  0.27018188952352734       0.61572520893305516     
  0.27128471034403900       0.57200940247864107     
  0.27239203262748851       0.52747158667576044     
  0.27350387474782023       0.48253888152946889     
  0.27462025515397709       0.43763386195660414     
  0.27574119237020622       0.39317068910125241     
  0.27686670499636645       0.34955145696317891     
  0.27799681170823720       0.30716278101174366     
  0.27913153125782791       0.26637265171170288     
  0.28027088247368953       0.22752757211553076     
  0.28141488426122702       0.19094999492135201     
  0.28256355560301261       0.15693607069533044     
  0.28371691555910122       0.12575371534688995     
  0.28487498326734656        9.7641001457320908E-002
  0.28603777794371876        7.2804874724858859E-002
  0.28720531888262307        5.1420193627321531E-002
  0.28837762545721990        3.3629087437958116E-002
  0.28955471711974690        1.9540624979215829E-002
  0.29073661340184104        9.2307839765182250E-003
  0.29192333391486291        2.7427085909782459E-003
  0.29311489835022253        8.7240673818933469E-005
  0.29431132647970543        1.2437085006814508E-003
  0.29551263815580109        6.1609552124901601E-003
  0.29671885331203263        1.4758587910466917E-002
  0.29792999196328690        2.6928427322314260E-002
  0.29914607420614708        4.2536137169238764E-002
  0.30036712021922612        6.1423011811113204E-002
  0.30159315026350136        8.3407900420777614E-002
  0.30282418468265071       0.10828924582643606     
  0.30406024390339059       0.13584721625161078     
  0.30530134843581452       0.16584590846102976     
  0.30654751887373349       0.19803560127424435     
  0.30779877589501764       0.23215503902130452     
  0.30905514026193970       0.26793372527108295     
  0.31031663282151906       0.30509420804681431     
  0.31158327450586787       0.34335433873961019     
  0.31285508633253861       0.38242948802250287     
  0.31413208940487242       0.42203470324015135     
  0.31541430491234945       0.46188679298658919     
  0.31670175413094059       0.50170632587102304     
  0.31799445842346041       0.54121953179508986     
  0.31929243923992134       0.58016009541036873     
  0.32059571811789023       0.61827083278017247     
  0.32190431668284508       0.65530524362120257     
  0.32321825664853443       0.69102893283906330     
  0.32453755981733712       0.72522089638493115     
  0.32586224808062436       0.75767466774048031     
  0.32719234341912323       0.78819932257555603     
  0.32852786790328065       0.81662034031054120     
  0.32986884369363056       0.84278032244654222     
  0.33121529304116082       0.86653956859517867     
  0.33256723828768275       0.88777651214211972     
  0.33392470186620210       0.90638801840943739     
  0.33528770630129073       0.92228954903961125     
  0.33665627420946076       0.93541519710545007     
  0.33803042829953994       0.94571759815438561     
  0.33941019137304806       0.95316772302180242     
  0.34079558632457546       0.95775455879605453     
  0.34218663614216327       0.95948468478852311     
  0.34358336390768413       0.95838175075646737     
  0.34498579279722608       0.95448586494636667     
  0.34639394608147639       0.94785289977310061     
  0.34780784712610791       0.93855372312831065     
  0.34922751939216706       0.92667336342261142     
  0.35065298643646264       0.91231011651434746     
  0.35208427191195729       0.89557460266568767     
  0.35352139956815942       0.87658878159920062     
  0.35496439325151735       0.85548493360812361     
  0.35641327690581565       0.83240461450578129     
  0.35786807457257153       0.80749759198817073     
  0.35932881039143427       0.78092077073251531     
  0.36079550860058590       0.75283711326822123     
  0.36226819353714296       0.72341456333913179     
  0.36374688963756052       0.69282497813136845     
  0.36523162143803800       0.66124307537360028     
  0.36672241357492547       0.62884540093016261     
  0.36821929078513355       0.59580932210572057     
  0.36972227790654283       0.56231205146726349     
  0.37123139987841652       0.52852970556794054     
  0.37274668174181458       0.49463640253165264     
  0.37426814864000829       0.46080340203010395     
  0.37579582581889864       0.42719829075798044     
  0.37732973862743413       0.39398421609051770     
  0.37886991251803198       0.36131917019238280     
  0.38041637304700071       0.32935532644091214     
  0.38196914587496344       0.29823842963155511     
  0.38352825676728425       0.26810724105114792     
  0.38509373159449567       0.23909303913715030     
  0.38666559633272773       0.21131917608912720     
  0.38824387706413899       0.18490069046442903     
  0.38982859997734975       0.15994397547386308     
  0.39141979136787586       0.13654650239602839     
  0.39301747763856587       0.11479659825176558     
  0.39462168530003849        9.4773276623229985E-002
  0.39623244097112265        7.6546120265663542E-002
  0.39784977137929967        6.0175213944384076E-002
  0.39947370336114574        4.5711125734840152E-002
  0.40110426386277853        3.3194934849401392E-002
  0.40274147994030307        2.2658303901162524E-002
  0.40438537876026137        1.4123593381510697E-002
  0.40603598760008325        7.6040160146073638E-003
  0.40769333384853856        3.1038285573929984E-003
  0.40935744500619187        6.1855853769754443E-004
  0.41102834868585908        1.3526336501512329E-004
  0.41270607261306486        1.6328192073994385E-003
  0.41439064462650332        5.0822370032862496E-003
  0.41608209267850005        1.0447002967731045E-002
  0.41778044483547516        1.7683440957856903E-002
  0.41948572927840988        2.6741094081219052E-002
  0.42119797430331363        3.7563122962416484E-002
  0.42291720832169355        5.0086718126672092E-002
  0.42464345986102636        6.4243524013289810E-002
  0.42637675756523108        7.9960072195907839E-002
  0.42811713019514508        9.7158221459495375E-002
  0.42986460662900056       0.11575560246478955     
  0.43161921586290408       0.13566606481905041     
  0.43338098701131811       0.15680012446592317     
  0.43514994930754325       0.17906540940670035     
  0.43692613210420378       0.20236710186915285     
  0.43870956487373508       0.22660837514739962     
  0.44050027720887197       0.25169082344672311     
  0.44229829882313998       0.27751488317961881     
  0.44410365955134889       0.30398024427306303     
  0.44591638935008682       0.33098625016159011     
  0.44773651829821842       0.35843228525538917     
  0.44956407659738296       0.38621814878662453     
  0.45139909457249600       0.41424441405048684     
  0.45324160267225266       0.44241277216885300     
  0.45509163146963244       0.47062635961402477     
  0.45694921166240710       0.49879006883732435     
  0.45881437407364939       0.52681084145133839     
  0.46068714965224478       0.55459794351615654     
  0.46256756947340538       0.58206322257739429     
  0.46445566473918498       0.60912134619806502     
  0.46635146677899686       0.63569002181626044     
  0.46825500705013429       0.66169019784678740     
  0.47016631713829160       0.68704624602638797     
  0.47208542875808879       0.71168612507955531     
  0.47401237375359806       0.73554152585467736     
  0.47594718409887132       0.75854799814833207     
  0.47788989189847175       0.78064505949921847     
  0.47984052938800570       0.80177628629194597     
  0.48179912893465782       0.82188938756531338     
  0.48376572303772875       0.84093626196921722     
  0.48574034432917323       0.85887303835952122     
  0.48772302557414277       0.87566010056082288     
  0.48971379967152823       0.89126209686320701     
  0.49171269965450648       0.90564793485105732     
  0.49371975869108847       0.91879076218967382     
  0.49573501008466908       0.93066793401919279     
  0.49775848727458005       0.94126096762495270     
  0.49979022383664523       0.95055548506956344     
  0.50183025348373689       0.95854114448418726     
  0.50387861006633561       0.96521156072556624     
  0.50593532757309234       0.97056421611085975     
  0.50800044013139123       0.97460036194495103     
  0.51007398200791731       0.97732491155440115     
  0.51215598760922409       0.97874632553905483     
  0.51424649148230461       0.97887648994652221     
  0.51634552831516523       0.97773058806655821     
  0.51845313293740036       0.97532696653193196     
  0.52056934032077162       0.97168699639989664     
  0.52269418557978653       0.96683492987398978     
  0.52482770397228251       0.96079775330979200     
  0.52696993090001132       0.95360503713064226     
  0.52912090190922667       0.94528878326025645     
  0.53128065269127367       0.93588327065893950     
  0.53344921908318188       0.92542489952873508     
  0.53562663706825886       0.91395203473057363     
  0.53781294277668812       0.90150484893341998     
  0.54000817248612853       0.88812516599171765     
  0.54221236262231554       0.87385630502316047     
  0.54442554975966673       0.85874292563418253     
  0.54664777062188774       0.84283087471570128     
  0.54887906208258186       0.82616703520647627     
  0.55111946116586275       0.80879917719631378     
  0.55336900504696696       0.79077581171632672     
  0.55562773105287300       0.77214604753828875     
  0.55789567666291884       0.75295945128054798     
  0.56017287950942463       0.73326591109328931     
  0.56245937737831742       0.71311550417196590     
  0.56475520820975744       0.69255836832392692     
  0.56706041009876806       0.67164457779015629     
  0.56937502129586803       0.65042402350128481     
  0.57169908020770599       0.62894629792511780     
  0.57403262539769728       0.60726058464139832     
  0.57637569558666502       0.58541555275887525     
  0.57872832965348131       0.56345925626971072     
  0.58109056663571335       0.54143903841698615     
  0.58346244573027040       0.51940144113256470     
  0.58584400629405475       0.49739211958493901     
  0.58823528784461476       0.47545576185961380     
  0.59063633006079996       0.45363601377871887     
  0.59304717278342045       0.43197540885107211     
  0.59546785601590702       0.41051530332959452     
  0.59789841992497528       0.38929581633935428     
  0.60033890484129260       0.36835577502669536     
  0.60278935126014666       0.34773266466804009     
  0.60524979984211758       0.32746258366566749     
  0.60772029141375294       0.30758020334760616     
  0.61020086696824494       0.28811873247909869     
  0.61269156766611022       0.26910988638439670     
  0.61519243483587394       0.25058386056963688     
  0.61770350997475421       0.23256930873026382     
  0.62022483474935197       0.21509332501994516     
  0.62275645099634114       0.19818143045214143     
  0.62529840072316345       0.18185756330023972     
  0.62785072610872605       0.16614407335779835     
  0.63041346950409982       0.15106171991649386     
  0.63298667343322390       0.13662967331620735     
  0.63557038059361004       0.12286551991897432     
  0.63816463385705124       0.10978527035646735     
  0.64076947627033398        9.7403370899111996E-002
  0.64338495105595150        8.5732717793917002E-002
  0.64601110161282127        7.4784674417495256E-002
  0.64864797151700582        6.4569091090697861E-002
  0.65129560452243462        5.5094327401618348E-002
  0.65395404456163087        4.6367276884389685E-002
  0.65662333574644061        3.8393393902440565E-002
  0.65930352236876377        3.1176722586229610E-002
  0.66199464890129045        2.4719927677373743E-002
  0.66469675999823752        1.9024327133179138E-002
  0.66740990049609028        1.4089926347946702E-002
  0.67013411541434675        9.9154538501549077E-003
  0.67286944995626363        6.4983983374693475E-003
  0.67561594950960757        3.8350469146610769E-003
  0.67837365964740748        1.9205244028375190E-003
  0.68114262612871068        7.4883359187671969E-004
  0.68392289489934310        3.1289631156028458E-004
  0.68671451209267076        6.0459520075661791E-004
  0.68951752403036504        1.6148160578016713E-003
  0.69233197722317286        3.3334906593143186E-003
  0.69515791837168661        5.7496399386910424E-003
  0.69799539436711988        8.8514174197110735E-003
  0.70084445229208592        1.2626152804864567E-002
  0.70370513942137802        1.7060395622263469E-002
  0.70657750322275481        2.2139958839226148E-002
  0.70946159135772713        2.7849962354939417E-002
  0.71235745168234910        3.4174876288829759E-002
  0.71526513224801314        4.1098563985561221E-002
  0.71818468130224533        4.8604324661788434E-002
  0.72111614728950835        5.6674935624008937E-002
  0.72405957885200312        6.5292693991004569E-002
  0.72701502483047720        7.4439457858472391E-002
  0.72998253426503557        8.4096686847496827E-002
  0.73296215639595286        9.4245481982479729E-002
  0.73595394066449149       0.10486662484805809     
  0.73895793671372234       0.11594061597839889     
  0.74197419438934753       0.12744771243592878     
  0.74500276374052765       0.13936796454029909     
  0.74804369502071344       0.15168125171188584     
  0.75109703868847777       0.16436731739759558     
  0.75416284540835488       0.17740580305015752     
  0.75724116605167924       0.19077628113524248     
  0.76033205169743068       0.20445828714402703     
  0.76343555363308235       0.21843135059177377     
  0.76655172335545019       0.23267502498591830     
  0.76968061257154952       0.24716891675010555     
  0.77282227319945096       0.26189271309315987     
  0.77597675736914307       0.27682620881469933     
  0.77914411742339751       0.29194933204155127     
  0.78232440591863694       0.30724216889146505     
  0.78551767562580699       0.32268498706297832     
  0.78872397953125306       0.33825825835231527     
  0.79194337083759792       0.35394268010035890     
  0.79517590296462559       0.36971919557462329     
  0.79842162955016782       0.38556901329295967     
  0.80168060445099321       0.40147362529748420     
  0.80495288174370172       0.41741482438884303     
  0.80823851572562166       0.43337472033240487     
  0.81153756091571005       0.44933575504942558     
  0.81485007205545901       0.46528071680753968     
  0.81817610410980179       0.48119275342613099     
  0.82151571226802678       0.49705538451333164     
  0.82486895194469190       0.51285251275233867     
  0.82823587878054472       0.52856843425580613     
  0.83161654864344625       0.54418784800784414     
  0.83501101762929653       0.55969586441396557     
  0.83841934206296653       0.57507801298010397     
  0.84184157849923302       0.59032024914229264     
  0.84527778372371576       0.60540896026934887     
  0.84872801475382054       0.62033097086119438     
  0.85219232883968588       0.63507354696602170     
  0.85567078346513115       0.64962439983974918     
  0.85916343634861292       0.66397168887156854     
  0.86267034544418009       0.67810402379954759     
  0.86619156894243732       0.69201046624050333     
  0.86972716527151039       0.70568053055837066     
  0.87327719309801433       0.71910418409546351     
  0.87684171132802924       0.73227184679093749     
  0.88042077910807537       0.74517439021079779     
  0.88401445582609561       0.75780313601369320     
  0.88762280111244185       0.77014985387661972     
  0.89124587484086226       0.78220675890446034     
  0.89488373712949654       0.79396650854720441     
  0.89853644834187318       0.80542219904829382     
  0.90220406908791040       0.81656736144743847     
  0.90588666022492215       0.82739595716085379     
  0.90958428285862880       0.83790237316158422     
  0.91329699834416944       0.84808141678224236     
  0.91702486828712149       0.85792831016211357     
  0.92076795454452198       0.86743868436016569     
  0.92452631922589401       0.87660857315515262     
  0.92830002469427830       0.88543440655350780     
  0.93208913356726641       0.89391300402531337     
  0.93589370871804145       0.90204156748819020     
  0.93971381327641990       0.90981767405843561     
  0.94354951062989978       0.91723926858830995     
  0.94740086442471305       0.92430465600784528     
  0.95126793856688030       0.93101249348905735     
  0.95515079722327212       0.93736178244996193     
  0.95904950482267404       0.94335186041525354     
  0.96296412605685466       0.94898239275001040     
  0.96689472588163972       0.95425336428226470     
  0.97084136951799027       0.95916507082977220     
  0.97480412245308368       0.96371811064576363     
  0.97878305044140190       0.96791337579798797     
  0.98277821950582100       0.97175204349478994     
  0.98678969593870736       0.97523556737149042     
  0.99081754630301844       0.97836566874979447     
  0.99486183743340539       0.98114432788246198     
  0.99892263643732426       0.98357377519496181     
   1.0030000106961476       0.98565648253533245     
   1.0070940278662834       0.98739515444297865     
   1.0112047558802988       0.98879271944664793     
   1.0153322629480441       0.98985232140134294     
   1.0194766175577885       0.99057731087346412     
   1.0236378884773538       0.99097123658299924     
   1.0278161447552574       0.99103783691112579     
   1.0320114557218547       0.99078103148114449     
   1.0362238909904942       0.99020491282021694     
   1.0404535204586696       0.98931373810895529     
   1.0447004143091787       0.98811192102548739     
   1.0489646430112913       0.98660402369021116     
   1.0532462773219167       0.98479474871704897     
   1.0575453882867758       0.98268893137662483     
   1.0618620472415838       0.98029153187640161     
   1.0661963258132321       0.97760762776244681     
   1.0705482959209747       0.97464240644714240     
   1.0749180297776255       0.97140115786678227     
   1.0793055998907541       0.96788926727269575     
   1.0837110790638902       0.96411220815917476     
   1.0881345403977287       0.96007553533118539     
   1.0925760572913470       0.95578487811452173     
   1.0970357034434204       0.95124593371077881     
   1.1015135528534441       0.94646446069922352     
   1.1060096798229635       0.94144627268737080     
   1.1105241589568067       0.93619723211179529     
   1.1150570651643195       0.93072324419048769     
   1.1196084736606120       0.92503025102776615     
   1.1241784599678060       0.91912422587255960     
   1.1287670999162849       0.91301116753065470     
   1.1333744696459565       0.90669709493123873     
   1.1380006456075142       0.90018804184791268     
   1.1426457045637044       0.89349005177414442     
   1.1473097235906025       0.88660917295289743     
   1.1519927800788912       0.87955145356005804     
   1.1566949517351428       0.87232293704107644     
   1.1614163165831117       0.86492965760006657     
   1.1661569529650266       0.85737763584048909     
   1.1709169395428922       0.84967287455637552     
   1.1756963552997917       0.84182135467291852     
   1.1804952795412009       0.83382903133511910     
   1.1853137918963028       0.82570183014308407     
   1.1901519723193061       0.81744564353242555     
   1.1950099010907769       0.80906632729811545     
   1.1998876588189678       0.80056969726006300     
   1.2047853264411541       0.79196152606858339     
   1.2097029852249803       0.78324754014781961     
   1.2146407167698074       0.77443341677513300     
   1.2195986030080641       0.76552478129439661     
   1.2245767262066105       0.75652720446102739     
   1.2295751689681005       0.74744619991658090     
   1.2345940142323542       0.73828722179063710     
   1.2396333452777308       0.72905566242769826     
   1.2446932457225151       0.71975685023668701     
   1.2497737995263021       0.71039604766073161     
   1.2548750909913893       0.70097844926476216     
   1.2599972047641785       0.69150917993846639     
   1.2651402258365791       0.68199329321213531     
   1.2703042395474162       0.67243576968290442     
   1.2754893315838498       0.66284151554882587     
   1.2806955879827961       0.65321536124829094     
   1.2859230951323521       0.64356206020221884     
   1.2911719397732333       0.63388628765647526     
   1.2964422090002106       0.62419263962196425     
   1.3017339902635547       0.61448563190984351     
   1.3070473713704895       0.60476969925929946     
   1.3123824404866489       0.59504919455534622     
   1.3177392861375357       0.58532838813412180     
   1.3231179972099965       0.57561146717313216     
   1.3285186629536925       0.56590253516395972     
   1.3339413729825829       0.55620561146492564     
   1.3393862172764077       0.54652463093123926     
   1.3448532861821869       0.53686344362017202     
   1.3503426704157151       0.52722581456883510     
   1.3558544610630672       0.51761542364214297     
   1.3613887495821120       0.50803586544859081     
   1.3669456278040288       0.49849064932147924     
   1.3725251879348284       0.48898319936328993     
   1.3781275225568879       0.47951685455086834     
   1.3837527246304846       0.47009486889920449     
   1.3894008874953359       0.46072041168157118     
   1.3950721048721533       0.45139656770376868     
   1.4007664708641934       0.44212633763041143     
   1.4064840799588225       0.43291263836104854     
   1.4122250270290799       0.42375830345407628     
   1.4179894073352572       0.41466608359637658     
   1.4237773165264773       0.40563864711666431     
   1.4295888506422783       0.39667858054058958     
   1.4354241061142121       0.38778838918562952     
   1.4412831797674421       0.37897049779390191     
   1.4471661688223481       0.37022725120102884     
   1.4530731708961429       0.36156091503922871     
   1.4590042840044910       0.35297367647287536     
   1.4649596065631323       0.34446764496478743     
   1.4709392373895191       0.33604485307152410     
   1.4769432757044543       0.32770725726607552     
   1.4829718211337348       0.31945673878629577     
   1.4890249737098105       0.31129510450751285     
   1.4951028338734396       0.30322408783780042     
   1.5012055024753554       0.29524534963439142     
   1.5073330807779428       0.28736047913978258     
   1.5134856704569155       0.27957099493612658     
   1.5196633736030056       0.27187834591652638     
   1.5258662927236537       0.26428391227189896     
   1.5320945307447145       0.25678900649210334     
   1.5383481910121630       0.24939487438007080     
   1.5446273772938062       0.24210269607774526     
   1.5509321937810101       0.23491358710259758     
   1.5572627450904259       0.22782859939359912     
   1.5636191362657244       0.22084872236556319     
   1.5700014727793419       0.21397488397072051     
   1.5764098605342303       0.20720795176654494     
   1.5828444058656099       0.20054873398880446     
   1.5893052155427401       0.19399798062885920     
   1.5957923967706868       0.18755638451428958     
   1.6023060571921037       0.18122458239194694     
   1.6088463048890147       0.17500315601254446     
   1.6154132483846122       0.16889263321597781     
   1.6220069966450557       0.16289348901654910     
   1.6286276590812767       0.15700614668733426     
   1.6352753455508005       0.15123097884294856     
   1.6419501663595648       0.14556830851999236     
   1.6486522322637496       0.14001841025450146     
   1.6553816544716176       0.13458151115575090     
   1.6621385446453594       0.12925779197577636     
   1.6689230149029417       0.12404738817401917     
   1.6757351778199741       0.11895039097653426     
   1.6825751464315746       0.11396684842919347     
   1.6894430342342412       0.10909676644440069     
   1.6963389551877424       0.10434010984077979     
   1.7032630237170037        9.9696803375410203E-002
   1.7102153547140044        9.5166732768138140E-002
   1.7171960635396897        9.0749745717545238E-002
   1.7242052660258809        8.6445652908186510E-002
   1.7312430784771990        8.2254229008710156E-002
   1.7383096176729915        7.8175213660505949E-002
   1.7454050008692747        7.4208312456553460E-002
   1.7525293458006783        7.0353197910141940E-002
   1.7596827706823941        6.6609510413195405E-002
   1.7668653942121444        6.2976859183884959E-002
   1.7740773355721486        5.9454823203319962E-002
   1.7813187144310982        5.6042952141037827E-002
   1.7885896509461472        5.2740767269113031E-002
   1.7958902657649043        4.9547762364625103E-002
   1.8032206800274309        4.6463404600362024E-002
   1.8105810153682576        4.3487135423548318E-002
   1.8179713939183981        4.0618371422449950E-002
   1.8253919383073787        3.7856505180707933E-002
   1.8328427716652678        3.5200906119303599E-002
   1.8403240176247260        3.2650921326002447E-002
   1.8478358003230537        3.0205876372205176E-002
   1.8553782444042495        2.7865076117114529E-002
   1.8629514750210820        2.5627805499134459E-002
   1.8705556178371661        2.3493330314449334E-002
   1.8781907990290427        2.1460897982732874E-002
   1.8858571452882809        1.9529738299944310E-002
   1.8935547838235744        1.7699064178183566E-002
   1.9012838423628520        1.5968072372595121E-002
   1.9090444491554013        1.4335944195294159E-002
   1.9168367329739937        1.2801846216346724E-002
   1.9246608231170197        1.1364930951780594E-002
   1.9325168494106386        1.0024337538677264E-002
   1.9404049422109304        8.7791923973419284E-003
   1.9483252324060565        7.6286098806244151E-003
   1.9562778514184365        6.5716929103966102E-003
   1.9642629312069249        5.6075336012589849E-003
   1.9722806042690040        4.7352138715366365E-003
   1.9803310036429771        3.9538060416137721E-003
   1.9884142629101824        3.2623734196843830E-003
   1.9965305161972071        2.6599708750070228E-003
   2.0046798981781091        2.1456453987226394E-003
   2.0128625440766581        1.7184366523429473E-003
   2.0210785896685763        1.3773775039926943E-003
   2.0293281712837890        1.1214945525124254E-003
   2.0376114258086915        9.4980863950022644E-004
   2.0459284906884188        8.6133534943699753E-004
   2.0542795039291217        8.5508549796886547E-004
   2.0626646041002639        9.3006560847841522E-004
   2.0710839303369175        1.0852783770679557E-003
   2.0795376223420732        1.3197231260608788E-003
   2.0880258203889532        1.6323962461539676E-003
   2.0965486653233478        2.0222916273461289E-003
   2.1051062985659468        2.4884010787734607E-003
   2.1136988621146831        3.0297147375822901E-003
   2.1223264985470975        3.6452214669744358E-003
   2.1309893510226989        4.3339092435604742E-003
   2.1396875632853374        5.0947655341531126E-003
   2.1484212796655959        5.9267776621660939E-003
   2.1571906450831819        6.8289331637167985E-003
   2.1659958050493291        7.8002201336161417E-003
   2.1748369056692178        8.8396275613692454E-003
   2.1837140936443968        9.9461456573300966E-003
   2.1926275162752127        1.1118766169168848E-002
   2.2015773214632635        1.2356482688790194E-002
   2.2105636577138457        1.3658290949848053E-002
   2.2195866741384194        1.5023189116007418E-002
   2.2286465204570853        1.6450178060108733E-002
   2.2377433470010675        1.7938261634364849E-002
   2.2468773047152077        1.9486446931764156E-002
   2.2560485451604677        2.1093744538800197E-002
   2.2652572205164492        2.2759168779700634E-002
   2.2745034835839171        2.4481737952291249E-002
   2.2837874877873303        2.6260474555647728E-002
   2.2931093871773944        2.8094405509672460E-002
   2.3024693364336155        2.9982562366764554E-002
   2.3118674908668622        3.1923981515704192E-002
   2.3213040064219506        3.3917704377923741E-002
   2.3307790396802273        3.5962777596282858E-002
   2.3402927478621649        3.8058253216516569E-002
   2.3498452888299783        4.0203188861487660E-002
   2.3594368210902377        4.2396647898386597E-002
   2.3690675037965030        4.4637699599021863E-002
   2.3787374967519588        4.6925419293346704E-002
   2.3884469604120731        4.9258888516350963E-002
   2.3981960558872570        5.1637195148472093E-002
   2.4079849449455333        5.4059433549642155E-002
   2.4178137900152290        5.6524704687128002E-002
   2.4276827541876669        5.9032116257286660E-002
   2.4375920012198664        6.1580782801365919E-002
   2.4475416955372706        6.4169825815507120E-002
   2.4575320022364697        6.6798373855041282E-002
   2.4675630870879357        6.9465562633241551E-002
   2.4776351165387829        7.2170535114651657E-002
   2.4877482577155234        7.4912441603102176E-002
   2.4979026784268394        7.7690439824556701E-002
   2.5080985471663721        8.0503695004911613E-002
   2.5183360331155162        8.3351379942847692E-002
   2.5286153061462220        8.6232675077892340E-002
   2.5389365368238228        8.9146768553772793E-002
   2.5492998964098588        9.2092856277208313E-002
   2.5597055568649218        9.5070141972235955E-002
   2.5701536908515048        9.8077837230189036E-002
   2.5806444717368717       0.10111516155545519     
   2.5911780735959340       0.10418134240710097     
   2.6017546712141315       0.10727561523648510     
   2.6123744400903441       0.11039722352097914     
   2.6230375564397970       0.11354541879386826     
   2.6337441971969815       0.11671946067058070     
   2.6444945400185995       0.11991861687130079     
   2.6552887632865070       0.12314216324010308     
   2.6661270461106703       0.12638938376070041     
   2.6770095683321458       0.12965957056888033     
   2.6879365105260575       0.13295202396175143     
   2.6989080540045989       0.13626605240388778     
   2.7099243808200328       0.13960097253045278     
   2.7209856737677236       0.14295610914740742     
   2.7320921163891634       0.14633079522888315     
   2.7432438929750149       0.14972437191181487     
   2.7544411885681774       0.15313618848791211     
   2.7656841889668535       0.15656560239305295     
   2.7769730807276272       0.16001197919419397     
   2.7883080511685678       0.16347469257387404     
   2.7996892883723348       0.16695312431237341     
   2.8111169811892935       0.17044666426763078     
   2.8225913192406575       0.17395471035299415     
   2.8341124929216317       0.17747666851285637     
   2.8456806934045655       0.18101195269627168     
   2.8572961126421350       0.18455998482862079     
   2.8689589433705232       0.18812019478139319     
   2.8806693791126143       0.19169202034014465     
   2.8924276141812122       0.19527490717072626     
   2.9042338436822610       0.19886830878381911     
   2.9160882635180831       0.20247168649786018     
   2.9279910703906258       0.20608450940041489     
   2.9399424618047334       0.20970625430806389     
   2.9519426360714194       0.21333640572485491     
   2.9639917923111532       0.21697445579939134     
   2.9760901304571732       0.22061990428059963     
   2.9882378512587997       0.22427225847226162     
   3.0004351562847607       0.22793103318632046     
   3.0126822479265480       0.23159575069506544     
   3.0249793294017673       0.23526594068221018     
   3.0373266047575087       0.23894114019293189     
   3.0497242788737404       0.24262089358292627     
   3.0621725574667020       0.24630475246651240     
   3.0746716470923223       0.24999227566385440     
   3.0872217551496384       0.25368302914732099     
   3.0998230898842483       0.25737658598705859     
   3.1124758603917613       0.26107252629580002     
   3.1251802766212617       0.26477043717295967     
   3.1379365493788032       0.26846991264805886     
   3.1507448903309023       0.27217055362352249     
   3.1636055120080444       0.27587196781687529     
   3.1765186278082207       0.27957376970240400     
   3.1894844520004644       0.28327558045228785     
   3.2025031997284015       0.28697702787726631     
   3.2155750870138298       0.29067774636685362     
   3.2287003307602982       0.29437737682916332     
   3.2418791487567020       0.29807556663033896     
   3.2551117596809069       0.30177196953366836     
   3.2683983831033703       0.30546624563837887     
   3.2817392394907818       0.30915806131815193     
   3.2951345502097307       0.31284708915940918     
   3.3085845375303724       0.31653300789936156     
   3.3220894246301196       0.32021550236388818     
   3.3356494355973410       0.32389426340524519     
   3.3492647954350852       0.32756898783964317     
   3.3629357300648142       0.33123937838471917     
   3.3766624663301439       0.33490514359692569     
   3.3904452320006189       0.33856599780886054     
   3.4042842557754875       0.34222166106656626     
   3.4181797672874907       0.34587185906681139     
   3.4321319971066844       0.34951632309439262     
   3.4461411767442565       0.35315478995946203     
   3.4602075386563675       0.35678700193490631     
   3.4743313162480152       0.36041270669380665     
   3.4885127438769019       0.36403165724698583     
   3.5027520568573265       0.36764361188066552     
   3.5170494914640815       0.37124833409425673     
   3.5314052849363842       0.37484559253829453     
   3.5458196754818094       0.37843516095253649     
   3.5602929022802345       0.38201681810424193     
   3.5748252054878202       0.38559034772664547     
   3.5894168262409902       0.38915553845764017     
   3.6040680066604258       0.39271218377868655     
   3.6187789898550959       0.39626008195395945     
   3.6335500199262847       0.39979903596975219     
   3.6483813419716364       0.40332885347413217     
   3.6632732020892336       0.40684934671689055     
   3.6782258473816740       0.41036033248976755     
   3.6932395259601685       0.41386163206698479     
   3.7083144869486642       0.41735307114608811     
   3.7234509804879772       0.42083447978910937     
   3.7386492577399353       0.42430569236406257     
   3.7539095708915569       0.42776654748677867     
   3.7692321731592284       0.43121688796309310     
   3.7846173187929102       0.43465656073138781     
   3.8000652630803460       0.43808541680550239     
   3.8155762623513128       0.44150331121802544     
   3.8311505739818670       0.44491010296395617     
   3.8467884563986092       0.44830565494476293     
   3.8624901690829847       0.45168983391283946     
   3.8782559725755825       0.45506251041635759     
   3.8940861284804527       0.45842355874452834     
   3.9099808994694594       0.46177285687328418     
   3.9259405492866346       0.46511028641136964     
   3.9419653427525452       0.46843573254686444     
   3.9580555457687030       0.47174908399412996     
   3.9742114253219660       0.47505023294119253     
   3.9904332494889743       0.47833907499756045     
   4.0067212874405893       0.48161550914248186     
   4.0230758094463717       0.48487943767365294     
   4.0394970868790629       0.48813076615636430     
   4.0559853922190783       0.49136940337310142     
   4.0725409990590427       0.49459526127363640     
   4.0891641821083224       0.49780825492541114     
   4.1058552171975808       0.50100830246468508     
   4.1226143812833644       0.50419532504784503     
   4.1394419524526915       0.50736924680332496     
   4.1563382099276636       0.51052999478395455     
   4.1733034340701094       0.51367749891977921     
   4.1903379063862296       0.51681169197133592     
   4.2074419095312638       0.51993250948341307     
   4.2246157273141920       0.52303988973924831     
   4.2418596447024361       0.52613377371522252     
   4.2591739478265858       0.52921410503600552     
   4.2765589239851547       0.53228082993017678     
   4.2940148616493437       0.53533389718630731     
   4.3115420504678283       0.53837325810952064     
   4.3291407812715565       0.54139886647850410     
   4.3468113460785895       0.54441067850300595     
   4.3645540380989400       0.54740865278178663     
   4.3823691517394279       0.55039275026103773     
   4.4002569826085844       0.55336293419326887     
   4.4182178275215458       0.55631917009665655     
   4.4362519845049730       0.55926142571485382     
   4.4543597528020111       0.56218967097726402     
   4.4725414328772475       0.56510387795977057     
   4.4907973264216903       0.56800402084593016     
   4.5091277363577875       0.57089007588861707     
   4.5275329668444471       0.57376202137212839     
   4.5460133232820850       0.57661983757473434     
   4.5645691123176864       0.57946350673168801     
   4.5832006418499045       0.58229301299867853     
   4.6019082210341660       0.58510834241573506     
   4.6206921602877928       0.58790948287157052     
   4.6395527712951647       0.59069642406837308     
   4.6584903670128890       0.59346915748703943     
   4.6775052616749795       0.59622767635283169     
   4.6965977707980926       0.59897197560148974     
   4.7157682111867478       0.60170205184576320     
   4.7350169009385850       0.60441790334237488     
   4.7543441594496505       0.60711952995941487     
   4.7737503074196939       0.60980693314415735     
   4.7932356668574805       0.61248011589129780     
   4.8128005610861475       0.61513908271161455     
   4.8324453147485658       0.61778383960103755     
   4.8521702538127149       0.62041439401013754     
   4.8719757055771122       0.62303075481402237     
   4.8918619986762248       0.62563293228264238     
   4.9118294630859394       0.62822093805149537     
   4.9318784301290162       0.63079478509273468     
   4.9520092324806102       0.63335448768667857     
   4.9722222041737796       0.63590006139370647     
   4.9925176806050207       0.63843152302655481     
   5.0128959985398502       0.64094889062299343     
   5.0333574961183860       0.64345218341889243     
   5.0539025128609465       0.64594142182166459     
   5.0745313896737043       0.64841662738409500     
   5.0952444688543324       0.65087782277853512     
   5.1160420940976774       0.65332503177147450     
   5.1369246105014765       0.65575827919847840     
   5.1578923645720769       0.65817759093949491     
   5.1789457042301867       0.66058299389451447     
   5.2000849788166388       0.66297451595959367     
   5.2213105390982024       0.66535218600323387     
   5.2426227372734004       0.66771603384310896     
   5.2640219269783390       0.67006609022313812     
   5.2855084632925946       0.67240238679090891     
   5.3070827027450962       0.67472495607543859     
   5.3287450033200381       0.67703383146526841     
   5.3504957244628288       0.67932904718689979     
   5.3723352270860527       0.68161063828355650     
   5.3942638735754480       0.68387864059427028     
   5.4162820277959387       0.68613309073329976     
   5.4383900550976607       0.68837402606986231     
   5.4605883223220175       0.69060148470818206     
   5.4828771978077846       0.69281550546785742     
   5.5052570513972130       0.69501612786453237     
   5.5277282544421542       0.69720339209087800     
   5.5502911798102446       0.69937733899787702     
   5.5729462018910780       0.70153801007640593     
   5.5956936966024218       0.70368544743911476     
   5.6185340413964466       0.70581969380260157     
   5.6414676152660075       0.70794079246987462     
   5.6644947987509173       0.71004878731310184     
   5.6876159739442613       0.71214372275664195     
   5.7108315244987482       0.71422564376035835     
   5.7341418356330687       0.71629459580320654     
   5.7575472941382806       0.71835062486709678     
   5.7810482883842447       0.72039377742102562     
   5.8046452083260549       0.72242410040547367     
   5.8283384455105089       0.72444164121706978     
   5.8521283930826149       0.72644644769351041     
   5.8760154457921070       0.72843856809874219     
