  0.10000000000000001       0.27351599586428005     
  0.10040817718110437       0.29290772132170373     
  0.10081802044832047       0.30783027123777817     
  0.10122953660223166       0.31727781194557492     
  0.10164273247117964       0.32063289043865095     
  0.10205761491137796       0.31769357089044425     
  0.10247419080702558       0.30867221679034856     
  0.10289246707042120       0.29416741576637284     
  0.10331245064207799       0.27511220983358919     
  0.10373414849083867       0.25270314504547670     
  0.10415756761399117       0.22831562593962598     
  0.10458271503738485       0.20341161637061550     
  0.10500959781554686       0.17944586364096077     
  0.10543822303179938       0.15777655911870764     
  0.10586859779837712       0.13958573133324481     
  0.10630072925654524       0.12581376118533005     
  0.10673462457671801       0.11711129075648785     
  0.10717029095857759       0.11381055166060533     
  0.10760773563119364       0.11591685150754649     
  0.10804696585314330       0.12311970915514681     
  0.10848798891263144       0.13482199343537360     
  0.10893081212761184       0.15018445583751328     
  0.10937544284590843       0.16818230001932943     
  0.10982188844533726       0.18766992833333132     
  0.11027015633382903       0.20744975940723148     
  0.11072025394955184       0.22634101684982014     
  0.11117218876103470       0.24324462868919172     
  0.11162596826729153       0.25720081952596230     
  0.11208159999794542       0.26743658276677967     
  0.11253909151335369       0.27340094277709120     
  0.11299845040473337       0.27478670750436540     
  0.11345968429428700       0.27153822230766766     
  0.11392280083532935       0.26384541943609513     
  0.11438780771241415       0.25212517401188833     
  0.11485471264146174       0.23699159262343197     
  0.11532352336988719       0.21921734905016269     
  0.11579424767672861       0.19968852644319202     
  0.11626689337277650       0.17935561871068484     
  0.11674146830070313       0.15918338679638180     
  0.11721798033519278       0.14010216673526904     
  0.11769643738307244       0.12296300127005401     
  0.11817684738344295       0.10849863617454444     
  0.11865921830781066        9.7292010781110883E-002
  0.11914355816021997        8.9753406246810108E-002
  0.11962987497738581        8.6106922126034019E-002
  0.12011817682882717        8.6386458325800469E-002
  0.12060847181700105        9.0440909884581977E-002
  0.12110076807743671        9.7947857482028264E-002
  0.12159507377887094       0.10843467447890676     
  0.12209139712338332       0.12130568449328989     
  0.12258974634653247       0.13587380024889162     
  0.12309012971749274       0.15139495822219012     
  0.12359255553919130       0.16710363356826036     
  0.12409703214844603       0.18224777101862905     
  0.12460356791610375       0.19612159159255454     
  0.12511217124717913       0.20809492099015497     
  0.12562285058099434       0.21763792041180008     
  0.12613561439131882       0.22434037004769961     
  0.12665047118650996       0.22792494494485732     
  0.12716742950965446       0.22825421800091220     
  0.12768649793870987       0.22533141197748316     
  0.12820768508664696       0.21929518962607711     
  0.12873099960159279       0.21040900808373864     
  0.12925645016697404       0.19904576257162815     
  0.12978404550166117       0.18566859937564534     
  0.13031379436011306       0.17080888572225669     
  0.13084570553252231       0.15504238340394771     
  0.13137978784496107       0.13896468492288133     
  0.13191605015952751       0.12316693848749105     
  0.13245450137449291       0.10821281601343154     
  0.13299515042444918        9.4617572230085961E-002
  0.13353800628045717        8.2829909883860853E-002
  0.13408307795019572        7.3217213228594119E-002
  0.13463037447811083        6.6054547077584125E-002
  0.13517990494556581        6.1517649116174966E-002
  0.13573167847099218        5.9679975980184374E-002
  0.13628570421004074        6.0513705173040000E-002
  0.13684199135573349        6.3894450743087167E-002
  0.13740054913861643        6.9609325287482343E-002
  0.13796138682691236        7.7367877710891472E-002
  0.13852451372667493        8.6815357533193915E-002
  0.13908993918194296        9.7547703574500086E-002
  0.13965767257489561       0.10912762764245179     
  0.14022772332600780       0.12110116151986178     
  0.14080010089420669       0.13301405635432156     
  0.14137481477702879       0.14442746501945755     
  0.14195187451077720       0.15493239712104243     
  0.14253128967068007       0.16416250962858223     
  0.14311306987104958       0.17180487995374127     
  0.14369722476544117       0.17760849891594097     
  0.14428376404681392       0.18139031473787909     
  0.14487269744769149       0.18303875249323601     
  0.14546403474032335       0.18251472307695832     
  0.14605778573684705       0.17985021896291378     
  0.14665396028945119       0.17514466838417753     
  0.14725256829053859       0.16855928324366379     
  0.14785361967289068       0.16030968768069337     
  0.14845712440983222       0.15065715294562385     
  0.14906309251539690       0.13989878973567044     
  0.14967153404449324       0.12835706155662119     
  0.15028245909307170       0.11636898255777758     
  0.15089587779829214       0.10427535157012813     
  0.15151180033869191        9.2410351994626078E-002
  0.15213023693435482        8.1091816210168921E-002
  0.15275119784708088        7.0612414939727572E-002
  0.15337469338055626        6.1231988268232840E-002
  0.15400073388052446        5.3171187522279326E-002
  0.15462932973495802        4.6606547749537236E-002
  0.15526049137423079        4.1667060745614631E-002
  0.15589422927129087        3.8432270013779052E-002
  0.15653055394183482        3.6931863091374501E-002
  0.15716947594448166        3.7146694526945467E-002
  0.15781100588094832        3.9011135423092411E-002
  0.15845515439622559        4.2416613627294111E-002
  0.15910193217875471        4.7216182884486146E-002
  0.15975134996060453        5.3229939865972409E-002
  0.16040341851764989        6.0251095050929598E-002
  0.16105814866975027        6.8052496854180827E-002
  0.16171555128092935        7.6393407884803616E-002
  0.16237563725955523        8.5026337349626030E-002
  0.16303841755852153        9.3703743821833080E-002
  0.16370390317542910       0.10218443721656648     
  0.16437210515276834       0.11023952711982338     
  0.16504303457810285       0.11765778582710743     
  0.16571670258425286       0.12425031776881656     
  0.16639312034948034       0.12985445164095616     
  0.16707229909767446       0.13433679676029564     
  0.16775425009853762       0.13759543020713133     
  0.16843898466777257       0.13956120555277360     
  0.16912651416727026       0.14019819681390011     
  0.16981685000529834       0.13950331223710527     
  0.17051000363669019       0.13750513118941221     
  0.17120598656303537       0.13426203350218788     
  0.17190481033287031       0.12985970386827853     
  0.17260648654186983       0.12440810419727623     
  0.17331102683303970       0.11803801415030306     
  0.17401844289690985       0.11089724444172543     
  0.17472874647172817       0.10314662902108289     
  0.17544194934365545        9.4955901107088958E-002
  0.17615806334696094        8.6499554462564007E-002
  0.17687710036421864        7.7952785542891048E-002
  0.17759907232650440        6.9487604520986679E-002
  0.17832399121359424        6.1269194010929354E-002
  0.17905186905416270        5.3452583913569912E-002
  0.17978271792598266        4.6179699526828960E-002
  0.18051654995612570        3.9576828230836053E-002
  0.18125337732116351        3.3752537990126411E-002
  0.18199321224736950        2.8796068908060746E-002
  0.18273606701092207        2.4776207393621325E-002
  0.18348195393810826        2.1740641399052421E-002
  0.18423088540552804        1.9715784866992825E-002
  0.18498287384029991        1.8707050161493100E-002
  0.18573793172026712        1.8699538986599484E-002
  0.18649607157420448        1.9659115220667003E-002
  0.18725730598202642        2.1533817281258763E-002
  0.18802164757499584        2.4255563117344919E-002
  0.18878910903593346        2.7742097704368654E-002
  0.18955970309942835        3.1899130966473246E-002
  0.19033344255204943        3.6622613316298708E-002
  0.19111034023255730        4.1801096411254568E-002
  0.19189040903211749        4.7318128182841999E-002
  0.19267366189451438        5.3054633593837948E-002
  0.19346011181636599        5.8891235797553891E-002
  0.19424977184733941        6.4710476286517910E-002
  0.19504265509036750        7.0398897093272350E-002
  0.19583877470186650        7.5848953010915932E-002
  0.19663814389195391        8.0960727004636607E-002
  0.19744077592466802        8.5643427361602326E-002
  0.19824668411818794        8.9816650555218508E-002
  0.19905588184505443        9.3411399170204884E-002
  0.19986838253239200        9.6370849445943679E-002
  0.20068419966213161        9.8650867957789004E-002
  0.20150334677123438       0.10022028159191522     
  0.20232583745191612       0.10106090921424320     
  0.20315168535187320       0.10116736723610062     
  0.20398090417450848       0.10054666459959222     
  0.20481350767915915        9.9217605517541621E-002
  0.20564950968132489        9.7210020591699003E-002
  0.20648892405289709        9.4563848695142186E-002
  0.20733176472238896        9.1328093247144776E-002
  0.20817804567516671        8.7559677247205189E-002
  0.20902778095368180        8.3322221693498164E-002
  0.20988098465770355        7.8684771820679067E-002
  0.21073767094455342        7.3720494989569646E-002
  0.21159785402933992        6.8505373088093985E-002
  0.21246154818519422        6.3116911003586573E-002
  0.21332876774350720        5.7632881148316377E-002
  0.21419952709416737        5.2130122210950480E-002
  0.21507384068579924        4.6683408315039809E-002
  0.21595172302600341        4.1364402639299372E-002
  0.21683318868159726        3.6240707339603051E-002
  0.21771825227885655        3.1375019353330466E-002
  0.21860692850375804        2.6824399404197730E-002
  0.21949923210222347        2.2639659297993261E-002
  0.22039517788036408        1.8864870441074988E-002
  0.22129478070472614        1.5536994454319150E-002
  0.22219805550253774        1.2685634821882508E-002
  0.22310501726195672        1.0332906728518929E-002
  0.22401568103231900        8.4934206191506767E-003
  0.22493006192438844        7.1743735735492475E-003
  0.22584817511060773        6.3757413368836502E-003
  0.22677003582534988        6.0905627893385605E-003
  0.22769565936517111        6.3053077770388877E-003
  0.22862506108906488        7.0003185610009316E-003
  0.22955825641871638        8.1503146664926585E-003
  0.23049526083875860        9.7249506250999401E-003
  0.23143608989702943        1.1689415986704713E-002
  0.23238075920482931        1.4005067027195464E-002
  0.23332928443718048        1.6630079777188528E-002
  0.23428168133308711        1.9520114333083649E-002
  0.23523796569579644        2.2628980869312504E-002
  0.23619815339306083        2.5909298333855364E-002
  0.23716226035740115        2.9313137461917500E-002
  0.23813030258637141        3.2792640468843587E-002
  0.23910229614282377        3.6300610567055344E-002
  0.24007825715517533        3.9791065277396870E-002
  0.24105820181767584        4.3219748357922257E-002
  0.24204214639067612        4.6544596038773936E-002
  0.24303010720089804        4.9726154117202215E-002
  0.24402210064170560        5.2727943319902132E-002
  0.24501814317337661        5.5516771169770517E-002
  0.24601825132337590        5.8062989391138083E-002
  0.24702244168662996        6.0340696643137869E-002
  0.24803073092580163        6.2327887077774244E-002
  0.24904313577156709        6.4006545871694354E-002
  0.25005967302289334        6.5362693473743905E-002
  0.25108035954731700        6.6386380840749937E-002
  0.25210521228122396        6.7071638399166730E-002
  0.25313424823013059        6.7416381868982425E-002
  0.25416748446896609        6.7422278418360446E-002
  0.25520493814235545        6.7094576883475004E-002
  0.25624662646490398        6.6441905989421984E-002
  0.25729256672148348        6.5476044647115636E-002
  0.25834277626751834        6.4211668480619530E-002
  0.25939727252927380        6.2666076762798492E-002
  0.26045607300414547        6.0858903908397828E-002
  0.26151919526094891        5.8811819596904069E-002
  0.26258665694021183        5.6548221477326174E-002
  0.26365847575446660        5.4092924248081424E-002
  0.26473466948854396        5.1471848712286786E-002
  0.26581525599986822        4.8711714186838714E-002
  0.26690025321875377        4.5839737397528245E-002
  0.26798967914870253        4.2883340726868335E-002
  0.26908355186670235        3.9869872400903249E-002
  0.27018188952352734        3.6826340910448979E-002
  0.27128471034403900        3.3779165665243124E-002
  0.27239203262748851        3.0753945580178840E-002
  0.27350387474782023        2.7775246994976563E-002
  0.27462025515397709        2.4866412035478680E-002
  0.27574119237020622        2.2049388239406859E-002
  0.27686670499636645        1.9344579994479180E-002
  0.27799681170823720        1.6770722074623212E-002
  0.27913153125782791        1.4344775312677943E-002
  0.28027088247368953        1.2081844217076851E-002
  0.28141488426122702        9.9951161269109939E-003
  0.28256355560301261        8.0958213055727507E-003
  0.28371691555910122        6.3932131984898166E-003
  0.28487498326734656        4.8945679258946273E-003
  0.28603777794371876        3.6052019471709412E-003
  0.28720531888262307        2.5285067191443966E-003
  0.28837762545721990        1.6659990763716326E-003
  0.28955471711974690        1.0173859866508261E-003
  0.29073661340184104        5.8064227888708630E-004
  0.29192333391486291        3.5209990235568478E-004
  0.29311489835022253        3.2654725536658546E-004
  0.29431132647970543        4.9733711626867572E-004
  0.29551263815580109        8.5650171955238552E-004
  0.29671885331203263        1.3948735432754156E-003
  0.29792999196328690        2.1022104099066852E-003
  0.29914607420614708        2.9673235496938122E-003
  0.30036712021922612        3.9782073324520356E-003
  0.30159315026350136        5.1221694390415906E-003
  0.30282418468265071        6.3859603163574918E-003
  0.30406024390339059        7.7559008382385164E-003
  0.30530134843581452        9.2180071780217851E-003
  0.30654751887373349        1.0758111985408887E-002
  0.30779877589501764        1.2361981049720396E-002
  0.30905514026193970        1.4015424722476147E-002
  0.31031663282151906        1.5704403463536250E-002
  0.31158327450586787        1.7415126965922706E-002
  0.31285508633253861        1.9134146404004043E-002
  0.31413208940487242        2.0848439437299873E-002
  0.31541430491234945        2.2545487687007815E-002
  0.31670175413094059        2.4213346483929692E-002
  0.31799445842346041        2.5840706764231745E-002
  0.31929243923992134        2.7416949062998984E-002
  0.32059571811789023        2.8932189624479236E-002
  0.32190431668284508        3.0377318711938973E-002
  0.32321825664853443        3.1744031259013067E-002
  0.32453755981733712        3.3024850058095967E-002
  0.32586224808062436        3.4213141729675510E-002
  0.32719234341912323        3.5303125759457592E-002
  0.32852786790328065        3.6289876927726679E-002
  0.32986884369363056        3.7169321487697096E-002
  0.33121529304116082        3.7938227476704195E-002
  0.33256723828768275        3.8594189566178230E-002
  0.33392470186620210        3.9135608873556271E-002
  0.33528770630129073        3.9561668171862220E-002
  0.33665627420946076        3.9872302940854205E-002
  0.33803042829953994        4.0068168707658634E-002
  0.33941019137304806        4.0150605124943922E-002
  0.34079558632457546        4.0121597231237059E-002
  0.34218663614216327        3.9983734331236573E-002
  0.34358336390768413        3.9740166924221797E-002
  0.34498579279722608        3.9394562096223960E-002
  0.34639394608147639        3.8951057776776724E-002
  0.34780784712610791        3.8414216244141576E-002
  0.34922751939216706        3.7788977244161921E-002
  0.35065298643646264        3.7080611067646270E-002
  0.35208427191195729        3.6294671909685425E-002
  0.35352139956815942        3.5436951811829223E-002
  0.35496439325151735        3.4513435464847517E-002
  0.35641327690581565        3.3530256126090646E-002
  0.35786807457257153        3.2493652881514797E-002
  0.35932881039143427        3.1409929458392390E-002
  0.36079550860058590        3.0285414770839868E-002
  0.36226819353714296        2.9126425356694075E-002
  0.36374688963756052        2.7939229841141305E-002
  0.36523162143803800        2.6730015539972139E-002
  0.36672241357492547        2.5504857293552320E-002
  0.36821929078513355        2.4269688601638820E-002
  0.36972227790654283        2.3030275109170273E-002
  0.37123139987841652        2.1792190474166528E-002
  0.37274668174181458        2.0560794630961922E-002
  0.37426814864000829        1.9341214445241582E-002
  0.37579582581889864        1.8138326741745245E-002
  0.37732973862743413        1.6956743671133132E-002
  0.37886991251803198        1.5800800369332138E-002
  0.38041637304700071        1.4674544850755540E-002
  0.38196914587496344        1.3581730066061698E-002
  0.38352825676728425        1.2525808045622186E-002
  0.38509373159449567        1.1509926041548518E-002
  0.38666559633272773        1.0536924573960396E-002
  0.38824387706413899        9.6093372811576899E-003
  0.38982859997734975        8.7293924683983296E-003
  0.39141979136787586        7.8990162460734689E-003
  0.39301747763856587        7.1198371451581116E-003
  0.39462168530003849        6.3931920958220090E-003
  0.39623244097112265        5.7201336539901143E-003
  0.39784977137929967        5.1014383603584373E-003
  0.39947370336114574        4.5376161168649842E-003
  0.40110426386277853        4.0289204668077991E-003
  0.40274147994030307        3.5753596666390011E-003
  0.40438537876026137        3.1767084398966611E-003
  0.40603598760008325        2.8325203066883950E-003
  0.40769333384853856        2.5421403855585001E-003
  0.40935744500619187        2.3047185684159643E-003
  0.41102834868585908        2.1192229733785414E-003
  0.41270607261306486        1.9844535848921319E-003
  0.41439064462650332        1.8990559952231575E-003
  0.41608209267850005        1.8615351663697280E-003
  0.41778044483547516        1.8702691365391627E-003
  0.41948572927840988        1.9235226005519454E-003
  0.42119797430331363        2.0194602988159796E-003
  0.42291720832169355        2.1561601548212433E-003
  0.42464345986102636        2.3316261064249763E-003
  0.42637675756523108        2.5438005814523920E-003
  0.42811713019514508        2.7905765733534024E-003
  0.42986460662900056        3.0698092777489763E-003
  0.43161921586290408        3.3793272556951748E-003
  0.43338098701131811        3.7169430943274143E-003
  0.43514994930754325        4.0804635402317962E-003
  0.43692613210420378        4.4676990853916992E-003
  0.43870956487373508        4.8764729898604919E-003
  0.44050027720887197        5.3046297294209385E-003
  0.44229829882313998        5.7500428603735124E-003
  0.44410365955134889        6.2106222972629910E-003
  0.44591638935008682        6.6843210027873606E-003
  0.44773651829821842        7.1691410923387378E-003
  0.44956407659738296        7.6631393585915204E-003
  0.45139909457249600        8.1644322242924415E-003
  0.45324160267225266        8.6712001339026984E-003
  0.45509163146963244        9.1816913970119707E-003
  0.45694921166240710        9.6942254984921233E-003
  0.45881437407364939        1.0207195892162645E-002
  0.46068714965224478        1.0719072296356991E-002
  0.46256756947340538        1.1228402511152161E-002
  0.46445566473918498        1.1733813778224592E-002
  0.46635146677899686        1.2234013705275396E-002
  0.46825500705013429        1.2727790777777696E-002
  0.47016631713829160        1.3214014481423012E-002
  0.47208542875808879        1.3691635059100885E-002
  0.47401237375359806        1.4159682926544105E-002
  0.47594718409887132        1.4617267770923023E-002
  0.47788989189847175        1.5063577356680975E-002
  0.47984052938800570        1.5497876062785555E-002
  0.48179912893465782        1.5919503175332229E-002
  0.48376572303772875        1.6327870959088969E-002
  0.48574034432917323        1.6722462531126973E-002
  0.48772302557414277        1.7102829559143381E-002
  0.48971379967152823        1.7468589806467170E-002
  0.49171269965450648        1.7819424545051511E-002
  0.49371975869108847        1.8155075857005088E-002
  0.49573501008466908        1.8475343844412739E-002
  0.49775848727458005        1.8780083766340563E-002
  0.49979022383664523        1.9069203121042721E-002
  0.50183025348373689        1.9342658690454637E-002
  0.50387861006633561        1.9600453563132177E-002
  0.50593532757309234        1.9842634150821749E-002
  0.50800044013139123        2.0069287212887168E-002
  0.51007398200791731        2.0280536901842477E-002
  0.51215598760922409        2.0476541842263538E-002
  0.51424649148230461        2.0657492254385183E-002
  0.51634552831516523        2.0823607132733853E-002
  0.51845313293740036        2.0975131489197874E-002
  0.52056934032077162        2.1112333669018081E-002
  0.52269418557978653        2.1235502747269128E-002
  0.52482770397228251        2.1344946012530428E-002
  0.52696993090001132        2.1440986543587351E-002
  0.52912090190922667        2.1523960884184529E-002
  0.53128065269127367        2.1594216820058389E-002
  0.53344921908318188        2.1652111261720369E-002
  0.53562663706825886        2.1698008235741091E-002
  0.53781294277668812        2.1732276986590804E-002
  0.54000817248612853        2.1755290190451623E-002
  0.54221236262231554        2.1767422281793593E-002
  0.54442554975966673        2.1769047892936773E-002
  0.54664777062188774        2.1760540406282333E-002
  0.54887906208258186        2.1742270618393997E-002
  0.55111946116586275        2.1714605514648509E-002
  0.55336900504696696        2.1677907152752265E-002
  0.55562773105287300        2.1632531653023077E-002
  0.55789567666291884        2.1578828292994567E-002
  0.56017287950942463        2.1517138703571265E-002
  0.56245937737831742        2.1447796163684928E-002
  0.56475520820975744        2.1371124990149617E-002
  0.56706041009876806        2.1287440019193443E-002
  0.56937502129586803        2.1197046175955046E-002
  0.57169908020770599        2.1100238128077042E-002
  0.57403262539769728        2.0997300019392415E-002
  0.57637569558666502        2.0888505279602700E-002
  0.57872832965348131        2.0774116505760193E-002
  0.58109056663571335        2.0654385411317838E-002
  0.58346244573027040        2.0529552838473446E-002
  0.58584400629405475        2.0399848829529967E-002
  0.58823528784461476        2.0265492752994115E-002
  0.59063633006079996        2.0126693480170942E-002
  0.59304717278342045        1.9983649608052885E-002
  0.59546785601590702        1.9836549724357604E-002
  0.59789841992497528        1.9685572710652757E-002
  0.60033890484129260        1.9530888079583551E-002
  0.60278935126014666        1.9372656342323283E-002
  0.60524979984211758        1.9211029402475932E-002
  0.60772029141375294        1.9046150972775969E-002
  0.61020086696824494        1.8878157011061762E-002
  0.61269156766611022        1.8707176172128963E-002
  0.61519243483587394        1.8533330272212545E-002
  0.61770350997475421        1.8356734762991392E-002
  0.62022483474935197        1.8177499212155807E-002
  0.62275645099634114        1.7995727787733520E-002
  0.62529840072316345        1.7811519743522103E-002
  0.62785072610872605        1.7624969903133315E-002
  0.63041346950409982        1.7436169140308301E-002
  0.63298667343322390        1.7245204853322253E-002
  0.63557038059361004        1.7052161431452870E-002
  0.63816463385705124        1.6857120711637405E-002
  0.64076947627033398        1.6660162423601271E-002
  0.64338495105595150        1.6461364621888679E-002
  0.64601110161282127        1.6260804103371398E-002
  0.64864797151700582        1.6058556808961108E-002
  0.65129560452243462        1.5854698208385587E-002
  0.65395404456163087        1.5649303667031711E-002
  0.65662333574644061        1.5442448793983786E-002
  0.65930352236876377        1.5234209770519536E-002
  0.66199464890129045        1.5024663658447103E-002
  0.66469675999823752        1.4813888687783418E-002
  0.66740990049609028        1.4601964523387093E-002
  0.67013411541434675        1.4388972510271547E-002
  0.67286944995626363        1.4174995897421105E-002
  0.67561594950960757        1.3960120040030638E-002
  0.67837365964740748        1.3744432580187184E-002
  0.68114262612871068        1.3528023606088471E-002
  0.68392289489934310        1.3310985789983555E-002
  0.68671451209267076        1.3093414505091099E-002
  0.68951752403036504        1.2875407921821486E-002
  0.69233197722317286        1.2657067083695350E-002
  0.69515791837168661        1.2438495963411143E-002
  0.69799539436711988        1.2219801499566592E-002
  0.70084445229208592        1.2001093614590577E-002
  0.70370513942137802        1.1782485214487021E-002
  0.70657750322275481        1.1564092171031007E-002
  0.70946159135772713        1.1346033287092987E-002
  0.71235745168234910        1.1128430245800319E-002
  0.71526513224801314        1.0911407544267948E-002
  0.71818468130224533        1.0695092412657425E-002
  0.72111614728950835        1.0479614719338205E-002
  0.72405957885200312        1.0265106862942096E-002
  0.72701502483047720        1.0051703652113532E-002
  0.72998253426503557        9.8395421737633160E-003
  0.73296215639595286        9.6287616506427337E-003
  0.73595394066449149        9.4195032890515805E-003
  0.73895793671372234        9.2119101174961034E-003
  0.74197419438934753        9.0061268171064204E-003
  0.74500276374052765        8.8022995446174930E-003
  0.74804369502071344        8.6005757487091460E-003
  0.75109703868847777        8.4011039804879201E-003
  0.75416284540835488        8.2040336988813932E-003
  0.75724116605167924        8.0095150717010496E-003
  0.76033205169743068        7.8176987731113749E-003
  0.76343555363308235        7.6287357782257800E-003
  0.76655172335545019        7.4427771555302981E-003
  0.76968061257154952        7.2599738578136667E-003
  0.77282227319945096        7.0804765122613918E-003
  0.77597675736914307        6.9044352103484682E-003
  0.77914411742339751        6.7319992981405390E-003
  0.78232440591863694        6.5633171675887787E-003
  0.78551767562580699        6.3985360493798576E-003
  0.78872397953125306        6.2378018078735852E-003
  0.79194337083759792        6.0812587386389165E-003
  0.79517590296462559        5.9290493690678722E-003
  0.79842162955016782        5.7813142625246679E-003
  0.80168060445099321        5.6381918264568238E-003
  0.80495288174370172        5.4998181248715958E-003
  0.80823851572562166        5.3663266955519609E-003
  0.81153756091571005        5.2378483723620611E-003
  0.81485007205545901        5.1145111129632451E-003
  0.81817610410980179        4.9964398322388318E-003
  0.82151571226802678        4.8837562416981159E-003
  0.82486895194469190        4.7765786951056103E-003
  0.82823587878054472        4.6750220405570898E-003
  0.83161654864344625        4.5791974791993990E-003
  0.83501101762929653        4.4892124307680959E-003
  0.83841934206296653        4.4051704060934088E-003
  0.84184157849923302        4.3271708867023365E-003
  0.84527778372371576        4.2553092116246194E-003
  0.84872801475382054        4.1896764714867574E-003
  0.85219232883968588        4.1303594099611225E-003
  0.85567078346513115        4.0774403326141392E-003
  0.85916343634861292        4.0309970231821243E-003
  0.86267034544418009        3.9911026672826578E-003
  0.86619156894243732        3.9578257835537062E-003
  0.86972716527151039        3.9312301621955772E-003
  0.87327719309801433        3.9113748108746153E-003
  0.87684171132802924        3.8983139079346914E-003
  0.88042077910807537        3.8920967628446428E-003
  0.88401445582609561        3.8927677838011552E-003
  0.88762280111244185        3.9003664523891294E-003
  0.89124587484086226        3.9149273051945141E-003
  0.89488373712949654        3.9364799222490563E-003
  0.89853644834187318        3.9650489221799796E-003
  0.90220406908791040        4.0006539639249744E-003
  0.90588666022492215        4.0433097548666424E-003
  0.90958428285862880        4.0930260652295072E-003
  0.91329699834416944        4.1498077485789438E-003
  0.91702486828712149        4.2136547682507623E-003
  0.92076795454452198        4.2845622295370322E-003
  0.92452631922589401        4.3625204174470135E-003
  0.92830002469427830        4.4475148398568417E-003
  0.93208913356726641        4.5395262758588959E-003
  0.93589370871804145        4.6385308291167111E-003
  0.93971381327641990        4.7444999860289322E-003
  0.94354951062989978        4.8574006785027735E-003
  0.94740086442471305        4.9771953511369513E-003
  0.95126793856688030        5.1038420326099737E-003
  0.95515079722327212        5.2372944110713384E-003
  0.95904950482267404        5.3775019133314519E-003
  0.96296412605685466        5.5244097876444610E-003
  0.96689472588163972        5.6779591898834317E-003
  0.97084136951799027        5.8380872728999332E-003
  0.97480412245308368        6.0047272788712565E-003
  0.97878305044140190        6.1778086344298514E-003
  0.98277821950582100        6.3572570483795259E-003
  0.98678969593870736        6.5429946118000524E-003
  0.99081754630301844        6.7349399003460075E-003
  0.99486183743340539        6.9330080785489781E-003
  0.99892263643732426        7.1371110059333838E-003
   1.0030000106961476        7.3471573447609819E-003
   1.0070940278662834        7.5630526692220292E-003
   1.0112047558802988        7.7846995758944389E-003
   1.0153322629480441        8.0119977952959193E-003
   1.0194766175577885        8.2448443043586263E-003
   1.0236378884773538        8.4831334396597291E-003
   1.0278161447552574        8.7267570112450812E-003
   1.0320114557218547        8.9756044168885010E-003
   1.0362238909904942        9.2295627566328226E-003
   1.0404535204586696        9.4885169474633047E-003
   1.0447004143091787        9.7523498379697045E-003
   1.0489646430112913        1.0020942322857228E-002
   1.0532462773219167        1.0294173457171525E-002
   1.0575453882867758        1.0571920570106842E-002
   1.0618620472415838        1.0854059378273963E-002
   1.0661963258132321        1.1140464098305488E-002
   1.0705482959209747        1.1431007558684859E-002
   1.0749180297776255        1.1725561310687240E-002
   1.0793055998907541        1.2023995738327214E-002
   1.0837110790638902        1.2326180167212410E-002
   1.0881345403977287        1.2631982972206447E-002
   1.0925760572913470        1.2941271683810932E-002
   1.0970357034434204        1.3253913093179364E-002
   1.1015135528534441        1.3569773355680647E-002
   1.1060096798229635        1.3888718092936856E-002
   1.1105241589568067        1.4210612493260385E-002
   1.1150570651643195        1.4535321410424120E-002
   1.1196084736606120        1.4862709460700375E-002
   1.1241784599678060        1.5192641118109536E-002
   1.1287670999162849        1.5524980807822934E-002
   1.1333744696459565        1.5859592997670563E-002
   1.1380006456075142        1.6196342287704970E-002
   1.1426457045637044        1.6535093497780987E-002
   1.1473097235906025        1.6875711753110451E-002
   1.1519927800788912        1.7218062567759412E-002
   1.1566949517351428        1.7562011926054250E-002
   1.1614163165831117        1.7907426361871481E-002
   1.1661569529650266        1.8254173035785748E-002
   1.1709169395428922        1.8602119810056626E-002
   1.1756963552997917        1.8951135321435841E-002
   1.1804952795412009        1.9301089051783210E-002
   1.1853137918963028        1.9651851396477325E-002
   1.1901519723193061        2.0003293730615688E-002
   1.1950099010907769        2.0355288472999153E-002
   1.1998876588189678        2.0707709147896890E-002
   1.2047853264411541        2.1060430444594054E-002
   1.2097029852249803        2.1413328274725495E-002
   1.2146407167698074        2.1766279827399586E-002
   1.2195986030080641        2.2119163622121293E-002
   1.2245767262066105        2.2471859559525721E-002
   1.2295751689681005        2.2824248969931793E-002
   1.2345940142323542        2.3176214659733924E-002
   1.2396333452777308        2.3527640955645947E-002
   1.2446932457225151        2.3878413746816020E-002
   1.2497737995263021        2.4228420524833781E-002
   1.2548750909913893        2.4577550421650326E-002
   1.2599972047641785        2.4925694245434921E-002
   1.2651402258365791        2.5272744514393652E-002
   1.2703042395474162        2.5618595488575320E-002
   1.2754893315838498        2.5963143199693950E-002
   1.2806955879827961        2.6306285478995016E-002
   1.2859230951323521        2.6647921983195669E-002
   1.2911719397732333        2.6987954218531757E-002
   1.2964422090002106        2.7326285562941081E-002
   1.3017339902635547        2.7662821286417411E-002
   1.3070473713704895        2.7997468569569323E-002
   1.3123824404866489        2.8330136520417111E-002
   1.3177392861375357        2.8660736189463434E-002
   1.3231179972099965        2.8989180583074210E-002
   1.3285186629536925        2.9315384675205843E-002
   1.3339413729825829        2.9639265417514195E-002
   1.3393862172764077        2.9960741747884705E-002
   1.3448532861821869        3.0279734597420345E-002
   1.3503426704157151        3.0596166895924100E-002
   1.3558544610630672        3.0909963575916737E-002
   1.3613887495821120        3.1221051575225593E-002
   1.3669456278040288        3.1529359838184376E-002
   1.3725251879348284        3.1834819315481981E-002
   1.3781275225568879        3.2137362962699340E-002
   1.3837527246304846        3.2436925737571946E-002
   1.3894008874953359        3.2733444596017784E-002
   1.3950721048721533        3.3026858486968028E-002
   1.4007664708641934        3.3317108346039660E-002
   1.4064840799588225        3.3604137088087127E-002
   1.4122250270290799        3.3887889598672088E-002
   1.4179894073352572        3.4168312724488011E-002
   1.4237773165264773        3.4445355262777567E-002
   1.4295888506422783        3.4718967949778974E-002
   1.4354241061142121        3.4989103448239876E-002
   1.4412831797674421        3.5255716334032697E-002
   1.4471661688223481        3.5518763081909308E-002
   1.4530731708961429        3.5778202050430190E-002
   1.4590042840044910        3.6033993466102261E-002
   1.4649596065631323        3.6286099406761481E-002
   1.4709392373895191        3.6534483784232893E-002
   1.4769432757044543        3.6779112326303494E-002
   1.4829718211337348        3.7019952558039783E-002
   1.4890249737098105        3.7256973782482751E-002
   1.4951028338734396        3.7490147060753168E-002
   1.5012055024753554        3.7719445191598311E-002
   1.5073330807779428        3.7944842690410908E-002
   1.5134856704569155        3.8166315767751008E-002
   1.5196633736030056        3.8383842307400343E-002
   1.5258662927236537        3.8597401843978842E-002
   1.5320945307447145        3.8806975540151674E-002
   1.5383481910121630        3.9012546163454224E-002
   1.5446273772938062        3.9214098062763651E-002
   1.5509321937810101        3.9411617144443502E-002
   1.5572627450904259        3.9605090848185559E-002
   1.5636191362657244        3.9794508122578100E-002
   1.5700014727793419        3.9979859400422660E-002
   1.5764098605342303        4.0161136573824086E-002
   1.5828444058656099        4.0338332969078239E-002
   1.5893052155427401        4.0511443321380534E-002
   1.5957923967706868        4.0680463749376609E-002
   1.6023060571921037        4.0845391729577719E-002
   1.6088463048890147        4.1006226070662150E-002
   1.6154132483846122        4.1162966887682700E-002
   1.6220069966450557        4.1315615576200775E-002
   1.6286276590812767        4.1464174786365479E-002
   1.6352753455508005        4.1608648396957972E-002
   1.6419501663595648        4.1749041489417354E-002
   1.6486522322637496        4.1885360321867585E-002
   1.6553816544716176        4.2017612303160298E-002
   1.6621385446453594        4.2145805966952075E-002
   1.6689230149029417        4.2269950945830345E-002
   1.6757351778199741        4.2390057945503837E-002
   1.6825751464315746        4.2506138719072224E-002
   1.6894430342342412        4.2618206041388385E-002
   1.6963389551877424        4.2726273683529319E-002
   1.7032630237170037        4.2830356387384333E-002
   1.7102153547140044        4.2930469840378002E-002
   1.7171960635396897        4.3026630650336017E-002
   1.7242052660258809        4.3118856320507729E-002
   1.7312430784771990        4.3207165224755220E-002
   1.7383096176729915        4.3291576582920210E-002
   1.7454050008692747        4.3372110436378078E-002
   1.7525293458006783        4.3448787623788759E-002
   1.7596827706823941        4.3521629757053773E-002
   1.7668653942121444        4.3590659197488696E-002
   1.7740773355721486        4.3655899032217393E-002
   1.7813187144310982        4.3717373050878028E-002
   1.7885896509461472        4.3775105722170374E-002
   1.7958902657649043        4.3829122171430195E-002
   1.8032206800274309        4.3879448157683174E-002
   1.8105810153682576        4.3926110051337411E-002
   1.8179713939183981        4.3969134812063979E-002
   1.8253919383073787        4.4008549966945393E-002
   1.8328427716652678        4.4044383588898194E-002
   1.8403240176247260        4.4076664275374267E-002
   1.8478358003230537        4.4105421127343093E-002
   1.8553782444042495        4.4130683728562110E-002
   1.8629514750210820        4.4152482125135090E-002
   1.8705556178371661        4.4170846805365982E-002
   1.8781907990290427        4.4185808679906943E-002
   1.8858571452882809        4.4197399062206641E-002
   1.8935547838235744        4.4205649649259486E-002
   1.9012838423628520        4.4210592502657756E-002
   1.9090444491554013        4.4212260029949373E-002
   1.9168367329739937        4.4210684966302399E-002
   1.9246608231170197        4.4205900356477743E-002
   1.9325168494106386        4.4197939537110195E-002
   1.9404049422109304        4.4186836119300202E-002
   1.9483252324060565        4.4172623971515501E-002
   1.9562778514184365        4.4155337202804248E-002
   1.9642629312069249        4.4135010146318293E-002
   1.9722806042690040        4.4111677343147797E-002
   1.9803310036429771        4.4085373526466409E-002
   1.9884142629101824        4.4056133605986467E-002
   1.9965305161972071        4.4023992652723415E-002
   2.0046798981781091        4.3988985884069909E-002
   2.0128625440766581        4.3951148649175938E-002
   2.0210785896685763        4.3910516414636572E-002
   2.0293281712837890        4.3867124750484821E-002
   2.0376114258086915        4.3821009316487740E-002
   2.0459284906884188        4.3772205848744306E-002
   2.0542795039291217        4.3720750146584587E-002
   2.0626646041002639        4.3666678059766359E-002
   2.0710839303369175        4.3610025475968893E-002
   2.0795376223420732        4.3550828308580244E-002
   2.0880258203889532        4.3489122484777348E-002
   2.0965486653233478        4.3424943933894802E-002
   2.1051062985659468        4.3358328576082329E-002
   2.1136988621146831        4.3289312311245304E-002
   2.1223264985470975        4.3217931008268852E-002
   2.1309893510226989        4.3144220494519686E-002
   2.1396875632853374        4.3068216545626439E-002
   2.1484212796655959        4.2989954875531436E-002
   2.1571906450831819        4.2909471126815105E-002
   2.1659958050493291        4.2826800861287082E-002
   2.1748369056692178        4.2741979550841955E-002
   2.1837140936443968        4.2655042568576947E-002
   2.1926275162752127        4.2566025180167541E-002
   2.2015773214632635        4.2474962535498491E-002
   2.2105636577138457        4.2381889660546304E-002
   2.2195866741384194        4.2286841449510587E-002
   2.2286465204570853        4.2189852657190011E-002
   2.2377433470010675        4.2090957891601090E-002
   2.2468773047152077        4.1990191606833760E-002
   2.2560485451604677        4.1887588096143319E-002
   2.2652572205164492        4.1783181485272623E-002
   2.2745034835839171        4.1677005726003927E-002
   2.2837874877873303        4.1569094589932507E-002
   2.2931093871773944        4.1459481662463965E-002
   2.3024693364336155        4.1348200337027581E-002
   2.3118674908668622        4.1235283809503344E-002
   2.3213040064219506        4.1120765072860117E-002
   2.3307790396802273        4.1004676912000111E-002
   2.3402927478621649        4.0887051898806676E-002
   2.3498452888299783        4.0767922387392103E-002
   2.3594368210902377        4.0647320509541451E-002
   2.3690675037965030        4.0525278170348393E-002
   2.3787374967519588        4.0401827044041647E-002
   2.3884469604120731        4.0276998569995628E-002
   2.3981960558872570        4.0150823948924073E-002
   2.4079849449455333        4.0023334139251944E-002
   2.4178137900152290        3.9894559853662519E-002
   2.4276827541876669        3.9764531555816482E-002
   2.4375920012198664        3.9633279457238955E-002
   2.4475416955372706        3.9500833514371676E-002
   2.4575320022364697        3.9367223425786635E-002
   2.4675630870879357        3.9232478629557796E-002
   2.4776351165387829        3.9096628300787264E-002
   2.4877482577155234        3.8959701349283338E-002
   2.4979026784268394        3.8821726417387382E-002
   2.5080985471663721        3.8682731877943868E-002
   2.5183360331155162        3.8542745832413440E-002
   2.5286153061462220        3.8401796109124482E-002
   2.5389365368238228        3.8259910261659244E-002
   2.5492998964098588        3.8117115567372864E-002
   2.5597055568649218        3.7973439026040494E-002
   2.5701536908515048        3.7828907358632133E-002
   2.5806444717368717        3.7683547006208282E-002
   2.5911780735959340        3.7537384128937173E-002
   2.6017546712141315        3.7390444605228043E-002
   2.6123744400903441        3.7242754030979042E-002
   2.6230375564397970        3.7094337718936055E-002
   2.6337441971969815        3.6945220698159378E-002
   2.6444945400185995        3.6795427713596576E-002
   2.6552887632865070        3.6644983225757460E-002
   2.6661270461106703        3.6493911410489410E-002
   2.6770095683321458        3.6342236158849239E-002
   2.6879365105260575        3.6189981077070388E-002
   2.6989080540045989        3.6037169486621404E-002
   2.7099243808200328        3.5883824424353852E-002
   2.7209856737677236        3.5729968642737239E-002
   2.7320921163891634        3.5575624610177617E-002
   2.7432438929750149        3.5420814511418583E-002
   2.7544411885681774        3.5265560248020952E-002
   2.7656841889668535        3.5109883438919652E-002
   2.7769730807276272        3.4953805421055070E-002
   2.7883080511685678        3.4797347250076681E-002
   2.7996892883723348        3.4640529701116168E-002
   2.8111169811892935        3.4483373269629025E-002
   2.8225913192406575        3.4325898172300778E-002
   2.8341124929216317        3.4168124348016915E-002
   2.8456806934045655        3.4010071458893822E-002
   2.8572961126421350        3.3851758891369176E-002
   2.8689589433705232        3.3693205757348521E-002
   2.8806693791126143        3.3534430895407911E-002
   2.8924276141812122        3.3375452872048399E-002
   2.9042338436822610        3.3216289983002772E-002
   2.9160882635180831        3.3056960254590539E-002
   2.9279910703906258        3.2897481445120474E-002
   2.9399424618047334        3.2737871046338969E-002
   2.9519426360714194        3.2578146284921679E-002
   2.9639917923111532        3.2418324124007115E-002
   2.9760901304571732        3.2258421264770680E-002
   2.9882378512587997        3.2098454148037234E-002
   3.0004351562847607        3.1938438955929703E-002
   3.0126822479265480        3.1778391613554287E-002
   3.0249793294017673        3.1618327790718201E-002
   3.0373266047575087        3.1458262903680194E-002
   3.0497242788737404        3.1298212116931054E-002
   3.0621725574667020        3.1138190345004146E-002
   3.0746716470923223        3.0978212254312503E-002
   3.0872217551496384        3.0818292265013168E-002
   3.0998230898842483        3.0658444552895861E-002
   3.1124758603917613        3.0498683051295043E-002
   3.1251802766212617        3.0339021453025011E-002
   3.1379365493788032        3.0179473212334874E-002
   3.1507448903309023        3.0020051546883697E-002
   3.1636055120080444        2.9860769439734359E-002
   3.1765186278082207        2.9701639641364234E-002
   3.1894844520004644        2.9542674671691704E-002
   3.2025031997284015        2.9383886822118552E-002
   3.2155750870138298        2.9225288157584892E-002
   3.2287003307602982        2.9066890518638332E-002
   3.2418791487567020        2.8908705523513271E-002
   3.2551117596809069        2.8750744570222371E-002
   3.2683983831033703        2.8593018838655941E-002
   3.2817392394907818        2.8435539292691950E-002
   3.2951345502097307        2.8278316682312538E-002
   3.3085845375303724        2.8121361545727450E-002
   3.3220894246301196        2.7964684211503839E-002
   3.3356494355973410        2.7808294800700788E-002
   3.3492647954350852        2.7652203229008240E-002
   3.3629357300648142        2.7496419208889105E-002
   3.3766624663301439        2.7340952251724261E-002
   3.3904452320006189        2.7185811669958898E-002
   3.4042842557754875        2.7031006579250477E-002
   3.4181797672874907        2.6876545900616781E-002
   3.4321319971066844        2.6722438362583374E-002
   3.4461411767442565        2.6568692503330178E-002
   3.4602075386563675        2.6415316672836753E-002
   3.4743313162480152        2.6262319035024080E-002
   3.4885127438769019        2.6109707569894811E-002
   3.5027520568573265        2.5957490075668666E-002
   3.5170494914640815        2.5805674170914186E-002
   3.5314052849363842        2.5654267296676157E-002
   3.5458196754818094        2.5503276718596382E-002
   3.5602929022802345        2.5352709529030563E-002
   3.5748252054878202        2.5202572649157040E-002
   3.5894168262409902        2.5052872831079712E-002
   3.6040680066604258        2.4903616659923473E-002
   3.6187789898550959        2.4754810555921887E-002
   3.6335500199262847        2.4606460776496308E-002
   3.6483813419716364        2.4458573418326929E-002
   3.6632732020892336        2.4311154419414602E-002
   3.6782258473816740        2.4164209561132605E-002
   3.6932395259601685        2.4017744470270275E-002
   3.7083144869486642        2.3871764621064044E-002
   3.7234509804879772        2.3726275337220271E-002
   3.7386492577399353        2.3581281793925876E-002
   3.7539095708915569        2.3436789019847970E-002
   3.7692321731592284        2.3292801899122854E-002
   3.7846173187929102        2.3149325173331528E-002
   3.8000652630803460        2.3006363443465339E-002
   3.8155762623513128        2.2863921171877542E-002
   3.8311505739818670        2.2722002684223124E-002
   3.8467884563986092        2.2580612171385513E-002
   3.8624901690829847        2.2439753691390556E-002
   3.8782559725755825        2.2299431171306922E-002
   3.8940861284804527        2.2159648409133280E-002
   3.9099808994694594        2.2020409075671262E-002
   3.9259405492866346        2.1881716716385627E-002
   3.9419653427525452        2.1743574753249187E-002
   3.9580555457687030        2.1605986486574469E-002
   3.9742114253219660        2.1468955096830403E-002
   3.9904332494889743        2.1332483646444890E-002
   4.0067212874405893        2.1196575081592721E-002
   4.0230758094463717        2.1061232233968340E-002
   4.0394970868790629        2.0926457822544056E-002
   4.0559853922190783        2.0792254455313505E-002
   4.0725409990590427        2.0658624630993796E-002
   4.0891641821083224        2.0525570740839418E-002
   4.1058552171975808        2.0393095070190780E-002
   4.1226143812833644        2.0261199800254013E-002
   4.1394419524526915        2.0129887009744468E-002
   4.1563382099276636        1.9999158676537183E-002
   4.1733034340701094        1.9869016679303429E-002
   4.1903379063862296        1.9739462799133745E-002
   4.2074419095312638        1.9610498721129403E-002
   4.2246157273141920        1.9482126036011408E-002
   4.2418596447024361        1.9354346241680285E-002
   4.2591739478265858        1.9227160744776831E-002
   4.2765589239851547        1.9100570862224109E-002
   4.2940148616493437        1.8974577822753386E-002
   4.3115420504678283        1.8849182768414068E-002
   4.3291407812715565        1.8724386756068880E-002
   4.3468113460785895        1.8600190758872020E-002
   4.3645540380989400        1.8476595667732541E-002
   4.3823691517394279        1.8353602292761350E-002
   4.4002569826085844        1.8231211364703258E-002
   4.4182178275215458        1.8109423536352285E-002
   4.4362519845049730        1.7988239383952467E-002
   4.4543597528020111        1.7867659408582141E-002
   4.4725414328772475        1.7747684037523113E-002
   4.4907973264216903        1.7628313625614206E-002
   4.5091277363577875        1.7509548456589190E-002
   4.5275329668444471        1.7391388744399366E-002
   4.5460133232820850        1.7273834634520702E-002
   4.5645691123176864        1.7156886205245594E-002
   4.5832006418499045        1.7040543468959668E-002
   4.6019082210341660        1.6924806373402650E-002
   4.6206921602877928        1.6809674802914804E-002
   4.6395527712951647        1.6695148579667800E-002
   4.6584903670128890        1.6581227464880922E-002
   4.6775052616749795        1.6467911160022140E-002
   4.6965977707980926        1.6355199307994027E-002
   4.7157682111867478        1.6243091494305528E-002
   4.7350169009385850        1.6131587248228441E-002
   4.7543441594496505        1.6020686043939591E-002
   4.7737503074196939        1.5910387301648163E-002
   4.7932356668574805        1.5800690388709092E-002
   4.8128005610861475        1.5691594620721387E-002
   4.8324453147485658        1.5583099262612782E-002
   4.8521702538127149        1.5475203529709896E-002
   4.8719757055771122        1.5367906588794292E-002
   4.8918619986762248        1.5261207559144750E-002
   4.9118294630859394        1.5155105513565189E-002
   4.9318784301290162        1.5049599479399630E-002
   4.9520092324806102        1.4944688439532288E-002
   4.9722222041737796        1.4840371333375376E-002
   4.9925176806050207        1.4736647057842040E-002
   5.0128959985398502        1.4633514468307202E-002
   5.0333574961183860        1.4530972379554179E-002
   5.0539025128609465        1.4429019566708497E-002
   5.0745313896737043        1.4327654766158739E-002
   5.0952444688543324        1.4226876676463765E-002
   5.1160420940976774        1.4126683959248919E-002
   5.1369246105014765        1.4027075240086236E-002
   5.1578923645720769        1.3928049109365369E-002
   5.1789457042301867        1.3829604123149951E-002
   5.2000849788166388        1.3731738804022200E-002
   5.2213105390982024        1.3634451641915344E-002
   5.2426227372734004        1.3537741094933341E-002
   5.2640219269783390        1.3441605590159033E-002
   5.2855084632925946        1.3346043524450100E-002
   5.3070827027450962        1.3251053265223006E-002
   5.3287450033200381        1.3156633151225654E-002
   5.3504957244628288        1.3062781493297863E-002
   5.3723352270860527        1.2969496575120721E-002
   5.3942638735754480        1.2876776653954361E-002
   5.4162820277959387        1.2784619961364556E-002
   5.4383900550976607        1.2693024703937926E-002
   5.4605883223220175        1.2601989063986348E-002
   5.4828771978077846        1.2511511200240268E-002
   5.5052570513972130        1.2421589248531120E-002
   5.5277282544421542        1.2332221322463279E-002
   5.5502911798102446        1.2243405514074896E-002
   5.5729462018910780        1.2155139894489011E-002
   5.5956936966024218        1.2067422514553432E-002
   5.6185340413964466        1.1980251405471015E-002
   5.6414676152660075        1.1893624579419369E-002
   5.6644947987509173        1.1807540030160709E-002
   5.6876159739442613        1.1721995733641750E-002
   5.7108315244987482        1.1636989648583710E-002
   5.7341418356330687        1.1552519717062729E-002
   5.7575472941382806        1.1468583865080404E-002
   5.7810482883842447        1.1385180003125262E-002
   5.8046452083260549        1.1302306026724480E-002
   5.8283384455105089        1.1219959816986490E-002
   5.8521283930826149        1.1138139241134298E-002
   5.8760154457921070        1.1056842153030093E-002
