  0.10000000000000001       0.38166347710964449     
  0.10040817718110437       0.34812677648046020     
  0.10081802044832047       0.31737581328174003     
  0.10122953660223166       0.29130717067264877     
  0.10164273247117964       0.27146229923642184     
  0.10205761491137796       0.25893751682233429     
  0.10247419080702558       0.25432674068785222     
  0.10289246707042120       0.25769914111891512     
  0.10331245064207799       0.26861150850181292     
  0.10373414849083867       0.28615289189612469     
  0.10415756761399117       0.30901713062513514     
  0.10458271503738485       0.33559736564379117     
  0.10500959781554686       0.36409555481167816     
  0.10543822303179938       0.39263946030862079     
  0.10586859779837712       0.41939952695586963     
  0.10630072925654524       0.44269849483921103     
  0.10673462457671801       0.46110742882622702     
  0.10717029095857759       0.47352302057932977     
  0.10760773563119364       0.47922243036292450     
  0.10804696585314330       0.47789348391894720     
  0.10848798891263144       0.46963962115486357     
  0.10893081212761184       0.45496051148372341     
  0.10937544284590843       0.43471061978532338     
  0.10982188844533726       0.41003915699030852     
  0.11027015633382903       0.38231572842842398     
  0.11072025394955184       0.35304656937870976     
  0.11117218876103470       0.32378651881095333     
  0.11162596826729153       0.29605183625900511     
  0.11208159999794542       0.27123863729003878     
  0.11253909151335369       0.25055114850591020     
  0.11299845040473337       0.23494321263273124     
  0.11345968429428700       0.22507556435274997     
  0.11392280083532935       0.22129040781257059     
  0.11438780771241415       0.22360381667786675     
  0.11485471264146174       0.23171550317814191     
  0.11532352336988719       0.24503461351567341     
  0.11579424767672861       0.26271944458526303     
  0.11626689337277650       0.28372837250205041     
  0.11674146830070313       0.30687885751525840     
  0.11721798033519278       0.33091115208249544     
  0.11769643738307244       0.35455328823508692     
  0.11817684738344295       0.37658404631918485     
  0.11865921830781066       0.39589089094730157     
  0.11914355816021997       0.41152027615880232     
  0.11962987497738581       0.42271824026060667     
  0.12011817682882717       0.42895979869821460     
  0.12060847181700105       0.42996626678510241     
  0.12110076807743671       0.42571027025089575     
  0.12159507377887094       0.41640879983345158     
  0.12209139712338332       0.40250520973584775     
  0.12258974634653247       0.38464152661041995     
  0.12309012971749274       0.36362280911995759     
  0.12359255553919130       0.34037556709821570     
  0.12409703214844603       0.31590240869913955     
  0.12460356791610375       0.29123513402983559     
  0.12511217124717913       0.26738843999733242     
  0.12562285058099434       0.24531625322400413     
  0.12613561439131882       0.22587247920923342     
  0.12665047118650996       0.20977766237956219     
  0.12716742950965446       0.19759271090483774     
  0.12768649793870987       0.18970047053724165     
  0.12820768508664696       0.18629555148152604     
  0.12873099960159279       0.18738243871069779     
  0.12925645016697404       0.19278156485289838     
  0.12978404550166117       0.20214270926183464     
  0.13031379436011306       0.21496481803031292     
  0.13084570553252231       0.23062112556218453     
  0.13137978784496107       0.24838830398725795     
  0.13191605015952751       0.26747827437961441     
  0.13245450137449291       0.28707128285624772     
  0.13299515042444918       0.30634887212348294     
  0.13353800628045717       0.32452545967313995     
  0.13408307795019572       0.34087736061747625     
  0.13463037447811083       0.35476825777236459     
  0.13517990494556581       0.36567031485856472     
  0.13573167847099218       0.37318034096816749     
  0.13628570421004074       0.37703063610853915     
  0.13684199135573349       0.37709436943848668     
  0.13740054913861643       0.37338555521269767     
  0.13796138682691236       0.36605388889991275     
  0.13852451372667493       0.35537488108565163     
  0.13908993918194296       0.34173587460244087     
  0.13965767257489561       0.32561864726220346     
  0.14022772332600780       0.30757938644802735     
  0.14080010089420669       0.28822687190560370     
  0.14137481477702879       0.26819971991619096     
  0.14195187451077720       0.24814352736767950     
  0.14253128967068007       0.22868871081646119     
  0.14311306987104958       0.21042976702518146     
  0.14369722476544117       0.19390659187122050     
  0.14428376404681392       0.17958838857065929     
  0.14487269744769149       0.16786057869528651     
  0.14546403474032335       0.15901500534661270     
  0.14605778573684705       0.15324359181566105     
  0.14665396028945119       0.15063549552517508     
  0.14725256829053859       0.15117768001731990     
  0.14785361967289068       0.15475872067932211     
  0.14845712440983222       0.16117556565102878     
  0.14906309251539690       0.17014289413906047     
  0.14967153404449324       0.18130465170782825     
  0.15028245909307170       0.19424729689747505     
  0.15089587779829214       0.20851426596251499     
  0.15151180033869191       0.22362115226967275     
  0.15213023693435482       0.23907110304550583     
  0.15275119784708088       0.25436995737251811     
  0.15337469338055626       0.26904068387151114     
  0.15400073388052446       0.28263672236488313     
  0.15462932973495802       0.29475388877821329     
  0.15526049137423079       0.30504056428206017     
  0.15589422927129087       0.31320595584879152     
  0.15653055394183482       0.31902628369348029     
  0.15716947594448166       0.32234881929052822     
  0.15781100588094832       0.32309376378825927     
  0.15845515439622559       0.32125401888024319     
  0.15910193217875471       0.31689295898906683     
  0.15975134996060453       0.31014036370985332     
  0.16040341851764989       0.30118671187635365     
  0.16105814866975027       0.29027607267984989     
  0.16171555128092935       0.27769785461167706     
  0.16237563725955523       0.26377768951486169     
  0.16303841755852153       0.24886773687928551     
  0.16370390317542910       0.23333669309056870     
  0.16437210515276834       0.21755978223995312     
  0.16504303457810285       0.20190899008322361     
  0.16571670258425286       0.18674378169595293     
  0.16639312034948034       0.17240251730042616     
  0.16707229909767446       0.15919475068823874     
  0.16775425009853762       0.14739456170874718     
  0.16843898466777257       0.13723503950982627     
  0.16912651416727026       0.12890399764147442     
  0.16981685000529834       0.12254096674360798     
  0.17051000363669019       0.11823547623489769     
  0.17120598656303537       0.11602660400019414     
  0.17190481033287031       0.11590374322982092     
  0.17260648654186983       0.11780850886490302     
  0.17331102683303970       0.12163768299512376     
  0.17401844289690985       0.12724707935936030     
  0.17472874647172817       0.13445619201307590     
  0.17544194934365545       0.14305348232882584     
  0.17615806334696094       0.15280215175756395     
  0.17687710036421864       0.16344624506835925     
  0.17759907232650440       0.17471692988421619     
  0.17832399121359424       0.18633880294791300     
  0.17905186905416270       0.19803608132820238     
  0.17978271792598266       0.20953854730949406     
  0.18051654995612570       0.22058712855901635     
  0.18125337732116351       0.23093900987553570     
  0.18199321224736950       0.24037218892610107     
  0.18273606701092207       0.24868940540850851     
  0.18348195393810826       0.25572139058842053     
  0.18423088540552804       0.26132940172591490     
  0.18498287384029991       0.26540702313292652     
  0.18573793172026712       0.26788123213465959     
  0.18649607157420448       0.26871274373187615     
  0.18725730598202642       0.26789566201058851     
  0.18802164757499584       0.26545647910330761     
  0.18878910903593346       0.26145247360349555     
  0.18955970309942835       0.25596956965277640     
  0.19033344255204943       0.24911972538737948     
  0.19111034023255730       0.24103792501955762     
  0.19189040903211749       0.23187885255703614     
  0.19267366189451438       0.22181332708245813     
  0.19346011181636599       0.21102457971297375     
  0.19424977184733941       0.19970445095393130     
  0.19504265509036750       0.18804958429112653     
  0.19583877470186650       0.17625768769318129     
  0.19663814389195391       0.16452392939360000     
  0.19744077592466802       0.15303752807484974     
  0.19824668411818794       0.14197859057288850     
  0.19905588184505443       0.13151524264938980     
  0.19986838253239200       0.12180109042618927     
  0.20068419966213161       0.11297304192177897     
  0.20150334677123438       0.10514950994204335     
  0.20232583745191612        9.8429009514115900E-002
  0.20315168535187320        9.2889155255822420E-002
  0.20398090417450848        8.8586056670128061E-002
  0.20481350767915915        8.5554102453834519E-002
  0.20564950968132489        8.3806118603924229E-002
  0.20648892405289709        8.3333879466838068E-002
  0.20733176472238896        8.4108945960984893E-002
  0.20817804567516671        8.6083801048607828E-002
  0.20902778095368180        8.9193249160815530E-002
  0.20988098465770355        9.3356043694140758E-002
  0.21073767094455342        9.8476704888947358E-002
  0.21159785402933992       0.10444748934666923     
  0.21246154818519422       0.11115047210973769     
  0.21332876774350720       0.11845970257068768     
  0.21419952709416737       0.12624339644218552     
  0.21507384068579924       0.13436612754796812     
  0.21595172302600341       0.14269098522069820     
  0.21683318868159726       0.15108166554815827     
  0.21771825227885655       0.15940446752312609     
  0.21860692850375804       0.16753016825351208     
  0.21949923210222347       0.17533575470695395     
  0.22039517788036408       0.18270599292921560     
  0.22129478070472614       0.18953481922215998     
  0.22219805550253774       0.19572654133232814     
  0.22310501726195672       0.20119684122725623     
  0.22401568103231900       0.20587357447058752     
  0.22493006192438844       0.20969736450148396     
  0.22584817511060773       0.21262199323704845     
  0.22677003582534988       0.21461459231311292     
  0.22769565936517111       0.21565564192926440     
  0.22862506108906488       0.21573878664520652     
  0.22955825641871638       0.21487047957010125     
  0.23049526083875860       0.21306946818288885     
  0.23143608989702943       0.21036613651363750     
  0.23238075920482931       0.20680171960278571     
  0.23332928443718048       0.20242740704039264     
  0.23428168133308711       0.19730335297929658     
  0.23523796569579644       0.19149761032605375     
  0.23619815339306083       0.18508500685692347     
  0.23716226035740115       0.17814598080072333     
  0.23813030258637141       0.17076539299633781     
  0.23910229614282377       0.16303133209199874     
  0.24007825715517533       0.15503392842940883     
  0.24105820181767584       0.14686419127255720     
  0.24204214639067612       0.13861288292328755     
  0.24303010720089804       0.13036944203788556     
  0.24402210064170560       0.12222096714563863     
  0.24501814317337661       0.11425126999500204     
  0.24601825132337590       0.10654000693853577     
  0.24702244168662996        9.9161895135713635E-002
  0.24803073092580163        9.2186018923221549E-002
  0.24904313577156709        8.5675230294007448E-002
  0.25005967302289334        7.9685646056211756E-002
  0.25108035954731700        7.4266242926159479E-002
  0.25210521228122396        6.9458550559191742E-002
  0.25313424823013059        6.5296441349681170E-002
  0.25416748446896609        6.1806014746559959E-002
  0.25520493814235545        5.9005572840788917E-002
  0.25624662646490398        5.6905683092241345E-002
  0.25729256672148348        5.5509323279545136E-002
  0.25834277626751834        5.4812103080003290E-002
  0.25939727252927380        5.4802556118655976E-002
  0.26045607300414547        5.5462495865329225E-002
  0.26151919526094891        5.6767428404262875E-002
  0.26258665694021183        5.8687014849631139E-002
  0.26365847575446660        6.1185576027811016E-002
  0.26473466948854396        6.4222631988664319E-002
  0.26581525599986822        6.7753468937637312E-002
  0.26690025321875377        7.1729726291663326E-002
  0.26798967914870253        7.6099996747870768E-002
  0.26908355186670235        8.0810432507578911E-002
  0.27018188952352734        8.5805351111559375E-002
  0.27128471034403900        9.1027834708243965E-002
  0.27239203262748851        9.6420316986899873E-002
  0.27350387474782023       0.10192515245494822     
  0.27462025515397709       0.10748516321523430     
  0.27574119237020622       0.11304415889764782     
  0.27686670499636645       0.11854742591330042     
  0.27799681170823720       0.12394218272164334     
  0.27913153125782791       0.12917799832527499     
  0.28027088247368953       0.13420717172801727     
  0.28141488426122702       0.13898507060366019     
  0.28256355560301261       0.14347042792088005     
  0.28371691555910122       0.14762559574985692     
  0.28487498326734656       0.15141675593421508     
  0.28603777794371876       0.15481408774489969     
  0.28720531888262307       0.15779189303765473     
  0.28837762545721990       0.16032867981059373     
  0.28955471711974690       0.16240720540131565     
  0.29073661340184104       0.16401448087265591     
  0.29192333391486291       0.16514173841174662     
  0.29311489835022253       0.16578436380809192     
  0.29431132647970543       0.16594179628283048     
  0.29551263815580109       0.16561739811355342     
  0.29671885331203263       0.16481829663764738     
  0.29792999196328690       0.16355520132302148     
  0.29914607420614708       0.16184219866953270     
  0.30036712021922612       0.15969652774878013     
  0.30159315026350136       0.15713833920590473     
  0.30282418468265071       0.15419044053629669     
  0.30406024390339059       0.15087803041468467     
  0.30530134843581452       0.14722842479589504     
  0.30654751887373349       0.14327077742773731     
  0.30779877589501764       0.13903579731914978     
  0.30905514026193970       0.13455546559301862     
  0.31031663282151906       0.12986275402517361     
  0.31158327450586787       0.12499134743103330     
  0.31285508633253861       0.11997537191134844     
  0.31413208940487242       0.11484913081045529     
  0.31541430491234945       0.10964685007635479     
  0.31670175413094059       0.10440243454369177     
  0.31799445842346041        9.9149236489959339E-002
  0.31929243923992134        9.3919837643797605E-002
  0.32059571811789023        8.8745845653485825E-002
  0.32190431668284508        8.3657705855201214E-002
  0.32321825664853443        7.8684529015479912E-002
  0.32453755981733712        7.3853935561893402E-002
  0.32586224808062436        6.9191916661116820E-002
  0.32719234341912323        6.4722712355411105E-002
  0.32852786790328065        6.0468706827684633E-002
  0.32986884369363056        5.6450340732533931E-002
  0.33121529304116082        5.2686040406487666E-002
  0.33256723828768275        4.9192163655515236E-002
  0.33392470186620210        4.5982961712080224E-002
  0.33528770630129073        4.3070556857796274E-002
  0.33665627420946076        4.0464935121250704E-002
  0.33803042829953994        3.8173953383791037E-002
  0.33941019137304806        3.6203360159009462E-002
  0.34079558632457546        3.4556829254179390E-002
  0.34218663614216327        3.3236005473766296E-002
  0.34358336390768413        3.2240561486173866E-002
  0.34498579279722608        3.1568264944688874E-002
  0.34639394608147639        3.1215054931886296E-002
  0.34780784712610791        3.1175126783073357E-002
  0.34922751939216706        3.1441024338309864E-002
  0.35065298643646264        3.2003738673644082E-002
  0.35208427191195729        3.2852812369971104E-002
  0.35352139956815942        3.3976448391850538E-002
  0.35496439325151735        3.5361622668213834E-002
  0.35641327690581565        3.6994199491595443E-002
  0.35786807457257153        3.8859048881841003E-002
  0.35932881039143427        4.0940165093657270E-002
  0.36079550860058590        4.3220785484344743E-002
  0.36226819353714296        4.5683508998110668E-002
  0.36374688963756052        4.8310413566003754E-002
  0.36523162143803800        5.1083171765246162E-002
  0.36672241357492547        5.3983164128166748E-002
  0.36821929078513355        5.6991589538549131E-002
  0.36972227790654283        6.0089572201668016E-002
  0.37123139987841652        6.3258264723147800E-002
  0.37274668174181458        6.6478946880706935E-002
  0.37426814864000829        6.9733119721526252E-002
  0.37579582581889864        7.3002594666033246E-002
  0.37732973862743413        7.6269577346120679E-002
  0.37886991251803198        7.9516745951894480E-002
  0.38041637304700071        8.2727323905770159E-002
  0.38196914587496344        8.5885146725913256E-002
  0.38352825676728425        8.8974722982432780E-002
  0.38509373159449567        9.1981289289290627E-002
  0.38666559633272773        9.4890859312379450E-002
  0.38824387706413899        9.7690266809601981E-002
  0.38982859997734975       0.10036720275195934     
  0.39141979136787586       0.10291024660551135     
  0.39301747763856587       0.10530889188263842     
  0.39462168530003849       0.10755356609723896     
  0.39623244097112265       0.10963564528231898     
  0.39784977137929967       0.11154746324994433     
  0.39947370336114574       0.11328231579265853     
  0.40110426386277853       0.11483446004235896     
  0.40274147994030307       0.11619910921722502     
  0.40438537876026137       0.11737242299973857     
  0.40603598760008325       0.11835149379913554     
  0.40769333384853856       0.11913432915992625     
  0.40935744500619187       0.11971983058441223     
  0.41102834868585908       0.12010776904160878     
  0.41270607261306486       0.12029875743764729     
  0.41439064462650332       0.12029422032375525     
  0.41608209267850005       0.12009636111736517     
  0.41778044483547516       0.11970812710988757     
  0.41948572927840988       0.11913317253132542     
  0.42119797430331363       0.11837581993729321     
  0.42291720832169355       0.11744102017826533     
  0.42464345986102636       0.11633431120408601     
  0.42637675756523108       0.11506177594908470     
  0.42811713019514508       0.11362999953459223     
  0.42986460662900056       0.11204602601641619     
  0.43161921586290408       0.11031731489494578     
  0.43338098701131811       0.10845169759515738     
  0.43514994930754325       0.10645733411293222     
  0.43692613210420378       0.10434267001291031     
  0.43870956487373508       0.10211639395162318     
  0.44050027720887197        9.9787395887993485E-002
  0.44229829882313998        9.7364726131511051E-002
  0.44410365955134889        9.4857555366558224E-002
  0.44591638935008682        9.2275135779569112E-002
  0.44773651829821842        8.9626763403955353E-002
  0.44956407659738296        8.6921741786152695E-002
  0.45139909457249600        8.4169347064711936E-002
  0.45324160267225266        8.1378794543196797E-002
  0.45509163146963244        7.8559206826721670E-002
  0.45694921166240710        7.5719583581384059E-002
  0.45881437407364939        7.2868772965574966E-002
  0.46068714965224478        7.0015444772281221E-002
  0.46256756947340538        6.7168065311999967E-002
  0.46445566473918498        6.4334874056833663E-002
  0.46635146677899686        6.1523862057686798E-002
  0.46825500705013429        5.8742752138328760E-002
  0.47016631713829160        5.5998980862355913E-002
  0.47208542875808879        5.3299682261843340E-002
  0.47401237375359806        5.0651673309706852E-002
  0.47594718409887132        4.8061441111494053E-002
  0.47788989189847175        4.5535131786498734E-002
  0.47984052938800570        4.3078541002749840E-002
  0.48179912893465782        4.0697106125532762E-002
  0.48376572303772875        3.8395899934683106E-002
  0.48574034432917323        3.6179625861921680E-002
  0.48772302557414277        3.4052614695960021E-002
  0.48971379967152823        3.2018822700009754E-002
  0.49171269965450648        3.0081831083635706E-002
  0.49371975869108847        2.8244846768608108E-002
  0.49573501008466908        2.6510704386509897E-002
  0.49775848727458005        2.4881869444318382E-002
  0.49979022383664523        2.3360442593005001E-002
  0.50183025348373689        2.1948164933362817E-002
  0.50387861006633561        2.0646424292731815E-002
  0.50593532757309234        1.9456262406080945E-002
  0.50800044013139123        1.8378382934965690E-002
  0.51007398200791731        1.7413160258191739E-002
  0.51215598760922409        1.6560648968599448E-002
  0.51424649148230461        1.5820594011168782E-002
  0.51634552831516523        1.5192441398662274E-002
  0.51845313293740036        1.4675349442218112E-002
  0.52056934032077162        1.4268200435681541E-002
  0.52269418557978653        1.3969612734005321E-002
  0.52482770397228251        1.3777953167714742E-002
  0.52696993090001132        1.3691349737247170E-002
  0.52912090190922667        1.3707704532887719E-002
  0.53128065269127367        1.3824706828029783E-002
  0.53344921908318188        1.4039846295584810E-002
  0.53562663706825886        1.4350426299532022E-002
  0.53781294277668812        1.4753577215803199E-002
  0.54000817248612853        1.5246269738969333E-002
  0.54221236262231554        1.5825328133482169E-002
  0.54442554975966673        1.6487443390531729E-002
  0.54664777062188774        1.7229186253907822E-002
  0.54887906208258186        1.8047020080572747E-002
  0.55111946116586275        1.8937313503961960E-002
  0.55336900504696696        1.9896352870332937E-002
  0.55562773105287300        2.0920354420740351E-002
  0.55789567666291884        2.2005476193467138E-002
  0.56017287950942463        2.3147829623933858E-002
  0.56245937737831742        2.4343490821261821E-002
  0.56475520820975744        2.5588511502775760E-002
  0.56706041009876806        2.6878929569780000E-002
  0.56937502129586803        2.8210779309930666E-002
  0.57169908020770599        2.9580101213463141E-002
  0.57403262539769728        3.0982951392385504E-002
  0.57637569558666502        3.2415410593553337E-002
  0.57872832965348131        3.3873592798259286E-002
  0.58109056663571335        3.5353653402620894E-002
  0.58346244573027040        3.6851796974628231E-002
  0.58584400629405475        3.8364284585215506E-002
  0.58823528784461476        3.9887440712139247E-002
  0.59063633006079996        4.1417659716801669E-002
  0.59304717278342045        4.2951411895425215E-002
  0.59546785601590702        4.4485249107181088E-002
  0.59789841992497528        4.6015809982994531E-002
  0.60033890484129260        4.7539824719797411E-002
  0.60278935126014666        4.9054119465963150E-002
  0.60524979984211758        5.0555620304568359E-002
  0.60772029141375294        5.2041356841939959E-002
  0.61020086696824494        5.3508465409714691E-002
  0.61269156766611022        5.4954191889321477E-002
  0.61519243483587394        5.6375894168420870E-002
  0.61770350997475421        5.7771044239396538E-002
  0.62022483474935197        5.9137229950489811E-002
  0.62275645099634114        6.0472156420601011E-002
  0.62529840072316345        6.1773647129167844E-002
  0.62785072610872605        6.3039644692847105E-002
  0.63041346950409982        6.4268211340998055E-002
  0.63298667343322390        6.5457529102189799E-002
  0.63557038059361004        6.6605899714116901E-002
  0.63816463385705124        6.7711744269439572E-002
  0.64076947627033398        6.8773602610145354E-002
  0.64338495105595150        6.9790132483061373E-002
  0.64601110161282127        7.0760108469158284E-002
  0.64864797151700582        7.1682420699244104E-002
  0.65129560452243462        7.2556073368575502E-002
  0.65395404456163087        7.3380183062819834E-002
  0.65662333574644061        7.4153976907660860E-002
  0.65930352236876377        7.4876790554188319E-002
  0.66199464890129045        7.5548066012025211E-002
  0.66469675999823752        7.6167349341937446E-002
  0.66740990049609028        7.6734288219447389E-002
  0.67013411541434675        7.7248629380716721E-002
  0.67286944995626363        7.7710215961706047E-002
  0.67561594950960757        7.8118984741334524E-002
  0.67837365964740748        7.8474963299068445E-002
  0.68114262612871068        7.8778267097061441E-002
  0.68392289489934310        7.9029096496652559E-002
  0.68671451209267076        7.9227733718701426E-002
  0.68951752403036504        7.9374539756907350E-002
  0.69233197722317286        7.9469951252919890E-002
  0.69515791837168661        7.9514477341705123E-002
  0.69799539436711988        7.9508696475280943E-002
  0.70084445229208592        7.9453253232592141E-002
  0.70370513942137802        7.9348855122938169E-002
  0.70657750322275481        7.9196269390021043E-002
  0.70946159135772713        7.8996319823328942E-002
  0.71235745168234910        7.8749883583223490E-002
  0.71526513224801314        7.8457888045754404E-002
  0.71818468130224533        7.8121307672884513E-002
  0.72111614728950835        7.7741160913467638E-002
  0.72405957885200312        7.7318507139994844E-002
  0.72701502483047720        7.6854443625792773E-002
  0.72998253426503557        7.6350102567039752E-002
  0.73296215639595286        7.5806648153654094E-002
  0.73595394066449149        7.5225273692794525E-002
  0.73895793671372234        7.4607198788421036E-002
  0.74197419438934753        7.3953666580071228E-002
  0.74500276374052765        7.3265941043716504E-002
  0.74804369502071344        7.2545304357300777E-002
  0.75109703868847777        7.1793054333285353E-002
  0.75416284540835488        7.1010501920272473E-002
  0.75724116605167924        7.0198968775530973E-002
  0.76033205169743068        6.9359784910006689E-002
  0.76343555363308235        6.8494286407168814E-002
  0.76655172335545019        6.7603813216827652E-002
  0.76968061257154952        6.6689707024837314E-002
  0.77282227319945096        6.5753309199407139E-002
  0.77597675736914307        6.4795958814540422E-002
  0.77914411742339751        6.3818990750940677E-002
  0.78232440591863694        6.2823733874551702E-002
  0.78551767562580699        6.1811509292726524E-002
  0.78872397953125306        6.0783628687866541E-002
  0.79194337083759792        5.9741392728222625E-002
  0.79517590296462559        5.8686089555411540E-002
  0.79842162955016782        5.7618993348064508E-002
  0.80168060445099321        5.6541362960908545E-002
  0.80495288174370172        5.5454440638459404E-002
  0.80823851572562166        5.4359450802402745E-002
  0.81153756091571005        5.3257598911637796E-002
  0.81485007205545901        5.2150070393864122E-002
  0.81817610410980179        5.1038029647514416E-002
  0.82151571226802678        4.9922619112747355E-002
  0.82486895194469190        4.8804958410155405E-002
  0.82823587878054472        4.7686143545768452E-002
  0.83161654864344625        4.6567246180881358E-002
  0.83501101762929653        4.5449312965182780E-002
  0.83841934206296653        4.4333364931610657E-002
  0.84184157849923302        4.3220396951325818E-002
  0.84527778372371576        4.2111377247157702E-002
  0.84872801475382054        4.1007246963846417E-002
  0.85219232883968588        3.9908919793379821E-002
  0.85567078346513115        3.8817281653708513E-002
  0.85916343634861292        3.7733190419100525E-002
  0.86267034544418009        3.6657475700391511E-002
  0.86619156894243732        3.5590938673375892E-002
  0.86972716527151039        3.4534351953583231E-002
  0.87327719309801433        3.3488459515683265E-002
  0.87684171132802924        3.2453976655768213E-002
  0.88042077910807537        3.1431589994767459E-002
  0.88401445582609561        3.0421957521260215E-002
  0.88762280111244185        2.9425708671963719E-002
  0.89124587484086226        2.8443444448192912E-002
  0.89488373712949654        2.7475737566603327E-002
  0.89853644834187318        2.6523132642548700E-002
  0.90220406908791040        2.5586146404411807E-002
  0.90588666022492215        2.4665267937286371E-002
  0.90958428285862880        2.3760958954416225E-002
  0.91329699834416944        2.2873654094828728E-002
  0.91702486828712149        2.2003761245622824E-002
  0.92076795454452198        2.1151661887409731E-002
  0.92452631922589401        2.0317711461430327E-002
  0.92830002469427830        1.9502239756910393E-002
  0.93208913356726641        1.8705551317247139E-002
  0.93589370871804145        1.7927925863655159E-002
  0.93971381327641990        1.7169618734936696E-002
  0.94354951062989978        1.6430861342076018E-002
  0.94740086442471305        1.5711861636393695E-002
  0.95126793856688030        1.5012804590037065E-002
  0.95515079722327212        1.4333852687615422E-002
  0.95904950482267404        1.3675146427829812E-002
  0.96296412605685466        1.3036804833984107E-002
  0.96689472588163972        1.2418925972299568E-002
  0.97084136951799027        1.1821587476995833E-002
  0.97480412245308368        1.1244847081137229E-002
  0.97878305044140190        1.0688743152279211E-002
  0.98277821950582100        1.0153295231990430E-002
  0.98678969593870736        9.6385045783590369E-003
  0.99081754630301844        9.1443547106302928E-003
  0.99486183743340539        8.6708119551586506E-003
  0.99892263643732426        8.2178259918919069E-003
   1.0030000106961476        7.7853304006411982E-003
   1.0070940278662834        7.3732432064247452E-003
   1.0112047558802988        6.9814674232075600E-003
   1.0153322629480441        6.6098915953926880E-003
   1.0194766175577885        6.2583903364514465E-003
   1.0236378884773538        5.9268248641145714E-003
   1.0278161447552574        5.6150435315751590E-003
   1.0320114557218547        5.3228823541868961E-003
   1.0362238909904942        5.0501655311698517E-003
   1.0404535204586696        4.7967059618666142E-003
   1.0447004143091787        4.5623057561201170E-003
   1.0489646430112913        4.3467567383708248E-003
   1.0532462773219167        4.1498409451003913E-003
   1.0575453882867758        3.9713311152737895E-003
   1.0618620472415838        3.8109911734574009E-003
   1.0661963258132321        3.6685767053168455E-003
   1.0705482959209747        3.5438354252205900E-003
   1.0749180297776255        3.4365076356997642E-003
   1.0793055998907541        3.3463266785367807E-003
   1.0837110790638902        3.2730193772775337E-003
   1.0881345403977287        3.2163064709820502E-003
   1.0925760572913470        3.1759030390491991E-003
   1.0970357034434204        3.1515189169713216E-003
   1.1015135528534441        3.1428591028916770E-003
   1.1060096798229635        3.1496241548565366E-003
   1.1105241589568067        3.1715105786719591E-003
   1.1150570651643195        3.2082112062896155E-003
   1.1196084736606120        3.2594155646637280E-003
   1.1241784599678060        3.3248102350358520E-003
   1.1287670999162849        3.4040792026176782E-003
   1.1333744696459565        3.4969041966580253E-003
   1.1380006456075142        3.6029650208905823E-003
   1.1426457045637044        3.7219398743739166E-003
   1.1473097235906025        3.8535056627451466E-003
   1.1519927800788912        3.9973382999218422E-003
   1.1566949517351428        4.1531130002955639E-003
   1.1614163165831117        4.3205045614716029E-003
   1.1661569529650266        4.4991876376188700E-003
   1.1709169395428922        4.6888370035023984E-003
   1.1756963552997917        4.8891278092794248E-003
   1.1804952795412009        5.0997358261488943E-003
   1.1853137918963028        5.3203376829498682E-003
   1.1901519723193061        5.5506110938119187E-003
   1.1950099010907769        5.7902350769688041E-003
   1.1998876588189678        6.0388901648488211E-003
   1.2047853264411541        6.2962586055641846E-003
   1.2097029852249803        6.5620245559262595E-003
   1.2146407167698074        6.8358742661153412E-003
   1.2195986030080641        7.1174962561417329E-003
   1.2245767262066105        7.4065814842370053E-003
   1.2295751689681005        7.7028235073164832E-003
   1.2345940142323542        8.0059186336599517E-003
   1.2396333452777308        8.3155660679576533E-003
   1.2446932457225151        8.6314680488736445E-003
   1.2497737995263021        8.9533299792774312E-003
   1.2548750909913893        9.2808605493005791E-003
   1.2599972047641785        9.6137718523734272E-003
   1.2651402258365791        9.9517794943994320E-003
   1.2703042395474162        1.0294602696225601E-002
   1.2754893315838498        1.0641964389568907E-002
   1.2806955879827961        1.0993591306557512E-002
   1.2859230951323521        1.1349214063046920E-002
   1.2911719397732333        1.1708567235872217E-002
   1.2964422090002106        1.2071389434194398E-002
   1.3017339902635547        1.2437423365101915E-002
   1.3070473713704895        1.2806415893625786E-002
   1.3123824404866489        1.3178118097327111E-002
   1.3177392861375357        1.3552285315612873E-002
   1.3231179972099965        1.3928677193939134E-002
   1.3285186629536925        1.4307057723054156E-002
   1.3339413729825829        1.4687195273437651E-002
   1.3393862172764077        1.5068862625086030E-002
   1.3448532861821869        1.5451836992798351E-002
   1.3503426704157151        1.5835900047108512E-002
   1.3558544610630672        1.6220837931013365E-002
   1.3613887495821120        1.6606441272642391E-002
   1.3669456278040288        1.6992505194011735E-002
   1.3725251879348284        1.7378829316004485E-002
   1.3781275225568879        1.7765217759718482E-002
   1.3837527246304846        1.8151479144316050E-002
   1.3894008874953359        1.8537426581513763E-002
   1.3950721048721533        1.8922877666843606E-002
   1.4007664708641934        1.9307654467816470E-002
   1.4064840799588225        1.9691583509116230E-002
   1.4122250270290799        2.0074495754950177E-002
   1.4179894073352572        2.0456226588679585E-002
   1.4237773165264773        2.0836615789850133E-002
   1.4295888506422783        2.1215507508742106E-002
   1.4354241061142121        2.1592750238555218E-002
   1.4412831797674421        2.1968196785341444E-002
   1.4471661688223481        2.2341704235796955E-002
   1.4530731708961429        2.2713133923021447E-002
   1.4590042840044910        2.3082351390350378E-002
   1.4649596065631323        2.3449226353362621E-002
   1.4709392373895191        2.3813632660165736E-002
   1.4769432757044543        2.4175448250055034E-002
   1.4829718211337348        2.4534555110642967E-002
   1.4890249737098105        2.4890839233551940E-002
   1.4951028338734396        2.5244190568760212E-002
   1.5012055024753554        2.5594502977689122E-002
   1.5073330807779428        2.5941674185118148E-002
   1.5134856704569155        2.6285605730008897E-002
   1.5196633736030056        2.6626202915320391E-002
   1.5258662927236537        2.6963374756892443E-002
   1.5320945307447145        2.7297033931474500E-002
   1.5383481910121630        2.7627096723971567E-002
   1.5446273772938062        2.7953482973979950E-002
   1.5509321937810101        2.8276116021680425E-002
   1.5572627450904259        2.8594922653156444E-002
   1.5636191362657244        2.8909833045200655E-002
   1.5700014727793419        2.9220780709673287E-002
   1.5764098605342303        2.9527702437470618E-002
   1.5828444058656099        2.9830538242162932E-002
   1.5893052155427401        3.0129231303357006E-002
   1.5957923967706868        3.0423727909837182E-002
   1.6023060571921037        3.0713977402536077E-002
   1.6088463048890147        3.0999932117385651E-002
   1.6154132483846122        3.1281547328096009E-002
   1.6220069966450557        3.1558781188907252E-002
   1.6286276590812767        3.1831594677359382E-002
   1.6352753455508005        3.2099951537122591E-002
   1.6419501663595648        3.2363818220926696E-002
   1.6486522322637496        3.2623163833630744E-002
   1.6553816544716176        3.2877960075468456E-002
   1.6621385446453594        3.3128181185504722E-002
   1.6689230149029417        3.3373803885337901E-002
   1.6757351778199741        3.3614807323079088E-002
   1.6825751464315746        3.3851173017639659E-002
   1.6894430342342412        3.4082884803355612E-002
   1.6963389551877424        3.4309928774977044E-002
   1.7032630237170037        3.4532293233048530E-002
   1.7102153547140044        3.4749968629704947E-002
   1.7171960635396897        3.4962947514907326E-002
   1.7242052660258809        3.5171224483139737E-002
   1.7312430784771990        3.5374796120588449E-002
   1.7383096176729915        3.5573660952823910E-002
   1.7454050008692747        3.5767819393002387E-002
   1.7525293458006783        3.5957273690606167E-002
   1.7596827706823941        3.6142027880737282E-002
   1.7668653942121444        3.6322087733980525E-002
   1.7740773355721486        3.6497460706849796E-002
   1.7813187144310982        3.6668155892829957E-002
   1.7885896509461472        3.6834183974027435E-002
   1.7958902657649043        3.6995557173439296E-002
   1.8032206800274309        3.7152289207851880E-002
   1.8105810153682576        3.7304395241378005E-002
   1.8179713939183981        3.7451891839640081E-002
   1.8253919383073787        3.7594796924608501E-002
   1.8328427716652678        3.7733129730100130E-002
   1.8403240176247260        3.7866910757943836E-002
   1.8478358003230537        3.7996161734818235E-002
   1.8553782444042495        3.8120905569765426E-002
   1.8629514750210820        3.8241166312385111E-002
   1.8705556178371661        3.8356969111712116E-002
   1.8781907990290427        3.8468340175778735E-002
   1.8858571452882809        3.8575306731865974E-002
   1.8935547838235744        3.8677896987442062E-002
   1.9012838423628520        3.8776140091791200E-002
   1.9090444491554013        3.8870066098331643E-002
   1.9168367329739937        3.8959705927622545E-002
   1.9246608231170197        3.9045091331059621E-002
   1.9325168494106386        3.9126254855257017E-002
   1.9404049422109304        3.9203229807114638E-002
   1.9483252324060565        3.9276050219568162E-002
   1.9562778514184365        3.9344750818019011E-002
   1.9642629312069249        3.9409366987441630E-002
   1.9722806042690040        3.9469934740164310E-002
   1.9803310036429771        3.9526490684319807E-002
   1.9884142629101824        3.9579071992961845E-002
   1.9965305161972071        3.9627716373843054E-002
   2.0046798981781091        3.9672462039849102E-002
   2.0128625440766581        3.9713347680085075E-002
   2.0210785896685763        3.9750412431607748E-002
   2.0293281712837890        3.9783695851798660E-002
   2.0376114258086915        3.9813237891372324E-002
   2.0459284906884188        3.9839078868013800E-002
   2.0542795039291217        3.9861259440638536E-002
   2.0626646041002639        3.9879820584269171E-002
   2.0710839303369175        3.9894803565522066E-002
   2.0795376223420732        3.9906249918697012E-002
   2.0880258203889532        3.9914201422463422E-002
   2.0965486653233478        3.9918700077135327E-002
   2.1051062985659468        3.9919788082529106E-002
   2.1136988621146831        3.9917507816395650E-002
   2.1223264985470975        3.9911901813419914E-002
   2.1309893510226989        3.9903012744780572E-002
   2.1396875632853374        3.9890883398262078E-002
   2.1484212796655959        3.9875556658911300E-002
   2.1571906450831819        3.9857075490230973E-002
   2.1659958050493291        3.9835482915902852E-002
   2.1748369056692178        3.9810822002031593E-002
   2.1837140936443968        3.9783135839902409E-002
   2.1926275162752127        3.9752467529244315E-002
   2.2015773214632635        3.9718860161990624E-002
   2.2105636577138457        3.9682356806529442E-002
   2.2195866741384194        3.9643000492435299E-002
   2.2286465204570853        3.9600834195674658E-002
   2.2377433470010675        3.9555900824277200E-002
   2.2468773047152077        3.9508243204464083E-002
   2.2560485451604677        3.9457904067226587E-002
   2.2652572205164492        3.9404926035345518E-002
   2.2745034835839171        3.9349351610845199E-002
   2.2837874877873303        3.9291223162872452E-002
   2.2931093871773944        3.9230582915993864E-002
   2.3024693364336155        3.9167472938902742E-002
   2.3118674908668622        3.9101935133528547E-002
   2.3213040064219506        3.9034011224540352E-002
   2.3307790396802273        3.8963742749237092E-002
   2.3402927478621649        3.8891171047816982E-002
   2.3498452888299783        3.8816337254017633E-002
   2.3594368210902377        3.8739282286120676E-002
   2.3690675037965030        3.8660046838311972E-002
   2.3787374967519588        3.8578671372390919E-002
   2.3884469604120731        3.8495196109821161E-002
   2.3981960558872570        3.8409661024115131E-002
   2.4079849449455333        3.8322105833545651E-002
   2.4178137900152290        3.8232569994176888E-002
   2.4276827541876669        3.8141092693208326E-002
   2.4375920012198664        3.8047712842623704E-002
   2.4475416955372706        3.7952469073138845E-002
   2.4575320022364697        3.7855399728441180E-002
   2.4675630870879357        3.7756542859714061E-002
   2.4776351165387829        3.7655936220439321E-002
   2.4877482577155234        3.7553617261471522E-002
   2.4979026784268394        3.7449623126377188E-002
   2.5080985471663721        3.7343990647032650E-002
   2.5183360331155162        3.7236756339474208E-002
   2.5286153061462220        3.7127956399994180E-002
   2.5389365368238228        3.7017626701476791E-002
   2.5492998964098588        3.6905802789967884E-002
   2.5597055568649218        3.6792519881471974E-002
   2.5701536908515048        3.6677812858971717E-002
   2.5806444717368717        3.6561716269662536E-002
   2.5911780735959340        3.6444264322397973E-002
   2.6017546712141315        3.6325490885339790E-002
   2.6123744400903441        3.6205429483806298E-002
   2.6230375564397970        3.6084113298315172E-002
   2.6337441971969815        3.5961575162813737E-002
   2.6444945400185995        3.5837847563092599E-002
   2.6552887632865070        3.5712962635376586E-002
   2.6661270461106703        3.5586952165088698E-002
   2.6770095683321458        3.5459847585781266E-002
   2.6879365105260575        3.5331679978230029E-002
   2.6989080540045989        3.5202480069685814E-002
   2.7099243808200328        3.5072278233279554E-002
   2.7209856737677236        3.4941104487575522E-002
   2.7320921163891634        3.4808988496268164E-002
   2.7432438929750149        3.4675959568019152E-002
   2.7544411885681774        3.4542046656428259E-002
   2.7656841889668535        3.4407278360135622E-002
   2.7769730807276272        3.4271682923050314E-002
   2.7883080511685678        3.4135288234700883E-002
   2.7996892883723348        3.3998121830704456E-002
   2.8111169811892935        3.3860210893349806E-002
   2.8225913192406575        3.3721582252290952E-002
   2.8341124929216317        3.3582262385346895E-002
   2.8456806934045655        3.3442277419404795E-002
   2.8572961126421350        3.3301653131421499E-002
   2.8689589433705232        3.3160414949521141E-002
   2.8806693791126143        3.3018587954184594E-002
   2.8924276141812122        3.2876196879527531E-002
   2.9042338436822610        3.2733266114663734E-002
   2.9160882635180831        3.2589819705150541E-002
   2.9279910703906258        3.2445881354512776E-002
   2.9399424618047334        3.2301474425842691E-002
   2.9519426360714194        3.2156621943472290E-002
   2.9639917923111532        3.2011346594715419E-002
   2.9760901304571732        3.1865670731676309E-002
   2.9882378512587997        3.1719616373122247E-002
   3.0004351562847607        3.1573205206417397E-002
   3.0126822479265480        3.1426458589514497E-002
   3.0249793294017673        3.1279397553002818E-002
   3.0373266047575087        3.1132042802209114E-002
   3.0497242788737404        3.0984414719348981E-002
   3.0621725574667020        3.0836533365726650E-002
   3.0746716470923223        3.0688418483980445E-002
   3.0872217551496384        3.0540089500371743E-002
   3.0998230898842483        3.0391565527115052E-002
   3.1124758603917613        3.0242865364747136E-002
   3.1251802766212617        3.0094007504532810E-002
   3.1379365493788032        2.9945010130905683E-002
   3.1507448903309023        2.9795891123941327E-002
   3.1636055120080444        2.9646668061861309E-002
   3.1765186278082207        2.9497358223565889E-002
   3.1894844520004644        2.9347978591193594E-002
   3.2025031997284015        2.9198545852705971E-002
   3.2155750870138298        2.9049076404495382E-002
   3.2287003307602982        2.8899586354014455E-002
   3.2418791487567020        2.8750091522425504E-002
   3.2551117596809069        2.8600607447268028E-002
   3.2683983831033703        2.8451149385142906E-002
   3.2817392394907818        2.8301732314411798E-002
   3.2951345502097307        2.8152370937909989E-002
   3.3085845375303724        2.8003079685671617E-002
   3.3220894246301196        2.7853872717665540E-002
   3.3356494355973410        2.7704763926540737E-002
   3.3492647954350852        2.7555766940379679E-002
   3.3629357300648142        2.7406895125458554E-002
   3.3766624663301439        2.7258161589013299E-002
   3.3904452320006189        2.7109579182009617E-002
   3.4042842557754875        2.6961160501916583E-002
   3.4181797672874907        2.6812917895482291E-002
   3.4321319971066844        2.6664863461510320E-002
   3.4461411767442565        2.6517009053636402E-002
   3.4602075386563675        2.6369366283104111E-002
   3.4743313162480152        2.6221946521538187E-002
   3.4885127438769019        2.6074760903715313E-002
   3.5027520568573265        2.5927820330330784E-002
   3.5170494914640815        2.5781135470760545E-002
   3.5314052849363842        2.5634716765817488E-002
   3.5458196754818094        2.5488574430501544E-002
   3.5602929022802345        2.5342718456742387E-002
   3.5748252054878202        2.5197158616134342E-002
   3.5894168262409902        2.5051904462662474E-002
   3.6040680066604258        2.4906965335419286E-002
   3.6187789898550959        2.4762350361311556E-002
   3.6335500199262847        2.4618068457756229E-002
   3.6483813419716364        2.4474128335365043E-002
   3.6632732020892336        2.4330538500617373E-002
   3.6782258473816740        2.4187307258520290E-002
   3.6932395259601685        2.4044442715255954E-002
   3.7083144869486642        2.3901952780815076E-002
   3.7234509804879772        2.3759845171616473E-002
   3.7386492577399353        2.3618127413112189E-002
   3.7539095708915569        2.3476806842377330E-002
   3.7692321731592284        2.3335890610684695E-002
   3.7846173187929102        2.3195385686063458E-002
   3.8000652630803460        2.3055298855841587E-002
   3.8155762623513128        2.2915636729171730E-002
   3.8311505739818670        2.2776405739539835E-002
   3.8467884563986092        2.2637612147256972E-002
   3.8624901690829847        2.2499262041932873E-002
   3.8782559725755825        2.2361361344932017E-002
   3.8940861284804527        2.2223915811811292E-002
   3.9099808994694594        2.2086931034739118E-002
   3.9259405492866346        2.1950412444895876E-002
   3.9419653427525452        2.1814365314855432E-002
   3.9580555457687030        2.1678794760947181E-002
   3.9742114253219660        2.1543705745599044E-002
   3.9904332494889743        2.1409103079660360E-002
   4.0067212874405893        2.1274991424705618E-002
   4.0230758094463717        2.1141375295317611E-002
   4.0394970868790629        2.1008259061350711E-002
   4.0559853922190783        2.0875646950174229E-002
   4.0725409990590427        2.0743543048894718E-002
   4.0891641821083224        2.0611951306558282E-002
   4.1058552171975808        2.0480875536332266E-002
   4.1226143812833644        2.0350319417665845E-002
   4.1394419524526915        2.0220286498430343E-002
   4.1563382099276636        2.0090780197038357E-002
   4.1733034340701094        1.9961803804542065E-002
   4.1903379063862296        1.9833360486710618E-002
   4.2074419095312638        1.9705453286086496E-002
   4.2246157273141920        1.9578085124020702E-002
   4.2418596447024361        1.9451258802687103E-002
   4.2591739478265858        1.9324977007075556E-002
   4.2765589239851547        1.9199242306963914E-002
   4.2940148616493437        1.9074057158869007E-002
   4.3115420504678283        1.8949423907976590E-002
   4.3291407812715565        1.8825344790050134E-002
   4.3468113460785895        1.8701821933318548E-002
   4.3645540380989400        1.8578857360342919E-002
   4.3823691517394279        1.8456452989862471E-002
   4.4002569826085844        1.8334610638619166E-002
   4.4182178275215458        1.8213332023161836E-002
   4.4362519845049730        1.8092618761629289E-002
   4.4543597528020111        1.7972472375512513E-002
   4.4725414328772475        1.7852894291396519E-002
   4.4907973264216903        1.7733885842681287E-002
   4.5091277363577875        1.7615448271282159E-002
   4.5275329668444471        1.7497582729309864E-002
   4.5460133232820850        1.7380290280730130E-002
   4.5645691123176864        1.7263571903002942E-002
   4.5832006418499045        1.7147428488701676E-002
   4.6019082210341660        1.7031860847111932E-002
   4.6206921602877928        1.6916869705810668E-002
   4.6395527712951647        1.6802455712225235E-002
   4.6584903670128890        1.6688619435172553E-002
   4.6775052616749795        1.6575361366378862E-002
   4.6965977707980926        1.6462681921979697E-002
   4.7157682111867478        1.6350581444000485E-002
   4.7350169009385850        1.6239060201817923E-002
   4.7543441594496505        1.6128118393601967E-002
   4.7737503074196939        1.6017756147739006E-002
   4.7932356668574805        1.5907973524235869E-002
   4.8128005610861475        1.5798770516105169E-002
   4.8324453147485658        1.5690147050731990E-002
   4.8521702538127149        1.5582102991221933E-002
   4.8719757055771122        1.5474638137730898E-002
   4.8918619986762248        1.5367752228776583E-002
   4.9118294630859394        1.5261444942531784E-002
   4.9318784301290162        1.5155715898099914E-002
   4.9520092324806102        1.5050564656772536E-002
   4.9722222041737796        1.4945990723269326E-002
   4.9925176806050207        1.4841993546960508E-002
   5.0128959985398502        1.4738572523071888E-002
   5.0333574961183860        1.4635726993872654E-002
   5.0539025128609465        1.4533456249846210E-002
   5.0745313896737043        1.4431759530843979E-002
   5.0952444688543324        1.4330636027222487E-002
   5.1160420940976774        1.4230084880963913E-002
   5.1369246105014765        1.4130105186779989E-002
   5.1578923645720769        1.4030695993199945E-002
   5.1789457042301867        1.3931856303641858E-002
   5.2000849788166388        1.3833585077468510E-002
   5.2213105390982024        1.3735881231026998E-002
   5.2426227372734004        1.3638743638672944E-002
   5.2640219269783390        1.3542171133779042E-002
   5.2855084632925946        1.3446162509728412E-002
   5.3070827027450962        1.3350716520892491E-002
   5.3287450033200381        1.3255831883594225E-002
   5.3504957244628288        1.3161507277056075E-002
   5.3723352270860527        1.3067741344333444E-002
   5.3942638735754480        1.2974532693233577E-002
   5.4162820277959387        1.2881879897219919E-002
   5.4383900550976607        1.2789781496302272E-002
   5.4605883223220175        1.2698235997912961E-002
   5.4828771978077846        1.2607241877768889E-002
   5.5052570513972130        1.2516797580719847E-002
   5.5277282544421542        1.2426901521583354E-002
   5.5502911798102446        1.2337552085965747E-002
   5.5729462018910780        1.2248747631070197E-002
   5.5956936966024218        1.2160486486491390E-002
   5.6185340413964466        1.2072766954997299E-002
   5.6414676152660075        1.1985587313298050E-002
   5.6644947987509173        1.1898945812801969E-002
   5.6876159739442613        1.1812840680359354E-002
   5.7108315244987482        1.1727270118993518E-002
   5.7341418356330687        1.1642232308619726E-002
   5.7575472941382806        1.1557725406752102E-002
   5.7810482883842447        1.1473747549198325E-002
   5.8046452083260549        1.1390296850742771E-002
   5.8283384455105089        1.1307371405817848E-002
   5.8521283930826149        1.1224969289163779E-002
   5.8760154457921070        1.1143088556477131E-002
