  0.10000000000000001       0.27351599586427977     
  0.10040817718110437       0.29290772132170362     
  0.10081802044832047       0.30783027123777812     
  0.10122953660223166       0.31727781194557508     
  0.10164273247117964       0.32063289043865140     
  0.10205761491137796       0.31769357089044514     
  0.10247419080702558       0.30867221679034956     
  0.10289246707042120       0.29416741576637384     
  0.10331245064207799       0.27511220983359091     
  0.10373414849083867       0.25270314504547875     
  0.10415756761399117       0.22831562593962723     
  0.10458271503738485       0.20341161637061717     
  0.10500959781554686       0.17944586364096196     
  0.10543822303179938       0.15777655911870878     
  0.10586859779837712       0.13958573133324575     
  0.10630072925654524       0.12581376118533089     
  0.10673462457671801       0.11711129075648877     
  0.10717029095857759       0.11381055166060547     
  0.10760773563119364       0.11591685150754646     
  0.10804696585314330       0.12311970915514647     
  0.10848798891263144       0.13482199343537321     
  0.10893081212761184       0.15018445583751294     
  0.10937544284590843       0.16818230001932899     
  0.10982188844533726       0.18766992833333085     
  0.11027015633382903       0.20744975940723104     
  0.11072025394955184       0.22634101684982003     
  0.11117218876103470       0.24324462868919158     
  0.11162596826729153       0.25720081952596224     
  0.11208159999794542       0.26743658276677978     
  0.11253909151335369       0.27340094277709165     
  0.11299845040473337       0.27478670750436618     
  0.11345968429428700       0.27153822230766828     
  0.11392280083532935       0.26384541943609602     
  0.11438780771241415       0.25212517401188966     
  0.11485471264146174       0.23699159262343356     
  0.11532352336988719       0.21921734905016399     
  0.11579424767672861       0.19968852644319282     
  0.11626689337277650       0.17935561871068678     
  0.11674146830070313       0.15918338679638389     
  0.11721798033519278       0.14010216673527018     
  0.11769643738307244       0.12296300127005549     
  0.11817684738344295       0.10849863617454514     
  0.11865921830781066        9.7292010781111826E-002
  0.11914355816021997        8.9753406246810524E-002
  0.11962987497738581        8.6106922126034630E-002
  0.12011817682882717        8.6386458325800802E-002
  0.12060847181700105        9.0440909884582033E-002
  0.12110076807743671        9.7947857482028097E-002
  0.12159507377887094       0.10843467447890655     
  0.12209139712338332       0.12130568449328974     
  0.12258974634653247       0.13587380024889117     
  0.12309012971749274       0.15139495822218976     
  0.12359255553919130       0.16710363356826002     
  0.12409703214844603       0.18224777101862868     
  0.12460356791610375       0.19612159159255443     
  0.12511217124717913       0.20809492099015489     
  0.12562285058099434       0.21763792041180005     
  0.12613561439131882       0.22434037004769986     
  0.12665047118650996       0.22792494494485793     
  0.12716742950965446       0.22825421800091250     
  0.12768649793870987       0.22533141197748380     
  0.12820768508664696       0.21929518962607814     
  0.12873099960159279       0.21040900808373972     
  0.12925645016697404       0.19904576257162906     
  0.12978404550166117       0.18566859937564581     
  0.13031379436011306       0.17080888572225783     
  0.13084570553252231       0.15504238340394869     
  0.13137978784496107       0.13896468492288286     
  0.13191605015952751       0.12316693848749244     
  0.13245450137449291       0.10821281601343299     
  0.13299515042444918        9.4617572230087127E-002
  0.13353800628045717        8.2829909883862018E-002
  0.13408307795019572        7.3217213228594813E-002
  0.13463037447811083        6.6054547077584680E-002
  0.13517990494556581        6.1517649116175410E-002
  0.13573167847099218        5.9679975980184541E-002
  0.13628570421004074        6.0513705173040083E-002
  0.13684199135573349        6.3894450743087083E-002
  0.13740054913861643        6.9609325287482079E-002
  0.13796138682691236        7.7367877710891444E-002
  0.13852451372667493        8.6815357533193610E-002
  0.13908993918194296        9.7547703574499545E-002
  0.13965767257489561       0.10912762764245146     
  0.14022772332600780       0.12110116151986133     
  0.14080010089420669       0.13301405635432123     
  0.14137481477702879       0.14442746501945741     
  0.14195187451077720       0.15493239712104223     
  0.14253128967068007       0.16416250962858203     
  0.14311306987104958       0.17180487995374147     
  0.14369722476544117       0.17760849891594119     
  0.14428376404681392       0.18139031473787942     
  0.14487269744769149       0.18303875249323626     
  0.14546403474032335       0.18251472307695885     
  0.14605778573684705       0.17985021896291428     
  0.14665396028945119       0.17514466838417841     
  0.14725256829053859       0.16855928324366481     
  0.14785361967289068       0.16030968768069431     
  0.14845712440983222       0.15065715294562484     
  0.14906309251539690       0.13989878973567130     
  0.14967153404449324       0.12835706155662213     
  0.15028245909307170       0.11636898255777883     
  0.15089587779829214       0.10427535157012927     
  0.15151180033869191        9.2410351994627798E-002
  0.15213023693435482        8.1091816210170253E-002
  0.15275119784708088        7.0612414939728418E-002
  0.15337469338055626        6.1231988268233062E-002
  0.15400073388052446        5.3171187522279714E-002
  0.15462932973495802        4.6606547749537930E-002
  0.15526049137423079        4.1667060745615353E-002
  0.15589422927129087        3.8432270013779357E-002
  0.15653055394183482        3.6931863091374778E-002
  0.15716947594448166        3.7146694526945606E-002
  0.15781100588094832        3.9011135423092522E-002
  0.15845515439622559        4.2416613627293986E-002
  0.15910193217875471        4.7216182884485855E-002
  0.15975134996060453        5.3229939865972201E-002
  0.16040341851764989        6.0251095050929404E-002
  0.16105814866975027        6.8052496854180439E-002
  0.16171555128092935        7.6393407884803380E-002
  0.16237563725955523        8.5026337349625711E-002
  0.16303841755852153        9.3703743821832802E-002
  0.16370390317542910       0.10218443721656614     
  0.16437210515276834       0.11023952711982300     
  0.16504303457810285       0.11765778582710729     
  0.16571670258425286       0.12425031776881645     
  0.16639312034948034       0.12985445164095616     
  0.16707229909767446       0.13433679676029564     
  0.16775425009853762       0.13759543020713150     
  0.16843898466777257       0.13956120555277363     
  0.16912651416727026       0.14019819681390064     
  0.16981685000529834       0.13950331223710574     
  0.17051000363669019       0.13750513118941252     
  0.17120598656303537       0.13426203350218852     
  0.17190481033287031       0.12985970386827936     
  0.17260648654186983       0.12440810419727683     
  0.17331102683303970       0.11803801415030384     
  0.17401844289690985       0.11089724444172597     
  0.17472874647172817       0.10314662902108393     
  0.17544194934365545        9.4955901107089846E-002
  0.17615806334696094        8.6499554462565104E-002
  0.17687710036421864        7.7952785542891895E-002
  0.17759907232650440        6.9487604520987692E-002
  0.17832399121359424        6.1269194010930200E-002
  0.17905186905416270        5.3452583913571050E-002
  0.17978271792598266        4.6179699526829654E-002
  0.18051654995612570        3.9576828230836594E-002
  0.18125337732116351        3.3752537990127243E-002
  0.18199321224736950        2.8796068908061467E-002
  0.18273606701092207        2.4776207393621616E-002
  0.18348195393810826        2.1740641399052782E-002
  0.18423088540552804        1.9715784866992991E-002
  0.18498287384029991        1.8707050161493141E-002
  0.18573793172026712        1.8699538986599609E-002
  0.18649607157420448        1.9659115220666989E-002
  0.18725730598202642        2.1533817281258749E-002
  0.18802164757499584        2.4255563117344781E-002
  0.18878910903593346        2.7742097704368474E-002
  0.18955970309942835        3.1899130966473024E-002
  0.19033344255204943        3.6622613316298416E-002
  0.19111034023255730        4.1801096411254332E-002
  0.19189040903211749        4.7318128182841784E-002
  0.19267366189451438        5.3054633593837712E-002
  0.19346011181636599        5.8891235797553530E-002
  0.19424977184733941        6.4710476286517535E-002
  0.19504265509036750        7.0398897093272128E-002
  0.19583877470186650        7.5848953010915612E-002
  0.19663814389195391        8.0960727004636468E-002
  0.19744077592466802        8.5643427361602256E-002
  0.19824668411818794        8.9816650555218536E-002
  0.19905588184505443        9.3411399170204884E-002
  0.19986838253239200        9.6370849445943735E-002
  0.20068419966213161        9.8650867957788990E-002
  0.20150334677123438       0.10022028159191541     
  0.20232583745191612       0.10106090921424341     
  0.20315168535187320       0.10116736723610086     
  0.20398090417450848       0.10054666459959266     
  0.20481350767915915        9.9217605517542079E-002
  0.20564950968132489        9.7210020591699697E-002
  0.20648892405289709        9.4563848695142644E-002
  0.20733176472238896        9.1328093247145317E-002
  0.20817804567516671        8.7559677247205661E-002
  0.20902778095368180        8.3322221693499204E-002
  0.20988098465770355        7.8684771820680080E-002
  0.21073767094455342        7.3720494989570423E-002
  0.21159785402933992        6.8505373088095012E-002
  0.21246154818519422        6.3116911003587045E-002
  0.21332876774350720        5.7632881148316974E-002
  0.21419952709416737        5.2130122210951334E-002
  0.21507384068579924        4.6683408315040573E-002
  0.21595172302600341        4.1364402639299913E-002
  0.21683318868159726        3.6240707339603551E-002
  0.21771825227885655        3.1375019353331410E-002
  0.21860692850375804        2.6824399404198174E-002
  0.21949923210222347        2.2639659297993830E-002
  0.22039517788036408        1.8864870441075529E-002
  0.22129478070472614        1.5536994454319497E-002
  0.22219805550253774        1.2685634821882896E-002
  0.22310501726195672        1.0332906728519275E-002
  0.22401568103231900        8.4934206191508294E-003
  0.22493006192438844        7.1743735735493447E-003
  0.22584817511060773        6.3757413368838167E-003
  0.22677003582534988        6.0905627893386161E-003
  0.22769565936517111        6.3053077770389016E-003
  0.22862506108906488        7.0003185610009039E-003
  0.22955825641871638        8.1503146664925891E-003
  0.23049526083875860        9.7249506250997736E-003
  0.23143608989702943        1.1689415986704574E-002
  0.23238075920482931        1.4005067027195228E-002
  0.23332928443718048        1.6630079777188223E-002
  0.23428168133308711        1.9520114333083441E-002
  0.23523796569579644        2.2628980869312268E-002
  0.23619815339306083        2.5909298333855219E-002
  0.23716226035740115        2.9313137461917223E-002
  0.23813030258637141        3.2792640468843212E-002
  0.23910229614282377        3.6300610567055067E-002
  0.24007825715517533        3.9791065277396613E-002
  0.24105820181767584        4.3219748357922000E-002
  0.24204214639067612        4.6544596038773749E-002
  0.24303010720089804        4.9726154117201944E-002
  0.24402210064170560        5.2727943319901979E-002
  0.24501814317337661        5.5516771169770364E-002
  0.24601825132337590        5.8062989391138013E-002
  0.24702244168662996        6.0340696643137813E-002
  0.24803073092580163        6.2327887077774258E-002
  0.24904313577156709        6.4006545871694409E-002
  0.25005967302289334        6.5362693473743988E-002
  0.25108035954731700        6.6386380840750020E-002
  0.25210521228122396        6.7071638399166841E-002
  0.25313424823013059        6.7416381868982717E-002
  0.25416748446896609        6.7422278418360779E-002
  0.25520493814235545        6.7094576883475393E-002
  0.25624662646490398        6.6441905989422470E-002
  0.25729256672148348        6.5476044647116094E-002
  0.25834277626751834        6.4211668480620127E-002
  0.25939727252927380        6.2666076762799144E-002
  0.26045607300414547        6.0858903908398272E-002
  0.26151919526094891        5.8811819596904374E-002
  0.26258665694021183        5.6548221477326722E-002
  0.26365847575446660        5.4092924248082021E-002
  0.26473466948854396        5.1471848712287438E-002
  0.26581525599986822        4.8711714186839408E-002
  0.26690025321875377        4.5839737397528897E-002
  0.26798967914870253        4.2883340726869008E-002
  0.26908355186670235        3.9869872400903589E-002
  0.27018188952352734        3.6826340910449666E-002
  0.27128471034403900        3.3779165665243513E-002
  0.27239203262748851        3.0753945580179437E-002
  0.27350387474782023        2.7775246994977174E-002
  0.27462025515397709        2.4866412035479110E-002
  0.27574119237020622        2.2049388239407275E-002
  0.27686670499636645        1.9344579994479846E-002
  0.27799681170823720        1.6770722074623587E-002
  0.27913153125782791        1.4344775312678373E-002
  0.28027088247368953        1.2081844217077239E-002
  0.28141488426122702        9.9951161269114935E-003
  0.28256355560301261        8.0958213055730838E-003
  0.28371691555910122        6.3932131984901774E-003
  0.28487498326734656        4.8945679258948771E-003
  0.28603777794371876        3.6052019471711355E-003
  0.28720531888262307        2.5285067191445354E-003
  0.28837762545721990        1.6659990763717852E-003
  0.28955471711974690        1.0173859866508955E-003
  0.29073661340184104        5.8064227888716957E-004
  0.29192333391486291        3.5209990235568478E-004
  0.29311489835022253        3.2654725536659934E-004
  0.29431132647970543        4.9733711626864796E-004
  0.29551263815580109        8.5650171955235777E-004
  0.29671885331203263        1.3948735432753046E-003
  0.29792999196328690        2.1022104099065742E-003
  0.29914607420614708        2.9673235496936179E-003
  0.30036712021922612        3.9782073324518413E-003
  0.30159315026350136        5.1221694390414102E-003
  0.30282418468265071        6.3859603163572767E-003
  0.30406024390339059        7.7559008382382943E-003
  0.30530134843581452        9.2180071780216255E-003
  0.30654751887373349        1.0758111985408533E-002
  0.30779877589501764        1.2361981049720194E-002
  0.30905514026193970        1.4015424722475911E-002
  0.31031663282151906        1.5704403463536069E-002
  0.31158327450586787        1.7415126965922491E-002
  0.31285508633253861        1.9134146404003780E-002
  0.31413208940487242        2.0848439437299665E-002
  0.31541430491234945        2.2545487687007634E-002
  0.31670175413094059        2.4213346483929567E-002
  0.31799445842346041        2.5840706764231523E-002
  0.31929243923992134        2.7416949062998797E-002
  0.32059571811789023        2.8932189624479049E-002
  0.32190431668284508        3.0377318711938869E-002
  0.32321825664853443        3.1744031259012970E-002
  0.32453755981733712        3.3024850058095863E-002
  0.32586224808062436        3.4213141729675503E-002
  0.32719234341912323        3.5303125759457529E-002
  0.32852786790328065        3.6289876927726665E-002
  0.32986884369363056        3.7169321487697152E-002
  0.33121529304116082        3.7938227476704237E-002
  0.33256723828768275        3.8594189566178362E-002
  0.33392470186620210        3.9135608873556375E-002
  0.33528770630129073        3.9561668171862310E-002
  0.33665627420946076        3.9872302940854323E-002
  0.33803042829953994        4.0068168707658815E-002
  0.33941019137304806        4.0150605124944075E-002
  0.34079558632457546        4.0121597231237371E-002
  0.34218663614216327        3.9983734331236795E-002
  0.34358336390768413        3.9740166924222123E-002
  0.34498579279722608        3.9394562096224425E-002
  0.34639394608147639        3.8951057776777126E-002
  0.34780784712610791        3.8414216244141798E-002
  0.34922751939216706        3.7788977244162185E-002
  0.35065298643646264        3.7080611067646652E-002
  0.35208427191195729        3.6294671909685841E-002
  0.35352139956815942        3.5436951811829751E-002
  0.35496439325151735        3.4513435464847877E-002
  0.35641327690581565        3.3530256126091139E-002
  0.35786807457257153        3.2493652881515289E-002
  0.35932881039143427        3.1409929458393035E-002
  0.36079550860058590        3.0285414770840291E-002
  0.36226819353714296        2.9126425356694650E-002
  0.36374688963756052        2.7939229841141701E-002
  0.36523162143803800        2.6730015539972417E-002
  0.36672241357492547        2.5504857293552834E-002
  0.36821929078513355        2.4269688601639104E-002
  0.36972227790654283        2.3030275109170745E-002
  0.37123139987841652        2.1792190474167139E-002
  0.37274668174181458        2.0560794630962415E-002
  0.37426814864000829        1.9341214445242109E-002
  0.37579582581889864        1.8138326741745682E-002
  0.37732973862743413        1.6956743671133340E-002
  0.37886991251803198        1.5800800369332624E-002
  0.38041637304700071        1.4674544850755880E-002
  0.38196914587496344        1.3581730066062017E-002
  0.38352825676728425        1.2525808045622464E-002
  0.38509373159449567        1.1509926041548824E-002
  0.38666559633272773        1.0536924573960632E-002
  0.38824387706413899        9.6093372811580369E-003
  0.38982859997734975        8.7293924683987320E-003
  0.39141979136787586        7.8990162460736701E-003
  0.39301747763856587        7.1198371451582920E-003
  0.39462168530003849        6.3931920958222449E-003
  0.39623244097112265        5.7201336539903641E-003
  0.39784977137929967        5.1014383603586039E-003
  0.39947370336114574        4.5376161168650814E-003
  0.40110426386277853        4.0289204668078615E-003
  0.40274147994030307        3.5753596666391260E-003
  0.40438537876026137        3.1767084398967443E-003
  0.40603598760008325        2.8325203066884783E-003
  0.40769333384853856        2.5421403855585209E-003
  0.40935744500619187        2.3047185684159713E-003
  0.41102834868585908        2.1192229733785276E-003
  0.41270607261306486        1.9844535848921180E-003
  0.41439064462650332        1.8990559952231159E-003
  0.41608209267850005        1.8615351663697141E-003
  0.41778044483547516        1.8702691365390864E-003
  0.41948572927840988        1.9235226005518691E-003
  0.42119797430331363        2.0194602988158408E-003
  0.42291720832169355        2.1561601548211462E-003
  0.42464345986102636        2.3316261064248375E-003
  0.42637675756523108        2.5438005814523296E-003
  0.42811713019514508        2.7905765733532983E-003
  0.42986460662900056        3.0698092777488861E-003
  0.43161921586290408        3.3793272556950360E-003
  0.43338098701131811        3.7169430943272408E-003
  0.43514994930754325        4.0804635402316991E-003
  0.43692613210420378        4.4676990853916090E-003
  0.43870956487373508        4.8764729898603323E-003
  0.44050027720887197        5.3046297294207859E-003
  0.44229829882313998        5.7500428603734291E-003
  0.44410365955134889        6.2106222972628800E-003
  0.44591638935008682        6.6843210027871802E-003
  0.44773651829821842        7.1691410923384880E-003
  0.44956407659738296        7.6631393585912810E-003
  0.45139909457249600        8.1644322242923235E-003
  0.45324160267225266        8.6712001339024763E-003
  0.45509163146963244        9.1816913970117695E-003
  0.45694921166240710        9.6942254984918666E-003
  0.45881437407364939        1.0207195892162534E-002
  0.46068714965224478        1.0719072296356838E-002
  0.46256756947340538        1.1228402511152105E-002
  0.46445566473918498        1.1733813778224456E-002
  0.46635146677899686        1.2234013705275267E-002
  0.46825500705013429        1.2727790777777557E-002
  0.47016631713829160        1.3214014481422925E-002
  0.47208542875808879        1.3691635059100832E-002
  0.47401237375359806        1.4159682926544039E-002
  0.47594718409887132        1.4617267770922964E-002
  0.47788989189847175        1.5063577356680936E-002
  0.47984052938800570        1.5497876062785503E-002
  0.48179912893465782        1.5919503175332198E-002
  0.48376572303772875        1.6327870959088952E-002
  0.48574034432917323        1.6722462531126994E-002
  0.48772302557414277        1.7102829559143381E-002
  0.48971379967152823        1.7468589806467198E-002
  0.49171269965450648        1.7819424545051563E-002
  0.49371975869108847        1.8155075857005133E-002
  0.49573501008466908        1.8475343844412781E-002
  0.49775848727458005        1.8780083766340640E-002
  0.49979022383664523        1.9069203121042769E-002
  0.50183025348373689        1.9342658690454716E-002
  0.50387861006633561        1.9600453563132281E-002
  0.50593532757309234        1.9842634150821867E-002
  0.50800044013139123        2.0069287212887262E-002
  0.51007398200791731        2.0280536901842686E-002
  0.51215598760922409        2.0476541842263864E-002
  0.51424649148230461        2.0657492254385363E-002
  0.51634552831516523        2.0823607132734002E-002
  0.51845313293740036        2.0975131489198138E-002
  0.52056934032077162        2.1112333669018345E-002
  0.52269418557978653        2.1235502747269354E-002
  0.52482770397228251        2.1344946012530622E-002
  0.52696993090001132        2.1440986543587566E-002
  0.52912090190922667        2.1523960884184647E-002
  0.53128065269127367        2.1594216820058569E-002
  0.53344921908318188        2.1652111261720695E-002
  0.53562663706825886        2.1698008235741289E-002
  0.53781294277668812        2.1732276986591050E-002
  0.54000817248612853        2.1755290190451946E-002
  0.54221236262231554        2.1767422281793940E-002
  0.54442554975966673        2.1769047892936912E-002
  0.54664777062188774        2.1760540406282659E-002
  0.54887906208258186        2.1742270618394195E-002
  0.55111946116586275        2.1714605514648710E-002
  0.55336900504696696        2.1677907152752474E-002
  0.55562773105287300        2.1632531653023347E-002
  0.55789567666291884        2.1578828292994977E-002
  0.56017287950942463        2.1517138703571630E-002
  0.56245937737831742        2.1447796163685237E-002
  0.56475520820975744        2.1371124990149901E-002
  0.56706041009876806        2.1287440019193749E-002
  0.56937502129586803        2.1197046175955529E-002
  0.57169908020770599        2.1100238128077403E-002
  0.57403262539769728        2.0997300019392661E-002
  0.57637569558666502        2.0888505279602936E-002
  0.57872832965348131        2.0774116505760568E-002
  0.58109056663571335        2.0654385411318133E-002
  0.58346244573027040        2.0529552838473870E-002
  0.58584400629405475        2.0399848829530279E-002
  0.58823528784461476        2.0265492752994253E-002
  0.59063633006079996        2.0126693480171286E-002
  0.59304717278342045        1.9983649608053142E-002
  0.59546785601590702        1.9836549724357826E-002
  0.59789841992497528        1.9685572710652972E-002
  0.60033890484129260        1.9530888079583690E-002
  0.60278935126014666        1.9372656342323540E-002
  0.60524979984211758        1.9211029402476196E-002
  0.60772029141375294        1.9046150972776191E-002
  0.61020086696824494        1.8878157011062012E-002
  0.61269156766611022        1.8707176172129150E-002
  0.61519243483587394        1.8533330272212746E-002
  0.61770350997475421        1.8356734762991642E-002
  0.62022483474935197        1.8177499212156056E-002
  0.62275645099634114        1.7995727787733680E-002
  0.62529840072316345        1.7811519743522318E-002
  0.62785072610872605        1.7624969903133482E-002
  0.63041346950409982        1.7436169140308454E-002
  0.63298667343322390        1.7245204853322441E-002
  0.63557038059361004        1.7052161431453015E-002
  0.63816463385705124        1.6857120711637461E-002
  0.64076947627033398        1.6660162423601368E-002
  0.64338495105595150        1.6461364621888824E-002
  0.64601110161282127        1.6260804103371523E-002
  0.64864797151700582        1.6058556808961164E-002
  0.65129560452243462        1.5854698208385649E-002
  0.65395404456163087        1.5649303667031808E-002
  0.65662333574644061        1.5442448793983848E-002
  0.65930352236876377        1.5234209770519605E-002
  0.66199464890129045        1.5024663658447179E-002
  0.66469675999823752        1.4813888687783459E-002
  0.66740990049609028        1.4601964523387134E-002
  0.67013411541434675        1.4388972510271630E-002
  0.67286944995626363        1.4174995897421140E-002
  0.67561594950960757        1.3960120040030714E-002
  0.67837365964740748        1.3744432580187212E-002
  0.68114262612871068        1.3528023606088478E-002
  0.68392289489934310        1.3310985789983562E-002
  0.68671451209267076        1.3093414505091078E-002
  0.68951752403036504        1.2875407921821472E-002
  0.69233197722317286        1.2657067083695336E-002
  0.69515791837168661        1.2438495963411143E-002
  0.69799539436711988        1.2219801499566543E-002
  0.70084445229208592        1.2001093614590508E-002
  0.70370513942137802        1.1782485214486965E-002
  0.70657750322275481        1.1564092171030965E-002
  0.70946159135772713        1.1346033287092945E-002
  0.71235745168234910        1.1128430245800243E-002
  0.71526513224801314        1.0911407544267879E-002
  0.71818468130224533        1.0695092412657370E-002
  0.72111614728950835        1.0479614719338115E-002
  0.72405957885200312        1.0265106862942054E-002
  0.72701502483047720        1.0051703652113435E-002
  0.72998253426503557        9.8395421737632327E-003
  0.73296215639595286        9.6287616506426296E-003
  0.73595394066449149        9.4195032890514903E-003
  0.73895793671372234        9.2119101174960132E-003
  0.74197419438934753        9.0061268171063059E-003
  0.74500276374052765        8.8022995446173681E-003
  0.74804369502071344        8.6005757487090280E-003
  0.75109703868847777        8.4011039804878611E-003
  0.75416284540835488        8.2040336988812405E-003
  0.75724116605167924        8.0095150717009560E-003
  0.76033205169743068        7.8176987731112466E-003
  0.76343555363308235        7.6287357782256517E-003
  0.76655172335545019        7.4427771555302044E-003
  0.76968061257154952        7.2599738578135904E-003
  0.77282227319945096        7.0804765122612391E-003
  0.77597675736914307        6.9044352103484197E-003
  0.77914411742339751        6.7319992981404488E-003
  0.78232440591863694        6.5633171675887163E-003
  0.78551767562580699        6.3985360493797917E-003
  0.78872397953125306        6.2378018078735227E-003
  0.79194337083759792        6.0812587386387812E-003
  0.79517590296462559        5.9290493690678132E-003
  0.79842162955016782        5.7813142625246158E-003
  0.80168060445099321        5.6381918264567440E-003
  0.80495288174370172        5.4998181248714396E-003
  0.80823851572562166        5.3663266955518464E-003
  0.81153756091571005        5.2378483723619640E-003
  0.81485007205545901        5.1145111129631271E-003
  0.81817610410980179        4.9964398322387103E-003
  0.82151571226802678        4.8837562416979979E-003
  0.82486895194469190        4.7765786951055426E-003
  0.82823587878054472        4.6750220405570222E-003
  0.83161654864344625        4.5791974791992880E-003
  0.83501101762929653        4.4892124307680196E-003
  0.83841934206296653        4.4051704060933099E-003
  0.84184157849923302        4.3271708867022862E-003
  0.84527778372371576        4.2553092116244928E-003
  0.84872801475382054        4.1896764714866794E-003
  0.85219232883968588        4.1303594099610375E-003
  0.85567078346513115        4.0774403326140317E-003
  0.85916343634861292        4.0309970231820463E-003
  0.86267034544418009        3.9911026672825763E-003
  0.86619156894243732        3.9578257835536663E-003
  0.86972716527151039        3.9312301621954766E-003
  0.87327719309801433        3.9113748108745676E-003
  0.87684171132802924        3.8983139079346212E-003
  0.88042077910807537        3.8920967628445855E-003
  0.88401445582609561        3.8927677838010944E-003
  0.88762280111244185        3.9003664523890921E-003
  0.89124587484086226        3.9149273051944621E-003
  0.89488373712949654        3.9364799222490190E-003
  0.89853644834187318        3.9650489221799553E-003
  0.90220406908791040        4.0006539639249545E-003
  0.90588666022492215        4.0433097548666060E-003
  0.90958428285862880        4.0930260652294673E-003
  0.91329699834416944        4.1498077485789238E-003
  0.91702486828712149        4.2136547682507623E-003
  0.92076795454452198        4.2845622295370226E-003
  0.92452631922589401        4.3625204174470066E-003
  0.92830002469427830        4.4475148398568521E-003
  0.93208913356726641        4.5395262758588985E-003
  0.93589370871804145        4.6385308291167094E-003
  0.93971381327641990        4.7444999860289487E-003
  0.94354951062989978        4.8574006785027770E-003
  0.94740086442471305        4.9771953511369609E-003
  0.95126793856688030        5.1038420326099962E-003
  0.95515079722327212        5.2372944110713531E-003
  0.95904950482267404        5.3775019133314754E-003
  0.96296412605685466        5.5244097876444732E-003
  0.96689472588163972        5.6779591898834655E-003
  0.97084136951799027        5.8380872728999765E-003
  0.97480412245308368        6.0047272788712842E-003
  0.97878305044140190        6.1778086344299078E-003
  0.98277821950582100        6.3572570483795519E-003
  0.98678969593870736        6.5429946118000810E-003
  0.99081754630301844        6.7349399003460717E-003
  0.99486183743340539        6.9330080785490389E-003
  0.99892263643732426        7.1371110059334532E-003
   1.0030000106961476        7.3471573447610478E-003
   1.0070940278662834        7.5630526692221246E-003
   1.0112047558802988        7.7846995758945204E-003
   1.0153322629480441        8.0119977952960320E-003
   1.0194766175577885        8.2448443043587113E-003
   1.0236378884773538        8.4831334396597846E-003
   1.0278161447552574        8.7267570112451367E-003
   1.0320114557218547        8.9756044168886051E-003
   1.0362238909904942        9.2295627566328746E-003
   1.0404535204586696        9.4885169474633671E-003
   1.0447004143091787        9.7523498379697669E-003
   1.0489646430112913        1.0020942322857353E-002
   1.0532462773219167        1.0294173457171618E-002
   1.0575453882867758        1.0571920570106915E-002
   1.0618620472415838        1.0854059378274054E-002
   1.0661963258132321        1.1140464098305554E-002
   1.0705482959209747        1.1431007558684944E-002
   1.0749180297776255        1.1725561310687273E-002
   1.0793055998907541        1.2023995738327305E-002
   1.0837110790638902        1.2326180167212514E-002
   1.0881345403977287        1.2631982972206506E-002
   1.0925760572913470        1.2941271683811029E-002
   1.0970357034434204        1.3253913093179394E-002
   1.1015135528534441        1.3569773355680707E-002
   1.1060096798229635        1.3888718092936929E-002
   1.1105241589568067        1.4210612493260492E-002
   1.1150570651643195        1.4535321410424146E-002
   1.1196084736606120        1.4862709460700452E-002
   1.1241784599678060        1.5192641118109576E-002
   1.1287670999162849        1.5524980807823005E-002
   1.1333744696459565        1.5859592997670653E-002
   1.1380006456075142        1.6196342287705064E-002
   1.1426457045637044        1.6535093497781043E-002
   1.1473097235906025        1.6875711753110499E-002
   1.1519927800788912        1.7218062567759474E-002
   1.1566949517351428        1.7562011926054420E-002
   1.1614163165831117        1.7907426361871585E-002
   1.1661569529650266        1.8254173035785845E-002
   1.1709169395428922        1.8602119810056699E-002
   1.1756963552997917        1.8951135321435903E-002
   1.1804952795412009        1.9301089051783269E-002
   1.1853137918963028        1.9651851396477394E-002
   1.1901519723193061        2.0003293730615764E-002
   1.1950099010907769        2.0355288472999208E-002
   1.1998876588189678        2.0707709147896949E-002
   1.2047853264411541        2.1060430444594075E-002
   1.2097029852249803        2.1413328274725588E-002
   1.2146407167698074        2.1766279827399617E-002
   1.2195986030080641        2.2119163622121355E-002
   1.2245767262066105        2.2471859559525693E-002
   1.2295751689681005        2.2824248969931724E-002
   1.2345940142323542        2.3176214659734004E-002
   1.2396333452777308        2.3527640955645995E-002
   1.2446932457225151        2.3878413746815982E-002
   1.2497737995263021        2.4228420524833788E-002
   1.2548750909913893        2.4577550421650364E-002
   1.2599972047641785        2.4925694245434955E-002
   1.2651402258365791        2.5272744514393635E-002
   1.2703042395474162        2.5618595488575285E-002
   1.2754893315838498        2.5963143199693978E-002
   1.2806955879827961        2.6306285478994933E-002
   1.2859230951323521        2.6647921983195669E-002
   1.2911719397732333        2.6987954218531673E-002
   1.2964422090002106        2.7326285562940898E-002
   1.3017339902635547        2.7662821286417325E-002
   1.3070473713704895        2.7997468569569320E-002
   1.3123824404866489        2.8330136520417021E-002
   1.3177392861375357        2.8660736189463347E-002
   1.3231179972099965        2.8989180583074092E-002
   1.3285186629536925        2.9315384675205738E-002
   1.3339413729825829        2.9639265417514042E-002
   1.3393862172764077        2.9960741747884614E-002
   1.3448532861821869        3.0279734597420234E-002
   1.3503426704157151        3.0596166895923947E-002
   1.3558544610630672        3.0909963575916594E-002
   1.3613887495821120        3.1221051575225377E-002
   1.3669456278040288        3.1529359838184154E-002
   1.3725251879348284        3.1834819315481766E-002
   1.3781275225568879        3.2137362962699041E-002
   1.3837527246304846        3.2436925737571759E-002
   1.3894008874953359        3.2733444596017534E-002
   1.3950721048721533        3.3026858486967861E-002
   1.4007664708641934        3.3317108346039424E-002
   1.4064840799588225        3.3604137088086877E-002
   1.4122250270290799        3.3887889598671832E-002
   1.4179894073352572        3.4168312724487733E-002
   1.4237773165264773        3.4445355262777200E-002
   1.4295888506422783        3.4718967949778606E-002
   1.4354241061142121        3.4989103448239453E-002
   1.4412831797674421        3.5255716334032280E-002
   1.4471661688223481        3.5518763081908968E-002
   1.4530731708961429        3.5778202050429725E-002
   1.4590042840044910        3.6033993466101803E-002
   1.4649596065631323        3.6286099406760960E-002
   1.4709392373895191        3.6534483784232345E-002
   1.4769432757044543        3.6779112326302980E-002
   1.4829718211337348        3.7019952558039221E-002
   1.4890249737098105        3.7256973782482168E-002
   1.4951028338734396        3.7490147060752571E-002
   1.5012055024753554        3.7719445191597700E-002
   1.5073330807779428        3.7944842690410277E-002
   1.5134856704569155        3.8166315767750335E-002
   1.5196633736030056        3.8383842307399683E-002
   1.5258662927236537        3.8597401843978127E-002
   1.5320945307447145        3.8806975540150855E-002
   1.5383481910121630        3.9012546163453399E-002
   1.5446273772938062        3.9214098062762916E-002
   1.5509321937810101        3.9411617144442634E-002
   1.5572627450904259        3.9605090848184622E-002
   1.5636191362657244        3.9794508122577260E-002
   1.5700014727793419        3.9979859400421862E-002
   1.5764098605342303        4.0161136573823142E-002
   1.5828444058656099        4.0338332969077288E-002
   1.5893052155427401        4.0511443321379584E-002
   1.5957923967706868        4.0680463749375589E-002
   1.6023060571921037        4.0845391729576706E-002
   1.6088463048890147        4.1006226070660970E-002
   1.6154132483846122        4.1162966887681535E-002
   1.6220069966450557        4.1315615576199526E-002
   1.6286276590812767        4.1464174786364223E-002
   1.6352753455508005        4.1608648396956646E-002
   1.6419501663595648        4.1749041489416064E-002
   1.6486522322637496        4.1885360321866252E-002
   1.6553816544716176        4.2017612303158904E-002
   1.6621385446453594        4.2145805966950695E-002
   1.6689230149029417        4.2269950945828964E-002
   1.6757351778199741        4.2390057945502338E-002
   1.6825751464315746        4.2506138719070649E-002
   1.6894430342342412        4.2618206041386782E-002
   1.6963389551877424        4.2726273683527674E-002
   1.7032630237170037        4.2830356387382709E-002
   1.7102153547140044        4.2930469840376281E-002
   1.7171960635396897        4.3026630650334290E-002
   1.7242052660258809        4.3118856320505931E-002
   1.7312430784771990        4.3207165224753367E-002
   1.7383096176729915        4.3291576582918441E-002
   1.7454050008692747        4.3372110436376218E-002
   1.7525293458006783        4.3448787623786872E-002
   1.7596827706823941        4.3521629757051775E-002
   1.7668653942121444        4.3590659197486781E-002
   1.7740773355721486        4.3655899032215478E-002
   1.7813187144310982        4.3717373050878125E-002
   1.7885896509461472        4.3775105722170395E-002
   1.7958902657649043        4.3829122171430222E-002
   1.8032206800274309        4.3879448157683271E-002
   1.8105810153682576        4.3926110051337543E-002
   1.8179713939183981        4.3969134812064069E-002
   1.8253919383073787        4.4008549966945365E-002
   1.8328427716652678        4.4044383588898228E-002
   1.8403240176247260        4.4076664275374225E-002
   1.8478358003230537        4.4105421127343142E-002
   1.8553782444042495        4.4130683728562159E-002
   1.8629514750210820        4.4152482125135138E-002
   1.8705556178371661        4.4170846805365961E-002
   1.8781907990290427        4.4185808679906929E-002
   1.8858571452882809        4.4197399062206696E-002
   1.8935547838235744        4.4205649649259507E-002
   1.9012838423628520        4.4210592502657756E-002
   1.9090444491554013        4.4212260029949338E-002
   1.9168367329739937        4.4210684966302385E-002
   1.9246608231170197        4.4205900356477791E-002
   1.9325168494106386        4.4197939537110195E-002
   1.9404049422109304        4.4186836119300132E-002
   1.9483252324060565        4.4172623971515487E-002
   1.9562778514184365        4.4155337202804269E-002
   1.9642629312069249        4.4135010146318251E-002
   1.9722806042690040        4.4111677343147811E-002
   1.9803310036429771        4.4085373526466409E-002
   1.9884142629101824        4.4056133605986404E-002
   1.9965305161972071        4.4023992652723408E-002
   2.0046798981781091        4.3988985884069874E-002
   2.0128625440766581        4.3951148649175861E-002
   2.0210785896685763        4.3910516414636579E-002
   2.0293281712837890        4.3867124750484862E-002
   2.0376114258086915        4.3821009316487775E-002
   2.0459284906884188        4.3772205848744319E-002
   2.0542795039291217        4.3720750146584580E-002
   2.0626646041002639        4.3666678059766317E-002
   2.0710839303369175        4.3610025475968914E-002
   2.0795376223420732        4.3550828308580300E-002
   2.0880258203889532        4.3489122484777272E-002
   2.0965486653233478        4.3424943933894816E-002
   2.1051062985659468        4.3358328576082239E-002
   2.1136988621146831        4.3289312311245290E-002
   2.1223264985470975        4.3217931008268762E-002
   2.1309893510226989        4.3144220494519700E-002
   2.1396875632853374        4.3068216545626439E-002
   2.1484212796655959        4.2989954875531408E-002
   2.1571906450831819        4.2909471126815091E-002
   2.1659958050493291        4.2826800861287088E-002
   2.1748369056692178        4.2741979550841941E-002
   2.1837140936443968        4.2655042568576898E-002
   2.1926275162752127        4.2566025180167513E-002
   2.2015773214632635        4.2474962535498442E-002
   2.2105636577138457        4.2381889660546256E-002
   2.2195866741384194        4.2286841449510532E-002
   2.2286465204570853        4.2189852657190011E-002
   2.2377433470010675        4.2090957891601062E-002
   2.2468773047152077        4.1990191606833691E-002
   2.2560485451604677        4.1887588096143201E-002
   2.2652572205164492        4.1783181485272672E-002
   2.2745034835839171        4.1677005726003899E-002
   2.2837874877873303        4.1569094589932430E-002
   2.2931093871773944        4.1459481662463937E-002
   2.3024693364336155        4.1348200337027560E-002
   2.3118674908668622        4.1235283809503323E-002
   2.3213040064219506        4.1120765072860083E-002
   2.3307790396802273        4.1004676912000049E-002
   2.3402927478621649        4.0887051898806620E-002
   2.3498452888299783        4.0767922387392061E-002
   2.3594368210902377        4.0647320509541326E-002
   2.3690675037965030        4.0525278170348303E-002
   2.3787374967519588        4.0401827044041529E-002
   2.3884469604120731        4.0276998569995545E-002
   2.3981960558872570        4.0150823948924032E-002
   2.4079849449455333        4.0023334139251909E-002
   2.4178137900152290        3.9894559853662484E-002
   2.4276827541876669        3.9764531555816413E-002
   2.4375920012198664        3.9633279457238858E-002
   2.4475416955372706        3.9500833514371655E-002
   2.4575320022364697        3.9367223425786670E-002
   2.4675630870879357        3.9232478629557810E-002
   2.4776351165387829        3.9096628300787195E-002
   2.4877482577155234        3.8959701349283352E-002
   2.4979026784268394        3.8821726417387334E-002
   2.5080985471663721        3.8682731877943834E-002
   2.5183360331155162        3.8542745832413391E-002
   2.5286153061462220        3.8401796109124406E-002
   2.5389365368238228        3.8259910261659216E-002
   2.5492998964098588        3.8117115567372746E-002
   2.5597055568649218        3.7973439026040549E-002
   2.5701536908515048        3.7828907358632126E-002
   2.5806444717368717        3.7683547006208261E-002
   2.5911780735959340        3.7537384128937146E-002
   2.6017546712141315        3.7390444605228043E-002
   2.6123744400903441        3.7242754030979076E-002
   2.6230375564397970        3.7094337718936013E-002
   2.6337441971969815        3.6945220698159295E-002
   2.6444945400185995        3.6795427713596486E-002
   2.6552887632865070        3.6644983225757453E-002
   2.6661270461106703        3.6493911410489355E-002
   2.6770095683321458        3.6342236158849177E-002
   2.6879365105260575        3.6189981077070374E-002
   2.6989080540045989        3.6037169486621397E-002
   2.7099243808200328        3.5883824424353783E-002
   2.7209856737677236        3.5729968642737218E-002
   2.7320921163891634        3.5575624610177589E-002
   2.7432438929750149        3.5420814511418500E-002
   2.7544411885681774        3.5265560248020925E-002
   2.7656841889668535        3.5109883438919617E-002
   2.7769730807276272        3.4953805421055056E-002
   2.7883080511685678        3.4797347250076688E-002
   2.7996892883723348        3.4640529701116127E-002
   2.8111169811892935        3.4483373269629011E-002
   2.8225913192406575        3.4325898172300778E-002
   2.8341124929216317        3.4168124348016846E-002
   2.8456806934045655        3.4010071458893773E-002
   2.8572961126421350        3.3851758891369099E-002
   2.8689589433705232        3.3693205757348466E-002
   2.8806693791126143        3.3534430895407821E-002
   2.8924276141812122        3.3375452872048406E-002
   2.9042338436822610        3.3216289983002807E-002
   2.9160882635180831        3.3056960254590526E-002
   2.9279910703906258        3.2897481445120474E-002
   2.9399424618047334        3.2737871046338962E-002
   2.9519426360714194        3.2578146284921575E-002
   2.9639917923111532        3.2418324124006984E-002
   2.9760901304571732        3.2258421264770736E-002
   2.9882378512587997        3.2098454148037192E-002
   3.0004351562847607        3.1938438955929703E-002
   3.0126822479265480        3.1778391613554259E-002
   3.0249793294017673        3.1618327790718166E-002
   3.0373266047575087        3.1458262903680145E-002
   3.0497242788737404        3.1298212116931054E-002
   3.0621725574667020        3.1138190345004126E-002
   3.0746716470923223        3.0978212254312451E-002
   3.0872217551496384        3.0818292265013095E-002
   3.0998230898842483        3.0658444552895771E-002
   3.1124758603917613        3.0498683051294932E-002
   3.1251802766212617        3.0339021453024882E-002
   3.1379365493788032        3.0179473212334745E-002
   3.1507448903309023        3.0020051546883510E-002
   3.1636055120080444        2.9860769439734234E-002
   3.1765186278082207        2.9701639641364033E-002
   3.1894844520004644        2.9542674671691513E-002
   3.2025031997284015        2.9383886822118288E-002
   3.2155750870138298        2.9225288157584656E-002
   3.2287003307602982        2.9066890518637992E-002
   3.2418791487567020        2.8908705523513049E-002
   3.2551117596809069        2.8750744570222014E-002
   3.2683983831033703        2.8593018838655518E-002
   3.2817392394907818        2.8435539292691551E-002
   3.2951345502097307        2.8278316682312100E-002
   3.3085845375303724        2.8121361545726871E-002
   3.3220894246301196        2.7964684211503082E-002
   3.3356494355973410        2.7808294800700076E-002
   3.3492647954350852        2.7652203229007515E-002
   3.3629357300648142        2.7496419208888196E-002
   3.3766624663301439        2.7340952251723206E-002
   3.3904452320006189        2.7185811669957698E-002
   3.4042842557754875        2.7031006579249152E-002
   3.4181797672874907        2.6876545900615292E-002
   3.4321319971066844        2.6722438362581750E-002
   3.4461411767442565        2.6568692503328394E-002
   3.4602075386563675        2.6415316672834692E-002
   3.4743313162480152        2.6262319035021756E-002
   3.4885127438769019        2.6109707569892275E-002
   3.5027520568573265        2.5957490075665744E-002
   3.5170494914640815        2.5805674170911022E-002
   3.5314052849363842        2.5654267296672605E-002
   3.5458196754818094        2.5503276718592458E-002
   3.5602929022802345        2.5352709529026171E-002
   3.5748252054878202        2.5202572649152162E-002
   3.5894168262409902        2.5052872831074359E-002
   3.6040680066604258        2.4903616659917544E-002
   3.6187789898550959        2.4754810555915385E-002
   3.6335500199262847        2.4606460776489068E-002
   3.6483813419716364        2.4458573418319023E-002
   3.6632732020892336        2.4311154419405859E-002
   3.6782258473816740        2.4164209561122967E-002
   3.6932395259601685        2.4017744470259728E-002
   3.7083144869486642        2.3871764621052498E-002
   3.7234509804879772        2.3726275337207670E-002
   3.7386492577399353        2.3581281793912105E-002
   3.7539095708915569        2.3436789019832979E-002
   3.7692321731592284        2.3292801899106562E-002
   3.7846173187929102        2.3149325173313764E-002
   3.8000652630803460        2.3006363443446146E-002
   3.8155762623513128        2.2863921171856781E-002
   3.8311505739818670        2.2722002684200576E-002
   3.8467884563986092        2.2580612171361179E-002
   3.8624901690829847        2.2439753691364351E-002
   3.8782559725755825        2.2299431171278715E-002
   3.8940861284804527        2.2159648409102901E-002
   3.9099808994694594        2.2020409075638705E-002
   3.9259405492866346        2.1881716716350804E-002
   3.9419653427525452        2.1743574753211946E-002
   3.9580555457687030        2.1605986486534737E-002
   3.9742114253219660        2.1468955096788124E-002
   3.9904332494889743        2.1332483646399926E-002
   4.0067212874405893        2.1196575081544961E-002
   4.0230758094463717        2.1061232233917745E-002
   4.0394970868790629        2.0926457822490530E-002
   4.0559853922190783        2.0792254455256981E-002
   4.0725409990590427        2.0658624630993844E-002
   4.0891641821083224        2.0525570740839421E-002
   4.1058552171975808        2.0393095070190700E-002
   4.1226143812833644        2.0261199800254065E-002
   4.1394419524526915        2.0129887009744395E-002
   4.1563382099276636        1.9999158676537176E-002
   4.1733034340701094        1.9869016679303398E-002
   4.1903379063862296        1.9739462799125865E-002
   4.2074419095312638        1.9610498721121590E-002
   4.2246157273141920        1.9482126036003668E-002
   4.2418596447024361        1.9354346241672600E-002
   4.2591739478265858        1.9227160744769232E-002
   4.2765589239851547        1.9100570862216639E-002
   4.2940148616493437        1.8974577822746030E-002
   4.3115420504678283        1.8849182768406889E-002
   4.3291407812715565        1.8724386756061834E-002
   4.3468113460785895        1.8600190758865195E-002
   4.3645540380989400        1.8476595667725859E-002
   4.3823691517394279        1.8353602292754834E-002
   4.4002569826085844        1.8231211364696964E-002
   4.4182178275215458        1.8109423536346168E-002
   4.4362519845049730        1.7988239383946558E-002
   4.4543597528020111        1.7867659408576424E-002
   4.4725414328772475        1.7747684037517638E-002
   4.4907973264216903        1.7628313625608977E-002
   4.5091277363577875        1.7509548456584183E-002
   4.5275329668444471        1.7391388744394568E-002
   4.5460133232820850        1.7273834634516157E-002
   4.5645691123176864        1.7156886205241317E-002
   4.5832006418499045        1.7040543468955595E-002
   4.6019082210341660        1.6924806373398743E-002
   4.6206921602877928        1.6809674802911113E-002
   4.6395527712951647        1.6695148579664351E-002
   4.6584903670128890        1.6581227464877713E-002
   4.6775052616749795        1.6467911160019083E-002
   4.6965977707980926        1.6355199307991199E-002
   4.7157682111867478        1.6243091494302888E-002
   4.7350169009385850        1.6131587248226019E-002
   4.7543441594496505        1.6020686043937301E-002
   4.7737503074196939        1.5910387301646033E-002
   4.7932356668574805        1.5800690388707146E-002
   4.8128005610861475        1.5691594620719545E-002
   4.8324453147485658        1.5583099262611155E-002
   4.8521702538127149        1.5475203529708421E-002
   4.8719757055771122        1.5367906588792949E-002
   4.8918619986762248        1.5261207559143498E-002
   4.9118294630859394        1.5155105513564023E-002
   4.9318784301290162        1.5049599479398566E-002
   4.9520092324806102        1.4944688439531357E-002
   4.9722222041737796        1.4840371333374465E-002
   4.9925176806050207        1.4736647057841253E-002
   5.0128959985398502        1.4633514468306486E-002
   5.0333574961183860        1.4530972379553527E-002
   5.0539025128609465        1.4429019566707946E-002
   5.0745313896737043        1.4327654766158202E-002
   5.0952444688543324        1.4226876676463773E-002
   5.1160420940976774        1.4126683959248869E-002
   5.1369246105014765        1.4027075240086239E-002
   5.1578923645720769        1.3928049109365355E-002
   5.1789457042301867        1.3829604123149902E-002
   5.2000849788166388        1.3731738804022196E-002
   5.2213105390982024        1.3634451641915339E-002
   5.2426227372734004        1.3537741094933341E-002
   5.2640219269783390        1.3441605590159021E-002
   5.2855084632925946        1.3346043524450079E-002
   5.3070827027450962        1.3251053265222969E-002
   5.3287450033200381        1.3156633151225642E-002
   5.3504957244628288        1.3062781493297860E-002
   5.3723352270860527        1.2969496575120691E-002
   5.3942638735754480        1.2876776653954331E-002
   5.4162820277959387        1.2784619961364525E-002
   5.4383900550976607        1.2693024703937888E-002
   5.4605883223220175        1.2601989063986352E-002
   5.4828771978077846        1.2511511200240246E-002
   5.5052570513972130        1.2421589248531113E-002
   5.5277282544421542        1.2332221322463220E-002
   5.5502911798102446        1.2243405514074910E-002
   5.5729462018910780        1.2155139894488985E-002
   5.5956936966024218        1.2067422514553427E-002
   5.6185340413964466        1.1980251405471003E-002
   5.6414676152660075        1.1893624579419341E-002
   5.6644947987509173        1.1807540030160664E-002
   5.6876159739442613        1.1721995733641761E-002
   5.7108315244987482        1.1636989648583734E-002
   5.7341418356330687        1.1552519717062712E-002
   5.7575472941382806        1.1468583865080390E-002
   5.7810482883842447        1.1385180003125269E-002
   5.8046452083260549        1.1302306026724461E-002
   5.8283384455105089        1.1219959816986456E-002
   5.8521283930826149        1.1138139241134316E-002
   5.8760154457921070        1.1056842153030086E-002
