  0.10000000000000001       0.26266431959501058     
  0.10040817718110437       0.23795021549801973     
  0.10081802044832047       0.21212971051936727     
  0.10122953660223166       0.18695698311210174     
  0.10164273247117964       0.16409689873342159     
  0.10205761491137796       0.14501245744876257     
  0.10247419080702558       0.13087079211150351     
  0.10289246707042120       0.12247329494838410     
  0.10331245064207799       0.12021347753296649     
  0.10373414849083867       0.12406407413756447     
  0.10415756761399117       0.13359283391282586     
  0.10458271503738485       0.14800455180813912     
  0.10500959781554686       0.16620527779116898     
  0.10543822303179938       0.18688340652622171     
  0.10586859779837712       0.20860154108028012     
  0.10630072925654524       0.22989266734441360     
  0.10673462457671801       0.24935426192767046     
  0.10717029095857759       0.26573444816972513     
  0.10760773563119364       0.27800515199271492     
  0.10804696585314330       0.28541831339859375     
  0.10848798891263144       0.28754249136639226     
  0.10893081212761184       0.28427856625157533     
  0.10937544284590843       0.27585460308867849     
  0.10982188844533726       0.26280120762505577     
  0.11027015633382903       0.24590981287545136     
  0.11072025394955184       0.22617722153470837     
  0.11117218876103470       0.20474036052857889     
  0.11162596826729153       0.18280555870896587     
  0.11208159999794542       0.16157673577781928     
  0.11253909151335369       0.14218670522838306     
  0.11299845040473337       0.12563537605719804     
  0.11345968429428700       0.11273802822258540     
  0.11392280083532935       0.10408608427312888     
  0.11438780771241415       0.10002195762759725     
  0.11485471264146174       0.10062868097664258     
  0.11532352336988719       0.10573415823939068     
  0.11579424767672861       0.11492908742647259     
  0.11626689337277650       0.12759690932205539     
  0.11674146830070313       0.14295357888182686     
  0.11721798033519278       0.16009455357066432     
  0.11769643738307244       0.17804615627464773     
  0.11817684738344295       0.19581840076569340     
  0.11865921830781066       0.21245645673204189     
  0.11914355816021997       0.22708816301068052     
  0.11962987497738581       0.23896534944779740     
  0.12011817682882717       0.24749717277115263     
  0.12060847181700105       0.25227418023397952     
  0.12110076807743671       0.25308235588321970     
  0.12159507377887094       0.24990694815155470     
  0.12209139712338332       0.24292639633348601     
  0.12258974634653247       0.23249714310275421     
  0.12309012971749274       0.21913052068572367     
  0.12359255553919130       0.20346321477801077     
  0.12409703214844603       0.18622303327808948     
  0.12460356791610375       0.16819183226923359     
  0.12511217124717913       0.15016748036842309     
  0.12562285058099434       0.13292668015277670     
  0.12613561439131882       0.11719032139149782     
  0.12665047118650996       0.10359282792085163     
  0.12716742950965446        9.2656693134223839E-002
  0.12768649793870987        8.4773094510751920E-002
  0.12820768508664696        8.0189152137220859E-002
  0.12873099960159279        7.9002066195126577E-002
  0.12925645016697404        8.1160049203461551E-002
  0.12978404550166117        8.6469674038049463E-002
  0.13031379436011306        9.4608999817325817E-002
  0.13084570553252231       0.10514562356370633     
  0.13137978784496107       0.11755864232853455     
  0.13191605015952751       0.13126340166906034     
  0.13245450137449291       0.14563785278436453     
  0.13299515042444918       0.16004934057993231     
  0.13353800628045717       0.17388069457940755     
  0.13408307795019572       0.18655458825099797     
  0.13463037447811083       0.19755526285450137     
  0.13517990494556581       0.20644687123580846     
  0.13573167847099218       0.21288787642629581     
  0.13628570421004074       0.21664113062168117     
  0.13684199135573349       0.21757945352858940     
  0.13740054913861643       0.21568671715716581     
  0.13796138682691236       0.21105461973728867     
  0.13852451372667493       0.20387548844964176     
  0.13908993918194296       0.19443158422513523     
  0.13965767257489561       0.18308148842988836     
  0.14022772332600780       0.17024422861877037     
  0.14080010089420669       0.15638184782785142     
  0.14137481477702879       0.14198113944428334     
  0.14195187451077720       0.12753525901937163     
  0.14253128967068007       0.11352588791967466     
  0.14311306987104958       0.10040656467235123     
  0.14369722476544117        8.8587722079985526E-002
  0.14428376404681392        7.8423875880958005E-002
  0.14487269744769149        7.0203308342770915E-002
  0.14546403474032335        6.4140482146991917E-002
  0.14605778573684705        6.0371310558488572E-002
  0.14665396028945119        5.8951303178671130E-002
  0.14725256829053859        5.9856506157716267E-002
  0.14785361967289068        6.2987064670038978E-002
  0.14845712440983222        6.8173156249092301E-002
  0.14906309251539690        7.5182978122906710E-002
  0.14967153404449324        8.3732421250352185E-002
  0.15028245909307170        9.3496028968103620E-002
  0.15089587779829214       0.10411881906759020     
  0.15151180033869191       0.11522854423686713     
  0.15213023693435482       0.12644797615404871     
  0.15275119784708088       0.13740682173342716     
  0.15337469338055626       0.14775291440843058     
  0.15400073388052446       0.15716236695621644     
  0.15462932973495802       0.16534842314507070     
  0.15526049137423079       0.17206880126720508     
  0.15589422927129087       0.17713138126355088     
  0.15653055394183482       0.18039814658905240     
  0.15716947594448166       0.18178735028069973     
  0.15781100588094832       0.18127393013851301     
  0.15845515439622559       0.17888824900280903     
  0.15910193217875471       0.17471328155667926     
  0.15975134996060453       0.16888040792241316     
  0.16040341851764989       0.16156400585731714     
  0.16105814866975027       0.15297505716966786     
  0.16171555128092935       0.14335399991844139     
  0.16237563725955523       0.13296306612950590     
  0.16303841755852153       0.12207834547902358     
  0.16370390317542910       0.11098180918072045     
  0.16437210515276834        9.9953515848929086E-002
  0.16504303457810285        8.9264203204540107E-002
  0.16571670258425286        7.9168447050133581E-002
  0.16639312034948034        6.9898542926538063E-002
  0.16707229909767446        6.1659237264818832E-002
  0.16775425009853762        5.4623404648700226E-002
  0.16843898466777257        4.8928736953418275E-002
  0.16912651416727026        4.4675479521398331E-002
  0.16981685000529834        4.1925219988649280E-002
  0.17051000363669019        4.0700707610127222E-002
  0.17120598656303537        4.0986655563297551E-002
  0.17190481033287031        4.2731456238516374E-002
  0.17260648654186983        4.5849720336386741E-002
  0.17331102683303970        5.0225534951477240E-002
  0.17401844289690985        5.5716323878786708E-002
  0.17472874647172817        6.2157185174891591E-002
  0.17544194934365545        6.9365576479280905E-002
  0.17615806334696094        7.7146217601912509E-002
  0.17687710036421864        8.5296082180137331E-002
  0.17759907232650440        9.3609355505542724E-002
  0.17832399121359424       0.10188224356987320     
  0.17905186905416270       0.10991752859040409     
  0.17978271792598266       0.11752877833507125     
  0.18051654995612570       0.12454413004854117     
  0.18125337732116351       0.13080958425406369     
  0.18199321224736950       0.13619175875315409     
  0.18273606701092207       0.14058006836652664     
  0.18348195393810826       0.14388831098292265     
  0.18423088540552804       0.14605565496976325     
  0.18498287384029991       0.14704703665253172     
  0.18573793172026712       0.14685298913345712     
  0.18649607157420448       0.14548893498533594     
  0.18725730598202642       0.14299398516067541     
  0.18802164757499584       0.13942929468421777     
  0.18878910903593346       0.13487603227781736     
  0.18955970309942835       0.12943302597343659     
  0.19033344255204943       0.12321415001545293     
  0.19111034023255730       0.11634551998666473     
  0.19189040903211749       0.10896256319446254     
  0.19267366189451438       0.10120703003325829     
  0.19346011181636599        9.3224009427767207E-002
  0.19424977184733941        8.5159007708087764E-002
  0.19504265509036750        7.7155145533822689E-002
  0.19583877470186650        6.9350521940978446E-002
  0.19663814389195391        6.1875788406081655E-002
  0.19744077592466802        5.4851969180693176E-002
  0.19824668411818794        4.8388557216020450E-002
  0.19905588184505443        4.2581907933992517E-002
  0.19986838253239200        3.7513946060250734E-002
  0.20068419966213161        3.3251193855793892E-002
  0.20150334677123438        2.9844122492773534E-002
  0.20232583745191612        2.7326822125897130E-002
  0.20315168535187320        2.5716980506862011E-002
  0.20398090417450848        2.5016154851110545E-002
  0.20481350767915915        2.5210317152366768E-002
  0.20564950968132489        2.6270649292596173E-002
  0.20648892405289709        2.8154561138339206E-002
  0.20733176472238896        3.0806902358709313E-002
  0.20817804567516671        3.4161336941148715E-002
  0.20902778095368180        3.8141848300762574E-002
  0.20988098465770355        4.2664342448698447E-002
  0.21073767094455342        4.7638316865512315E-002
  0.21159785402933992        5.2968563469297188E-002
  0.21246154818519422        5.8556875321391755E-002
  0.21332876774350720        6.4303728415406256E-002
  0.21419952709416737        7.0109911985080514E-002
  0.21507384068579924        7.5878083178226141E-002
  0.21595172302600341        8.1514224611902122E-002
  0.21683318868159726        8.6928986182902429E-002
  0.21771825227885655        9.2038895494207962E-002
  0.21860692850375804        9.6767424311543268E-002
  0.21949923210222347       0.10104590152757371     
  0.22039517788036408       0.10481426613179681     
  0.22129478070472614       0.10802165661396818     
  0.22219805550253774       0.11062683602555273     
  0.22310501726195672       0.11259845455018834     
  0.22401568103231900       0.11391515385956448     
  0.22493006192438844       0.11456551973014291     
  0.22584817511060773       0.11454789134937346     
  0.22677003582534988       0.11387003743365197     
  0.22769565936517111       0.11254871070584757     
  0.22862506108906488       0.11060909343433048     
  0.22955825641871638       0.10808414761953254     
  0.23049526083875860       0.10501388403358827     
  0.23143608989702943       0.10144456468313769     
  0.23238075920482931        9.7427853387487051E-002
  0.23332928443718048        9.3019929059760684E-002
  0.23428168133308711        8.8280575965253974E-002
  0.23523796569579644        8.3272264728790499E-002
  0.23619815339306083        7.8059237192584396E-002
  0.23716226035740115        7.2706607410089233E-002
  0.23813030258637141        6.7279490122106475E-002
  0.23910229614282377        6.1842167021755434E-002
  0.24007825715517533        5.6457299997183005E-002
  0.24105820181767584        5.1185199366971974E-002
  0.24204214639067612        4.6083153914028285E-002
  0.24303010720089804        4.1204828299140614E-002
  0.24402210064170560        3.6599732213924013E-002
  0.24501814317337661        3.2312764431461097E-002
  0.24601825132337590        2.8383833747070611E-002
  0.24702244168662996        2.4847557684868259E-002
  0.24803073092580163        2.1733038790098826E-002
  0.24904313577156709        1.9063717342631775E-002
  0.25005967302289334        1.6857298421877741E-002
  0.25108035954731700        1.5125750434205967E-002
  0.25210521228122396        1.3875371485549072E-002
  0.25313424823013059        1.3106919347474422E-002
  0.25416748446896609        1.2815800226216135E-002
  0.25520493814235545        1.2992311101246252E-002
  0.25624662646490398        1.3621930051773930E-002
  0.25729256672148348        1.4685648733868236E-002
  0.25834277626751834        1.6160341004304992E-002
  0.25939727252927380        1.8019161605534854E-002
  0.26045607300414547        2.0231968824238385E-002
  0.26151919526094891        2.2765765108167961E-002
  0.26258665694021183        2.5585149766047192E-002
  0.26365847575446660        2.8652778076711256E-002
  0.26473466948854396        3.1929821389447319E-002
  0.26581525599986822        3.5376423100667576E-002
  0.26690025321875377        3.8952145735503721E-002
  0.26798967914870253        4.2616404739602029E-002
  0.26908355186670235        4.6328884989439774E-002
  0.27018188952352734        5.0049936452180782E-002
  0.27128471034403900        5.3740945861998360E-002
  0.27239203262748851        5.7364681722880270E-002
  0.27350387474782023        6.0885610392474331E-002
  0.27462025515397709        6.4270181442307145E-002
  0.27574119237020622        6.7487080921819098E-002
  0.27686670499636645        7.0507451572926344E-002
  0.27799681170823720        7.3305079444223431E-002
  0.27913153125782791        7.5856546736277744E-002
  0.28027088247368953        7.8141351068819698E-002
  0.28141488426122702        8.0141991694653622E-002
  0.28256355560301261        8.1844023491903686E-002
  0.28371691555910122        8.3236079844396973E-002
  0.28487498326734656        8.4309865768485856E-002
  0.28603777794371876        8.5060122862938292E-002
  0.28720531888262307        8.5484567846423526E-002
  0.28837762545721990        8.5583806604785290E-002
  0.28955471711974690        8.5361225798171889E-002
  0.29073661340184104        8.4822864177008281E-002
  0.29192333391486291        8.3977265826719272E-002
  0.29311489835022253        8.2835317605348707E-002
  0.29431132647970543        8.1410073057178164E-002
  0.29551263815580109        7.9716565080763940E-002
  0.29671885331203263        7.7771609603174335E-002
  0.29792999196328690        7.5593602465505588E-002
  0.29914607420614708        7.3202311659825187E-002
  0.30036712021922612        7.0618666976521610E-002
  0.30159315026350136        6.7864549025577481E-002
  0.30282418468265071        6.4962579487468766E-002
  0.30406024390339059        6.1935914331187183E-002
  0.30530134843581452        5.8808041610161808E-002
  0.30654751887373349        5.5602585313429514E-002
  0.30779877589501764        5.2343116611068399E-002
  0.30905514026193970        4.9052973691286875E-002
  0.31031663282151906        4.5755091243269139E-002
  0.31158327450586787        4.2471840496340327E-002
  0.31285508633253861        3.9224880583621689E-002
  0.31413208940487242        3.6035021858339816E-002
  0.31541430491234945        3.2922101654400890E-002
  0.31670175413094059        2.9904872850847804E-002
  0.31799445842346041        2.7000905473147308E-002
  0.31929243923992134        2.4226501443772686E-002
  0.32059571811789023        2.1596622480828637E-002
  0.32190431668284508        1.9124831037087116E-002
  0.32321825664853443        1.6823244073168001E-002
  0.32453755981733712        1.4702499368036723E-002
  0.32586224808062436        1.2771733987710015E-002
  0.32719234341912323        1.1038574459220043E-002
  0.32852786790328065        9.5091381314837825E-003
  0.32986884369363056        8.1880451477686356E-003
  0.33121529304116082        7.0784404057821805E-003
  0.33256723828768275        6.1820248409221179E-003
  0.33392470186620210        5.4990953355958973E-003
  0.33528770630129073        5.0285925325624856E-003
  0.33665627420946076        4.7681558125333449E-003
  0.33803042829953994        4.7141846855247244E-003
  0.33941019137304806        4.8619058411912240E-003
  0.34079558632457546        5.2054451052408980E-003
  0.34218663614216327        5.7379035565325587E-003
  0.34358336390768413        6.4514370721673485E-003
  0.34498579279722608        7.3373385853253417E-003
  0.34639394608147639        8.3861223622870417E-003
  0.34780784712610791        9.5876096305723274E-003
  0.34922751939216706        1.0931014918931644E-002
  0.35065298643646264        1.2405032501599791E-002
  0.35208427191195729        1.3997922373317522E-002
  0.35352139956815942        1.5697595217709543E-002
  0.35496439325151735        1.7491695869259416E-002
  0.35641327690581565        1.9367684807967911E-002
  0.35786807457257153        2.1312917265406142E-002
  0.35932881039143427        2.3314719560981106E-002
  0.36079550860058590        2.5360462327426319E-002
  0.36226819353714296        2.7437630324571229E-002
  0.36374688963756052        2.9533888580004636E-002
  0.36523162143803800        3.1637144634074535E-002
  0.36672241357492547        3.3735606704586529E-002
  0.36821929078513355        3.5817837623265854E-002
  0.36972227790654283        3.7872804431469204E-002
  0.37123139987841652        3.9889923556509763E-002
  0.37274668174181458        4.1859101522239851E-002
  0.37426814864000829        4.3770771178040499E-002
  0.37579582581889864        4.5615923459073622E-002
  0.37732973862743413        4.7386134717408185E-002
  0.37886991251803198        4.9073589688474160E-002
  0.38041637304700071        5.0671100180114094E-002
  0.38196914587496344        5.2172119592333706E-002
  0.38352825676728425        5.3570753394664376E-002
  0.38509373159449567        5.4861765704871376E-002
  0.38666559633272773        5.6040582127589750E-002
  0.38824387706413899        5.7103289024397014E-002
  0.38982859997734975        5.8046629397868608E-002
  0.39141979136787586        5.8867995581379243E-002
  0.39301747763856587        5.9565418933877054E-002
  0.39462168530003849        6.0137556744637125E-002
  0.39623244097112265        6.0583676557178924E-002
  0.39784977137929967        6.0903638124182195E-002
  0.39947370336114574        6.1097873206480718E-002
  0.40110426386277853        6.1167363429084409E-002
  0.40274147994030307        6.1113616405839150E-002
  0.40438537876026137        6.0938640341817604E-002
  0.40603598760008325        6.0644917318980973E-002
  0.40769333384853856        6.0235375466118304E-002
  0.40935744500619187        5.9713360208692071E-002
  0.41102834868585908        5.9082604788045417E-002
  0.41270607261306486        5.8347200232583760E-002
  0.41439064462650332        5.7511564956102303E-002
  0.41608209267850005        5.6580414150473136E-002
  0.41778044483547516        5.5558729131530787E-002
  0.41948572927840988        5.4451726788264786E-002
  0.42119797430331363        5.3264829276421240E-002
  0.42291720832169355        5.2003634088416996E-002
  0.42464345986102636        5.0673884622122606E-002
  0.42637675756523108        4.9281441361662764E-002
  0.42811713019514508        4.7832253773949382E-002
  0.42986460662900056        4.6332333015285082E-002
  0.43161921586290408        4.4787725533070651E-002
  0.43338098701131811        4.3204487638496845E-002
  0.43514994930754325        4.1588661117119549E-002
  0.43692613210420378        3.9946249935451233E-002
  0.43870956487373508        3.8283198093188274E-002
  0.44050027720887197        3.6605368662457116E-002
  0.44229829882313998        3.4918524047530569E-002
  0.44410365955134889        3.3228307490857915E-002
  0.44591638935008682        3.1540225843997655E-002
  0.44773651829821842        2.9859633615136008E-002
  0.44956407659738296        2.8191718298351553E-002
  0.45139909457249600        2.6541486983636630E-002
  0.45324160267225266        2.4913754240931195E-002
  0.45509163146963244        2.3313131266053163E-002
  0.45694921166240710        2.1744016271436604E-002
  0.45881437407364939        2.0210586100007602E-002
  0.46068714965224478        1.8716789036325347E-002
  0.46256756947340538        1.7266338785308095E-002
  0.46445566473918498        1.5862709585426540E-002
  0.46635146677899686        1.4509132420177959E-002
  0.46825500705013429        1.3208592288939247E-002
  0.47016631713829160        1.1963826495947546E-002
  0.47208542875808879        1.0777323914111096E-002
  0.47401237375359806        9.6513251786655967E-003
  0.47594718409887132        8.5878237642860056E-003
  0.47788989189847175        7.5885678981661951E-003
  0.47984052938800570        6.6550632607596180E-003
  0.48179912893465782        5.7885764253218178E-003
  0.48376572303772875        4.9901389870832397E-003
  0.48574034432917323        4.2605523328246211E-003
  0.48772302557414277        3.6003930017602173E-003
  0.48971379967152823        3.0100185890047189E-003
  0.49171269965450648        2.4895741434240639E-003
  0.49371975869108847        2.0389990123998126E-003
  0.49573501008466908        1.6580340868975786E-003
  0.49775848727458005        1.3462294012551012E-003
  0.49979022383664523        1.1029520432436013E-003
  0.50183025348373689        9.2739433122341871E-004
  0.50387861006633561        8.1858221657118545E-004
  0.50593532757309234        7.7538387101481641E-004
  0.50800044013139123        7.9651842003301680E-004
  0.51007398200791731        8.8056478507659501E-004
  0.51215598760922409        1.0259705990101633E-003
  0.51424649148230461        1.2310611608647827E-003
  0.51634552831516523        1.4940483977126779E-003
  0.51845313293740036        1.8130398032202306E-003
  0.52056934032077162        2.1860473241937955E-003
  0.52269418557978653        2.6109961681962950E-003
  0.52482770397228251        3.0857335070751143E-003
  0.52696993090001132        3.6080370529925103E-003
  0.52912090190922667        4.1756234852855564E-003
  0.53128065269127367        4.7861567081968013E-003
  0.53344921908318188        5.4372559212003176E-003
  0.53562663706825886        6.1265034852985992E-003
  0.53781294277668812        6.8514525702843467E-003
  0.54000817248612853        7.6096345695284666E-003
  0.54221236262231554        8.3985662703831426E-003
  0.54442554975966673        9.2157567697725463E-003
  0.54664777062188774        1.0058714125963366E-002
  0.54887906208258186        1.0924951738885720E-002
  0.55111946116586275        1.1811994452694029E-002
  0.55336900504696696        1.2717384375514213E-002
  0.55562773105287300        1.3638686412533733E-002
  0.55789567666291884        1.4573493509726972E-002
  0.56017287950942463        1.5519431606602394E-002
  0.56245937737831742        1.6474164297377365E-002
  0.56475520820975744        1.7435397200952472E-002
  0.56706041009876806        1.8400882040967521E-002
  0.56937502129586803        1.9368420438062008E-002
  0.57169908020770599        2.0335867417259935E-002
  0.57403262539769728        2.1301134634121789E-002
  0.57637569558666502        2.2262193323990816E-002
  0.57872832965348131        2.3217076979271160E-002
  0.58109056663571335        2.4163883760252247E-002
  0.58346244573027040        2.5100778645498145E-002
  0.58584400629405475        2.6025995328291474E-002
  0.58823528784461476        2.6937837866031225E-002
  0.59063633006079996        2.7834682089852059E-002
  0.59304717278342045        2.8714976782054303E-002
  0.59546785601590702        2.9577244629210773E-002
  0.59789841992497528        3.0420082959050004E-002
  0.60033890484129260        3.1242164269417068E-002
  0.60278935126014666        3.2042236557761797E-002
  0.60524979984211758        3.2819123459733431E-002
  0.60772029141375294        3.3571724205542990E-002
  0.61020086696824494        3.4299013402811510E-002
  0.61269156766611022        3.5000040654645223E-002
  0.61519243483587394        3.5673930021676029E-002
  0.61770350997475421        3.6319879336775357E-002
  0.62022483474935197        3.6937159381088741E-002
  0.62275645099634114        3.7525112929969420E-002
  0.62529840072316345        3.8083153677279609E-002
  0.62785072610872605        3.8610765046414114E-002
  0.63041346950409982        3.9107498896263138E-002
  0.63298667343322390        3.9572974130175104E-002
  0.63557038059361004        4.0006875215814627E-002
  0.63816463385705124        4.0408950623627198E-002
  0.64076947627033398        4.0779011191429237E-002
  0.64338495105595150        4.1116928422438435E-002
  0.64601110161282127        4.1422632723845589E-002
  0.64864797151700582        4.1696111592808116E-002
  0.65129560452243462        4.1937407756519107E-002
  0.65395404456163087        4.2146617272770096E-002
  0.65662333574644061        4.2323887597190551E-002
  0.65930352236876377        4.2469415623103739E-002
  0.66199464890129045        4.2583445699697658E-002
  0.66469675999823752        4.2666267633961197E-002
  0.66740990049609028        4.2718214681592689E-002
  0.67013411541434675        4.2739661531840847E-002
  0.67286944995626363        4.2731022290992959E-002
  0.67561594950960757        4.2692748468982064E-002
  0.67837365964740748        4.2625326973342648E-002
  0.68114262612871068        4.2529278114507213E-002
  0.68392289489934310        4.2405153626197747E-002
  0.68671451209267076        4.2253534704437282E-002
  0.68951752403036504        4.2075030068476960E-002
  0.69233197722317286        4.1870274046711051E-002
  0.69515791837168661        4.1639924690435509E-002
  0.69799539436711988        4.1384661918090093E-002
  0.70084445229208592        4.1105185692419027E-002
  0.70370513942137802        4.0802214232781922E-002
  0.70657750322275481        4.0476482264650199E-002
  0.70946159135772713        4.0128739308136291E-002
  0.71235745168234910        3.9759748007217446E-002
  0.71526513224801314        3.9370282501139886E-002
  0.71818468130224533        3.8961126839318280E-002
  0.72111614728950835        3.8533073440880070E-002
  0.72405957885200312        3.8086921599849069E-002
  0.72701502483047720        3.7623476036808268E-002
  0.72998253426503557        3.7143545497740793E-002
  0.73296215639595286        3.6647941400607648E-002
  0.73595394066449149        3.6137476530090126E-002
  0.73895793671372234        3.5612963780799770E-002
  0.74197419438934753        3.5075214949141571E-002
  0.74500276374052765        3.4525039573900712E-002
  0.74804369502071344        3.3963243825520233E-002
  0.75109703868847777        3.3390629443935477E-002
  0.75416284540835488        3.2807992724737126E-002
  0.75724116605167924        3.2216123553347062E-002
  0.76033205169743068        3.1615804486808549E-002
  0.76343555363308235        3.1007809882714850E-002
  0.76655172335545019        3.0392905074730331E-002
  0.76968061257154952        2.9771845594089658E-002
  0.77282227319945096        2.9145376436402609E-002
  0.77597675736914307        2.8514231373032002E-002
  0.77914411742339751        2.7879132306265188E-002
  0.78232440591863694        2.7240788667448584E-002
  0.78551767562580699        2.6599896857215956E-002
  0.78872397953125306        2.5957139726900183E-002
  0.79194337083759792        2.5313186100187145E-002
  0.79517590296462559        2.4668690334036548E-002
  0.79842162955016782        2.4024291917872732E-002
  0.80168060445099321        2.3380615110022516E-002
  0.80495288174370172        2.2738268610358756E-002
  0.80823851572562166        2.2097845268093275E-002
  0.81153756091571005        2.1459921823648309E-002
  0.81485007205545901        2.0825058683527763E-002
  0.81817610410980179        2.0193799727100545E-002
  0.82151571226802678        1.9566672144204909E-002
  0.82486895194469190        1.8944186302479817E-002
  0.82823587878054472        1.8326835643331957E-002
  0.83161654864344625        1.7715096605445287E-002
  0.83501101762929653        1.7109428574750649E-002
  0.83841934206296653        1.6510273859772981E-002
  0.84184157849923302        1.5918057691287145E-002
  0.84527778372371576        1.5333188245221518E-002
  0.84872801475382054        1.4756056687759126E-002
  0.85219232883968588        1.4187037241600952E-002
  0.85567078346513115        1.3626487272368688E-002
  0.85916343634861292        1.3074747394141278E-002
  0.86267034544418009        1.2532141593135522E-002
  0.86619156894243732        1.1998977368557581E-002
  0.86972716527151039        1.1475545889672990E-002
  0.87327719309801433        1.0962122168160426E-002
  0.87684171132802924        1.0458965244835031E-002
  0.88042077910807537        9.9663183898477167E-003
  0.88401445582609561        9.4844093154888114E-003
  0.88762280111244185        9.0134504007441316E-003
  0.89124587484086226        8.5536389267772510E-003
  0.89488373712949654        8.1051573225298171E-003
  0.89853644834187318        7.6681734196579641E-003
  0.90220406908791040        7.2428407160446146E-003
  0.90588666022492215        6.8292986471496526E-003
  0.90958428285862880        6.4276728644843510E-003
  0.91329699834416944        6.0380755205196104E-003
  0.91702486828712149        5.6606055593596844E-003
  0.92076795454452198        5.2953490125372607E-003
  0.92452631922589401        4.9423792993081618E-003
  0.92830002469427830        4.6017575308473120E-003
  0.93208913356726641        4.2735328177702439E-003
  0.93589370871804145        3.9577425804259480E-003
  0.93971381327641990        3.6544128614313691E-003
  0.94354951062989978        3.3635586399371779E-003
  0.94740086442471305        3.0851841471379688E-003
  0.95126793856688030        2.8192831825612054E-003
  0.95515079722327212        2.5658394306893369E-003
  0.95904950482267404        2.3248267774910220E-003
  0.96296412605685466        2.0962096264579436E-003
  0.96689472588163972        1.8799432137622685E-003
  0.97084136951799027        1.6759739221707825E-003
  0.97480412245308368        1.4842395933702026E-003
  0.97878305044140190        1.3046698383758488E-003
  0.98277821950582100        1.1371863457164816E-003
  0.98678969593870736        9.8170318710263981E-004
  0.99081754630301844        8.3812712030597680E-004
  0.99486183743340539        7.0635788899199125E-004
  0.99892263643732426        5.8628851926600554E-004
   1.0030000106961476        4.7780561270718217E-004
   1.0070940278662834        3.8078963568181012E-004
   1.0112047558802988        2.9511520474097860E-004
   1.0153322629480441        2.2065136792326112E-004
   1.0194766175577885        1.5726188179584561E-004
   1.0236378884773538        1.0480548408224353E-004
   1.0278161447552574        6.3136161736926884E-005
   1.0320114557218547        3.2103414340404869E-005
   1.0362238909904942        1.1552512699003688E-005
   1.0404535204586696        1.3247525494928293E-006
   1.0447004143091787        1.2577032719640598E-006
   1.0489646430112913        1.1185451534858445E-005
   1.0532462773219167        3.0938839798810599E-005
   1.0575453882867758        6.0345699619640770E-005
   1.0618620472415838        9.9231079699343248E-005
   1.0661963258132321        1.4741746864313455E-004
   1.0705482959209747        2.0472501238925282E-004
   1.0749180297776255        2.7097172628677031E-004
   1.0793055998907541        3.4597370180420624E-004
   1.0837110790638902        4.2954530785968618E-004
   1.0881345403977287        5.2149938677024986E-004
   1.0925760572913470        6.2164744482497418E-004
   1.0970357034434204        7.2979983749290656E-004
   1.1015135528534441        8.4576594928282461E-004
   1.1060096798229635        9.6935436827802111E-004
   1.1105241589568067        1.1003730553742932E-003
   1.1150570651643195        1.2386295082548063E-003
   1.1196084736606120        1.3839309201401865E-003
   1.1241784599678060        1.5360843333569721E-003
   1.1287670999162849        1.6948967877712614E-003
   1.1333744696459565        1.8601754641394026E-003
   1.1380006456075142        2.0317278224299016E-003
   1.1426457045637044        2.2093617351756547E-003
   1.1473097235906025        2.3928856159175387E-003
   1.1519927800788912        2.5821085428044781E-003
   1.1566949517351428        2.7768403774165494E-003
   1.1614163165831117        2.9768918788818824E-003
   1.1661569529650266        3.1820748133587159E-003
   1.1709169395428922        3.3922020589570198E-003
   1.1756963552997917        3.6070877061758844E-003
   1.1804952795412009        3.8265471539344147E-003
   1.1853137918963028        4.0503972012753773E-003
   1.1901519723193061        4.2784561348219088E-003
   1.1950099010907769        4.5105438120699760E-003
   1.1998876588189678        4.7464817405982905E-003
   1.2047853264411541        4.9860931532799109E-003
   1.2097029852249803        5.2292030795800717E-003
   1.2146407167698074        5.4756384130246411E-003
   1.2195986030080641        5.7252279749246881E-003
   1.2245767262066105        5.9778025744433002E-003
   1.2295751689681005        6.2331950650897109E-003
   1.2345940142323542        6.4912403977275858E-003
   1.2396333452777308        6.7517756701818308E-003
   1.2446932457225151        7.0146401735319596E-003
   1.2497737995263021        7.2796754351750238E-003
   1.2548750909913893        7.5467252587449688E-003
   1.2599972047641785        7.8156357609726040E-003
   1.2651402258365791        8.0862554055704475E-003
   1.2703042395474162        8.3584350342259493E-003
   1.2754893315838498        8.6320278947866862E-003
   1.2806955879827961        8.9068896667194516E-003
   1.2859230951323521        9.1828784839243244E-003
   1.2911719397732333        9.4598549549857937E-003
   1.2964422090002106        9.7376821809395803E-003
   1.3017339902635547        1.0016225770634424E-002
   1.3070473713704895        1.0295353853767078E-002
   1.3123824404866489        1.0574937091666736E-002
   1.3177392861375357        1.0854848685905702E-002
   1.3231179972099965        1.1134964384810334E-002
   1.3285186629536925        1.1415162487945959E-002
   1.3339413729825829        1.1695323848648591E-002
   1.3393862172764077        1.1975331874674235E-002
   1.3448532861821869        1.2255072527036594E-002
   1.3503426704157151        1.2534434317101308E-002
   1.3558544610630672        1.2813308302004427E-002
   1.3613887495821120        1.3091588078462059E-002
   1.3669456278040288        1.3369169775035843E-002
   1.3725251879348284        1.3645952042917509E-002
   1.3781275225568879        1.3921836045296258E-002
   1.3837527246304846        1.4196725445369223E-002
   1.3894008874953359        1.4470526393054765E-002
   1.3950721048721533        1.4743147510468393E-002
   1.4007664708641934        1.5014499876217013E-002
   1.4064840799588225        1.5284497008568506E-002
   1.4122250270290799        1.5553054847550899E-002
   1.4179894073352572        1.5820091736035078E-002
   1.4237773165264773        1.6085528399851834E-002
   1.4295888506422783        1.6349287926995162E-002
   1.4354241061142121        1.6611295745961187E-002
   1.4412831797674421        1.6871479603269988E-002
   1.4471661688223481        1.7129769540218442E-002
   1.4530731708961429        1.7386097868909003E-002
   1.4590042840044910        1.7640399147598955E-002
   1.4649596065631323        1.7892610155413453E-002
   1.4709392373895191        1.8142669866464470E-002
   1.4769432757044543        1.8390519423416189E-002
   1.4829718211337348        1.8636102110536033E-002
   1.4890249737098105        1.8879363326270913E-002
   1.4951028338734396        1.9120250555384445E-002
   1.5012055024753554        1.9358713340692411E-002
   1.5073330807779428        1.9594703254430652E-002
   1.5134856704569155        1.9828173869289686E-002
   1.5196633736030056        2.0059080729148721E-002
   1.5258662927236537        2.0287381319540193E-002
   1.5320945307447145        2.0513035037876728E-002
   1.5383481910121630        2.0736003163468512E-002
   1.5446273772938062        2.0956248827360670E-002
   1.5509321937810101        2.1173736982017979E-002
   1.5572627450904259        2.1388434370883509E-002
   1.5636191362657244        2.1600309497836166E-002
   1.5700014727793419        2.1809332596573083E-002
   1.5764098605342303        2.2015475599939167E-002
   1.5828444058656099        2.2218712109227538E-002
   1.5893052155427401        2.2419017363472633E-002
   1.5957923967706868        2.2616368208756635E-002
   1.6023060571921037        2.2810743067549821E-002
   1.6088463048890147        2.3002121908104287E-002
   1.6154132483846122        2.3190486213919104E-002
   1.6220069966450557        2.3375818953295227E-002
   1.6286276590812767        2.3558104548996883E-002
   1.6352753455508005        2.3737328848035585E-002
   1.6419501663595648        2.3913479091592742E-002
   1.6486522322637496        2.4086543885094992E-002
   1.6553816544716176        2.4256513168456770E-002
   1.6621385446453594        2.4423378186503884E-002
   1.6689230149029417        2.4587131459589406E-002
   1.6757351778199741        2.4747766754416173E-002
   1.6825751464315746        2.4905279055075329E-002
   1.6894430342342412        2.5059664534312773E-002
   1.6963389551877424        2.5210920525033938E-002
   1.7032630237170037        2.5359045492055993E-002
   1.7102153547140044        2.5504039004116696E-002
   1.7171960635396897        2.5645901706149384E-002
   1.7242052660258809        2.5784635291830560E-002
   1.7312430784771990        2.5920242476409099E-002
   1.7383096176729915        2.6052726969823255E-002
   1.7454050008692747        2.6182093450112617E-002
   1.7525293458006783        2.6308347537130579E-002
   1.7596827706823941        2.6431495766563118E-002
   1.7668653942121444        2.6551545564259676E-002
   1.7740773355721486        2.6668505220879990E-002
   1.7813187144310982        2.6782383866862210E-002
   1.7885896509461472        2.6893191447715258E-002
   1.7958902657649043        2.7000938699640424E-002
   1.8032206800274309        2.7105637125483802E-002
   1.8105810153682576        2.7207298971024110E-002
   1.8179713939183981        2.7305937201597071E-002
   1.8253919383073787        2.7401565479059604E-002
   1.8328427716652678        2.7494198139094934E-002
   1.8403240176247260        2.7583850168860849E-002
   1.8478358003230537        2.7670537184982170E-002
   1.8553782444042495        2.7754275411888164E-002
   1.8629514750210820        2.7835081660496395E-002
   1.8705556178371661        2.7912973307242652E-002
   1.8781907990290427        2.7987968273457755E-002
   1.8858571452882809        2.8060085005091245E-002
   1.8935547838235744        2.8129342452781338E-002
   1.9012838423628520        2.8195760052271149E-002
   1.9090444491554013        2.8259357705170230E-002
   1.9168367329739937        2.8320155760060674E-002
   1.9246608231170197        2.8378174993946820E-002
   1.9325168494106386        2.8433436594047026E-002
   1.9404049422109304        2.8485962139926775E-002
   1.9483252324060565        2.8535773585970425E-002
   1.9562778514184365        2.8582893244191228E-002
   1.9642629312069249        2.8627343767376506E-002
   1.9722806042690040        2.8669148132566716E-002
   1.9803310036429771        2.8708329624866139E-002
   1.9884142629101824        2.8744911821582474E-002
   1.9965305161972071        2.8778918576693659E-002
   2.0046798981781091        2.8810374005638364E-002
   2.0128625440766581        2.8839302470428790E-002
   2.0210785896685763        2.8865728565081974E-002
   2.0293281712837890        2.8889677101367146E-002
   2.0376114258086915        2.8911173094866467E-002
   2.0459284906884188        2.8930241751345703E-002
   2.0542795039291217        2.8946908453431949E-002
   2.0626646041002639        2.8961198747595420E-002
   2.0710839303369175        2.8973138331431694E-002
   2.0795376223420732        2.8982753041241323E-002
   2.0880258203889532        2.8990068839903627E-002
   2.0965486653233478        2.8995111805041010E-002
   2.1051062985659468        2.8997908117470224E-002
   2.1136988621146831        2.8998484049937684E-002
   2.1223264985470975        2.8996865956134481E-002
   2.1309893510226989        2.8993080259988230E-002
   2.1396875632853374        2.8987153445227641E-002
   2.1484212796655959        2.8979112045216561E-002
   2.1571906450831819        2.8968982633053374E-002
   2.1659958050493291        2.8956791811932659E-002
   2.1748369056692178        2.8942566205764797E-002
   2.1837140936443968        2.8926332450050260E-002
   2.1926275162752127        2.8908117183004529E-002
   2.2015773214632635        2.8887947036930289E-002
   2.2105636577138457        2.8865848629832616E-002
   2.2195866741384194        2.8841848557273897E-002
   2.2286465204570853        2.8815973384464490E-002
   2.2377433470010675        2.8788249638585457E-002
   2.2468773047152077        2.8758703801339439E-002
   2.2560485451604677        2.8727362301726213E-002
   2.2652572205164492        2.8694251509039065E-002
   2.2745034835839171        2.8659397726078097E-002
   2.2837874877873303        2.8622827182577207E-002
   2.2931093871773944        2.8584566028840356E-002
   2.3024693364336155        2.8544640329584200E-002
   2.3118674908668622        2.8503076057982850E-002
   2.3213040064219506        2.8459899089911408E-002
   2.3307790396802273        2.8415135198384484E-002
   2.3402927478621649        2.8368810048186463E-002
   2.3498452888299783        2.8320949190689160E-002
   2.3594368210902377        2.8271578058854469E-002
   2.3690675037965030        2.8220721962417213E-002
   2.3787374967519588        2.8168406083245764E-002
   2.3884469604120731        2.8114655470876337E-002
   2.3981960558872570        2.8059495038217627E-002
   2.4079849449455333        2.8002949557422704E-002
   2.4178137900152290        2.7945043655924227E-002
   2.4276827541876669        2.7885801812630229E-002
   2.4375920012198664        2.7825248354276605E-002
   2.4475416955372706        2.7763407451933585E-002
   2.4575320022364697        2.7700303117662410E-002
   2.4675630870879357        2.7635959201319376E-002
   2.4776351165387829        2.7570399387503920E-002
   2.4877482577155234        2.7503647192647650E-002
   2.4979026784268394        2.7435725962241107E-002
   2.5080985471663721        2.7366658868195629E-002
   2.5183360331155162        2.7296468906336392E-002
   2.5286153061462220        2.7225178894024794E-002
   2.5389365368238228        2.7152811467906265E-002
   2.5492998964098588        2.7079389081781043E-002
   2.5597055568649218        2.7004934004595200E-002
   2.5701536908515048        2.6929468318548505E-002
   2.5806444717368717        2.6853013917316926E-002
   2.5911780735959340        2.6775592504386721E-002
   2.6017546712141315        2.6697225591497419E-002
   2.6123744400903441        2.6617934497191062E-002
   2.6230375564397970        2.6537740345465053E-002
   2.6337441971969815        2.6456664064526000E-002
   2.6444945400185995        2.6374726385642158E-002
   2.6552887632865070        2.6291947842091514E-002
   2.6661270461106703        2.6208348768203570E-002
   2.6770095683321458        2.6123949298492145E-002
   2.6879365105260575        2.6038769366876574E-002
   2.6989080540045989        2.5952828705989337E-002
   2.7099243808200328        2.5866146846567642E-002
   2.7209856737677236        2.5778743116926482E-002
   2.7320921163891634        2.5690636642511189E-002
   2.7432438929750149        2.5601846345527243E-002
   2.7544411885681774        2.5512390944644928E-002
   2.7656841889668535        2.5422288954777009E-002
   2.7769730807276272        2.5331558686927109E-002
   2.7883080511685678        2.5240218248106898E-002
   2.7996892883723348        2.5148285541319967E-002
   2.8111169811892935        2.5055778265610364E-002
   2.8225913192406575        2.4962713916173961E-002
   2.8341124929216317        2.4869109784530712E-002
   2.8456806934045655        2.4774982958755958E-002
   2.8572961126421350        2.4680350323768700E-002
   2.8689589433705232        2.4585228561675367E-002
   2.8806693791126143        2.4489634152167220E-002
   2.8924276141812122        2.4393583372969402E-002
   2.9042338436822610        2.4297092300340380E-002
   2.9160882635180831        2.4200176809619618E-002
   2.9279910703906258        2.4102852575822412E-002
   2.9399424618047334        2.4005135074279545E-002
   2.9519426360714194        2.3907039581321100E-002
   2.9639917923111532        2.3808581175002074E-002
   2.9760901304571732        2.3709774735868740E-002
   2.9882378512587997        2.3610634947764220E-002
   3.0004351562847607        2.3511176298671780E-002
   3.0126822479265480        2.3411413081594425E-002
   3.0249793294017673        2.3311359395469348E-002
   3.0373266047575087        2.3211029146116301E-002
   3.0497242788737404        2.3110436047217763E-002
   3.0621725574667020        2.3009593621330440E-002
   3.0746716470923223        2.2908515200926481E-002
   3.0872217551496384        2.2807213929462958E-002
   3.0998230898842483        2.2705702762478842E-002
   3.1124758603917613        2.2603994468717990E-002
   3.1251802766212617        2.2502101631277235E-002
   3.1379365493788032        2.2400036648777974E-002
   3.1507448903309023        2.2297811736560914E-002
   3.1636055120080444        2.2195438927902211E-002
   3.1765186278082207        2.2092930075250341E-002
   3.1894844520004644        2.1990296851482453E-002
   3.2025031997284015        2.1887550751179485E-002
   3.2155750870138298        2.1784703091918857E-002
   3.2287003307602982        2.1681765015583804E-002
   3.2418791487567020        2.1578747489688486E-002
   3.2551117596809069        2.1475661308717978E-002
   3.2683983831033703        2.1372517095482307E-002
   3.2817392394907818        2.1269325302483461E-002
   3.2951345502097307        2.1166096213294849E-002
   3.3085845375303724        2.1062839943952180E-002
   3.3220894246301196        2.0959566444354951E-002
   3.3356494355973410        2.0856285499678062E-002
   3.3492647954350852        2.0753006731792385E-002
   3.3629357300648142        2.0649739600693977E-002
   3.3766624663301439        2.0546493405940818E-002
   3.3904452320006189        2.0443277288096778E-002
   3.4042842557754875        2.0340100230181807E-002
   3.4181797672874907        2.0236971059128084E-002
   3.4321319971066844        2.0133898447240912E-002
   3.4461411767442565        2.0030890913664352E-002
   3.4602075386563675        1.9927956825850728E-002
   3.4743313162480152        1.9825104401033185E-002
   3.4885127438769019        1.9722341707701260E-002
   3.5027520568573265        1.9619676667078461E-002
   3.5170494914640815        1.9517117054601608E-002
   3.5314052849363842        1.9414670501401207E-002
   3.5458196754818094        1.9312344495782507E-002
   3.5602929022802345        1.9210146384706802E-002
   3.5748252054878202        1.9108083375272145E-002
   3.5894168262409902        1.9006162536193708E-002
   3.6040680066604258        1.8904390799282578E-002
   3.6187789898550959        1.8802774960923033E-002
   3.6335500199262847        1.8701321683547840E-002
   3.6483813419716364        1.8600037497111033E-002
   3.6632732020892336        1.8498928800557899E-002
   3.6782258473816740        1.8398001863291699E-002
   3.6932395259601685        1.8297262826636948E-002
   3.7083144869486642        1.8196717705298675E-002
   3.7234509804879772        1.8096372388817443E-002
   3.7386492577399353        1.7996232643019965E-002
   3.7539095708915569        1.7896304111464579E-002
   3.7692321731592284        1.7796592316881795E-002
   3.7846173187929102        1.7697102662609210E-002
   3.8000652630803460        1.7597840434020802E-002
   3.8155762623513128        1.7498810799950075E-002
   3.8311505739818670        1.7400018814107073E-002
   3.8467884563986092        1.7301469416488781E-002
   3.8624901690829847        1.7203167434782861E-002
   3.8782559725755825        1.7105117585764277E-002
   3.8940861284804527        1.7007324476684908E-002
   3.9099808994694594        1.6909792606655531E-002
   3.9259405492866346        1.6812526368020386E-002
   3.9419653427525452        1.6715530047723907E-002
   3.9580555457687030        1.6618807828669330E-002
   3.9742114253219660        1.6522363791069306E-002
   3.9904332494889743        1.6426201913788106E-002
   4.0067212874405893        1.6330326075675465E-002
   4.0230758094463717        1.6234740056891555E-002
   4.0394970868790629        1.6139447540223430E-002
   4.0559853922190783        1.6044452112392447E-002
   4.0725409990590427        1.5949757265352631E-002
   4.0891641821083224        1.5855366397579868E-002
   4.1058552171975808        1.5761282815351999E-002
   4.1226143812833644        1.5667509734019182E-002
   4.1394419524526915        1.5574050279265145E-002
   4.1563382099276636        1.5480907488358620E-002
   4.1733034340701094        1.5388084311395100E-002
   4.1903379063862296        1.5295583612528987E-002
   4.2074419095312638        1.5203408171195797E-002
   4.2246157273141920        1.5111560683324423E-002
   4.2418596447024361        1.5020043762539546E-002
   4.2591739478265858        1.4928859941353902E-002
   4.2765589239851547        1.4838011672350517E-002
   4.2940148616493437        1.4747501329354679E-002
   4.3115420504678283        1.4657331208595912E-002
   4.3291407812715565        1.4567503529859601E-002
   4.3468113460785895        1.4478020437628256E-002
   4.3645540380989400        1.4388884002212637E-002
   4.3823691517394279        1.4300096220872516E-002
   4.4002569826085844        1.4211659018926900E-002
   4.4182178275215458        1.4123574250854086E-002
   4.4362519845049730        1.4035843701381293E-002
   4.4543597528020111        1.3948469086563697E-002
   4.4725414328772475        1.3861452054853280E-002
   4.4907973264216903        1.3774794188157096E-002
   4.5091277363577875        1.3688497002885212E-002
   4.5275329668444471        1.3602561950988088E-002
   4.5460133232820850        1.3516990420983692E-002
   4.5645691123176864        1.3431783738974112E-002
   4.5832006418499045        1.3346943169651768E-002
   4.6019082210341660        1.3262469917295194E-002
   4.6206921602877928        1.3178365126754583E-002
   4.6395527712951647        1.3094629884426813E-002
   4.6584903670128890        1.3011265219220202E-002
   4.6775052616749795        1.2928272103509017E-002
   4.6965977707980926        1.2845651454077575E-002
   4.7157682111867478        1.2763404133054185E-002
   4.7350169009385850        1.2681530948834842E-002
   4.7543441594496505        1.2600032656996661E-002
   4.7737503074196939        1.2518909961201299E-002
   4.7932356668574805        1.2438163514088125E-002
   4.8128005610861475        1.2357793918157355E-002
   4.8324453147485658        1.2277801726643138E-002
   4.8521702538127149        1.2198187444376785E-002
   4.8719757055771122        1.2118951528639758E-002
   4.8918619986762248        1.2040094390007073E-002
   4.9118294630859394        1.1961616393180536E-002
   4.9318784301290162        1.1883517857812602E-002
   4.9520092324806102        1.1805799059319968E-002
   4.9722222041737796        1.1728460229687817E-002
   4.9925176806050207        1.1651501558264372E-002
   5.0128959985398502        1.1574923192545706E-002
   5.0333574961183860        1.1498725238951152E-002
   5.0539025128609465        1.1422907763589254E-002
   5.0745313896737043        1.1347470793014130E-002
   5.0952444688543324        1.1272414314972657E-002
   5.1160420940976774        1.1197738279142295E-002
   5.1369246105014765        1.1123442597859638E-002
   5.1578923645720769        1.1049527146839813E-002
   5.1789457042301867        1.0975991765886789E-002
   5.2000849788166388        1.0902836259594643E-002
   5.2213105390982024        1.0830060398039800E-002
   5.2426227372734004        1.0757663917464340E-002
   5.2640219269783390        1.0685646520950616E-002
   5.2855084632925946        1.0614007879086822E-002
   5.3070827027450962        1.0542747630624105E-002
   5.3287450033200381        1.0471865383124869E-002
   5.3504957244628288        1.0401360713602549E-002
   5.3723352270860527        1.0331233169152873E-002
   5.3942638735754480        1.0261482267576715E-002
   5.4162820277959387        1.0192107497994478E-002
   5.4383900550976607        1.0123108321452322E-002
   5.4605883223220175        1.0054484171520042E-002
   5.4828771978077846        9.9862344548808223E-003
   5.5052570513972130        9.9183585519129272E-003
   5.5277282544421542        9.8508558172633546E-003
   5.5502911798102446        9.7837255804135402E-003
   5.5729462018910780        9.7169671462371942E-003
   5.5956936966024218        9.6505797955503177E-003
   5.6185340413964466        9.5845627856535505E-003
   5.6414676152660075        9.5189153508667395E-003
   5.6644947987509173        9.4536367030560627E-003
   5.6876159739442613        9.3887260321535871E-003
   5.7108315244987482        9.3241825066692381E-003
   5.7341418356330687        9.2600052741957008E-003
   5.7575472941382806        9.1961934619057273E-003
   5.7810482883842447        9.1327461770424074E-003
   5.8046452083260549        9.0696625074021646E-003
   5.8283384455105089        9.0069415218107865E-003
   5.8521283930826149        8.9445822705922912E-003
   5.8760154457921070        8.8825837860310314E-003
