  0.10000000000000001       0.33527905888462040     
  0.10040817718110437       0.33966095510146377     
  0.10081802044832047       0.34590883437846087     
  0.10122953660223166       0.35380651766124838     
  0.10164273247117964       0.36302094844299737     
  0.10205761491137796       0.37312830989978352     
  0.10247419080702558       0.38364589644405644     
  0.10289246707042120       0.39406727163892263     
  0.10331245064207799       0.40389811869127767     
  0.10373414849083867       0.41269025374989532     
  0.10415756761399117       0.42007151029935041     
  0.10458271503738485       0.42576958814602095     
  0.10500959781554686       0.42962845741272004     
  0.10543822303179938       0.43161647576561224     
  0.10586859779837712       0.43182597279875168     
  0.10630072925654524       0.43046463706117277     
  0.10673462457671801       0.42783957035526032     
  0.10717029095857759       0.42433531846648498     
  0.10760773563119364       0.42038752300253734     
  0.10804696585314330       0.41645404996966673     
  0.10848798891263144       0.41298553075977340     
  0.10893081212761184       0.41039720297989435     
  0.10937544284590843       0.40904377275687120     
  0.10982188844533726       0.40919875434301456     
  0.11027015633382903       0.41103939976494930     
  0.11072025394955184       0.41463793697940654     
  0.11117218876103470       0.41995941705984463     
  0.11162596826729153       0.42686605648779452     
  0.11208159999794542       0.43512757477110331     
  0.11253909151335369       0.44443669202706804     
  0.11299845040473337       0.45442868301127770     
  0.11345968429428700       0.46470369528749034     
  0.11392280083532935       0.47485043622099143     
  0.11438780771241415       0.48446981712479942     
  0.11485471264146174       0.49319720893138475     
  0.11532352336988719       0.50072210342233547     
  0.11579424767672861       0.50680417488242524     
  0.11626689337277650       0.51128498394207034     
  0.11674146830070313       0.51409484162467556     
  0.11721798033519278       0.51525463998955034     
  0.11769643738307244       0.51487273951359236     
  0.11817684738344295       0.51313726713734864     
  0.11865921830781066       0.51030440950864397     
  0.11914355816021997       0.50668347290016191     
  0.11962987497738581       0.50261961715033776     
  0.12011817682882717       0.49847525163082473     
  0.12060847181700105       0.49461110576388656     
  0.12110076807743671       0.49136795712459846     
  0.12159507377887094       0.48904992148845783     
  0.12209139712338332       0.48791008838657723     
  0.12258974634653247       0.48813913157003630     
  0.12309012971749274       0.48985734614070542     
  0.12359255553919130       0.49311037337840713     
  0.12409703214844603       0.49786868083517333     
  0.12460356791610375       0.50403067885689024     
  0.12511217124717913       0.51142918408991811     
  0.12562285058099434       0.51984079311327802     
  0.12613561439131882       0.52899761084060193     
  0.12665047118650996       0.53860069269436517     
  0.12716742950965446       0.54833450884557133     
  0.12768649793870987       0.55788172329645169     
  0.12820768508664696       0.56693759883211792     
  0.12873099960159279       0.57522338795489891     
  0.12925645016697404       0.58249814567599834     
  0.12978404550166117       0.58856849735364691     
  0.13031379436011306       0.59329600787550740     
  0.13084570553252231       0.59660192129968470     
  0.13137978784496107       0.59846916648638104     
  0.13191605015952751       0.59894164842266084     
  0.13245450137449291       0.59812096152087257     
  0.13299515042444918       0.59616076551761243     
  0.13353800628045717       0.59325915293283893     
  0.13408307795019572       0.58964940654650322     
  0.13463037447811083       0.58558959420155765     
  0.13517990494556581       0.58135147564903100     
  0.13573167847099218       0.57720920228395289     
  0.13628570421004074       0.57342827653973594     
  0.13684199135573349       0.57025520524822515     
  0.13740054913861643       0.56790823290701042     
  0.13796138682691236       0.56656947948473135     
  0.13852451372667493       0.56637873642590986     
  0.13908993918194296       0.56742909734100722     
  0.13965767257489561       0.56976451994893629     
  0.14022772332600780       0.57337933651143891     
  0.14080010089420669       0.57821965434070421     
  0.14137481477702879       0.58418651869390414     
  0.14195187451077720       0.59114064977207081     
  0.14253128967068007       0.59890851540243439     
  0.14311306987104958       0.60728946256096683     
  0.14369722476544117       0.61606360490850809     
  0.14428376404681392       0.62500015016898991     
  0.14487269744769149       0.63386585018162045     
  0.14546403474032335       0.64243326707803305     
  0.14605778573684705       0.65048857015776296     
  0.14665396028945119       0.65783860823871088     
  0.14725256829053859       0.66431703988816393     
  0.14785361967289068       0.66978934718504646     
  0.14845712440983222       0.67415660563936430     
  0.14906309251539690       0.67735793171261482     
  0.14967153404449324       0.67937157822161098     
  0.15028245909307170       0.68021469507209131     
  0.15089587779829214       0.67994181673895882     
  0.15151180033869191       0.67864217738455102     
  0.15213023693435482       0.67643598842825137     
  0.15275119784708088       0.67346984095620432     
  0.15337469338055626       0.66991141606579241     
  0.15400073388052446       0.66594369981981716     
  0.15462932973495802       0.66175890594001352     
  0.15526049137423079       0.65755230893402361     
  0.15589422927129087       0.65351618347033069     
  0.15653055394183482       0.64983403311628574     
  0.15716947594448166       0.64667527380487466     
  0.15781100588094832       0.64419051547436657     
  0.15845515439622559       0.64250756018058686     
  0.15910193217875471       0.64172820760012916     
  0.15975134996060453       0.64192593021032618     
  0.16040341851764989       0.64314445150529753     
  0.16105814866975027       0.64539723228545332     
  0.16171555128092935       0.64866784315805681     
  0.16237563725955523       0.65291117662547715     
  0.16303841755852153       0.65805543011797329     
  0.16370390317542910       0.66400477252675882     
  0.16437210515276834       0.67064259155905126     
  0.16504303457810285       0.67783520778865847     
  0.16571670258425286       0.68543593370518885     
  0.16639312034948034       0.69328935234540479     
  0.16707229909767446       0.70123569008472786     
  0.16775425009853762       0.70911516164201782     
  0.16843898466777257       0.71677217199026222     
  0.16912651416727026       0.72405926928597941     
  0.16981685000529834       0.73084075469654186     
  0.17051000363669019       0.73699586864758326     
  0.17120598656303537       0.74242148804369990     
  0.17190481033287031       0.74703428494257185     
  0.17260648654186983       0.75077231350317852     
  0.17331102683303970       0.75359600832336848     
  0.17401844289690985       0.75548859310461691     
  0.17472874647172817       0.75645591354866193     
  0.17544194934365545       0.75652572216770286     
  0.17615806334696094       0.75574645499736759     
  0.17687710036421864       0.75418555081818728     
  0.17759907232650440       0.75192737225412731     
  0.17832399121359424       0.74907079492268691     
  0.17905186905416270       0.74572653561330648     
  0.17978271792598266       0.74201429327708368     
  0.18051654995612570       0.73805977747787321     
  0.18125337732116351       0.73399169798405861     
  0.18199321224736950       0.72993878651107347     
  0.18273606701092207       0.72602691742868930     
  0.18348195393810826       0.72237638872053711     
  0.18423088540552804       0.71909941784138132     
  0.18498287384029991       0.71629789958673629     
  0.18573793172026712       0.71406146490152844     
  0.18649607157420448       0.71246587094059000     
  0.18725730598202642       0.71157174387889266     
  0.18802164757499584       0.71142368716718685     
  0.18878910903593346       0.71204975933775949     
  0.18955970309942835       0.71346131726492179     
  0.19033344255204943       0.71565321313384966     
  0.19111034023255730       0.71860432640423355     
  0.19189040903211749       0.72227840588153169     
  0.19267366189451438       0.72662519171317963     
  0.19346011181636599       0.73158178276878283     
  0.19424977184733941       0.73707421147663532     
  0.19504265509036750       0.74301918578455584     
  0.19583877470186650       0.74932595647985578     
  0.19663814389195391       0.75589826760993883     
  0.19744077592466802       0.76263634814234527     
  0.19824668411818794       0.76943890422663241     
  0.19905588184505443       0.77620507339264522     
  0.19986838253239200       0.78283630465324283     
  0.20068419966213161       0.78923813167897083     
  0.20150334677123438       0.79532180987761558     
  0.20232583745191612       0.80100579224041324     
  0.20315168535187320       0.80621702310606824     
  0.20398090417450848       0.81089203344310812     
  0.20481350767915915       0.81497782576332101     
  0.20564950968132489       0.81843254126291087     
  0.20648892405289709       0.82122590615911517     
  0.20733176472238896       0.82333945837211142     
  0.20817804567516671       0.82476655962788026     
  0.20902778095368180       0.82551220166965922     
  0.20988098465770355       0.82559261851624943     
  0.21073767094455342       0.82503471955728103     
  0.21159785402933992       0.82387536070150880     
  0.21246154818519422       0.82216047277682336     
  0.21332876774350720       0.81994406791222840     
  0.21419952709416737       0.81728714571337491     
  0.21507384068579924       0.81425652168359641     
  0.21595172302600341       0.81092360055840818     
  0.21683318868159726       0.80736311703593278     
  0.21771825227885655       0.80365186582759840     
  0.21860692850375804       0.79986744205573013     
  0.21949923210222347       0.79608701182445230     
  0.22039517788036408       0.79238613132714220     
  0.22129478070472614       0.78883763116901362     
  0.22219805550253774       0.78551058071972779     
  0.22310501726195672       0.78246934531049095     
  0.22401568103231900       0.77977274699502597     
  0.22493006192438844       0.77747333744432678     
  0.22584817511060773       0.77561678938004996     
  0.22677003582534988       0.77424141080667641     
  0.22769565936517111       0.77337778421169845     
  0.22862506108906488       0.77304853089592285     
  0.22955825641871638       0.77326819869920749     
  0.23049526083875860       0.77404326962353021     
  0.23143608989702943       0.77537228224428656     
  0.23238075920482931       0.77724606235770477     
  0.23332928443718048       0.77964805404873738     
  0.23428168133308711       0.78255474228784905     
  0.23523796569579644       0.78593615728130262     
  0.23619815339306083       0.78975645010893236     
  0.23716226035740115       0.79397452868429585     
  0.23813030258637141       0.79854474275972009     
  0.23910229614282377       0.80341760656594186     
  0.24007825715517533       0.80854054771351191     
  0.24105820181767584       0.81385867117935529     
  0.24204214639067612       0.81931552754427539     
  0.24303010720089804       0.82485387512134101     
  0.24402210064170560       0.83041642620613632     
  0.24501814317337661       0.83594656837189829     
  0.24601825132337590       0.84138905250959584     
  0.24702244168662996       0.84669064015876161     
  0.24803073092580163       0.85180070357333793     
  0.24904313577156709       0.85667177290227636     
  0.25005967302289334       0.86126002582198702     
  0.25108035954731700       0.86552571592259742     
  0.25210521228122396       0.86943353710898252     
  0.25313424823013059       0.87295292221804943     
  0.25416748446896609       0.87605827496466671     
  0.25520493814235545       0.87872913519960161     
  0.25624662646490398       0.88095027828516370     
  0.25729256672148348       0.88271175016017567     
  0.25834277626751834       0.88400884036914962     
  0.25939727252927380       0.88484199596610547     
  0.26045607300414547       0.88521667976744223     
  0.26151919526094891       0.88514317691803890     
  0.26258665694021183       0.88463635414897424     
  0.26365847575446660       0.88371537644335196     
  0.26473466948854396       0.88240338608938829     
  0.26581525599986822       0.88072714928874229     
  0.26690025321875377       0.87871667560522970     
  0.26798967914870253       0.87640481558785621     
  0.26908355186670235       0.87382684188605886     
  0.27018188952352734       0.87102001909854077     
  0.27128471034403900       0.86802316746483688     
  0.27239203262748851       0.86487622532571173     
  0.27350387474782023       0.86161981505014773     
  0.27462025515397709       0.85829481685842346     
  0.27574119237020622       0.85494195466822265     
  0.27686670499636645       0.85160139775956101     
  0.27799681170823720       0.84831238169997092     
  0.27913153125782791       0.84511285159951466     
  0.28027088247368953       0.84203913038084310     
  0.28141488426122702       0.83912561435793420     
  0.28256355560301261       0.83640449802303041     
  0.28371691555910122       0.83390552954909869     
  0.28487498326734656       0.83165579812912926     
  0.28603777794371876       0.82967955389746673     
  0.28720531888262307       0.82799806081556770     
  0.28837762545721990       0.82662948255820345     
  0.28955471711974690       0.82558880110874655     
  0.29073661340184104       0.82488776746610326     
  0.29192333391486291       0.82453488358292415     
  0.29311489835022253       0.82453541439643196     
  0.29431132647970543       0.82489142858070108     
  0.29551263815580109       0.82560186644323241     
  0.29671885331203263       0.82666263320966016     
  0.29792999196328690       0.82806671578850244     
  0.29914607420614708       0.82980432098288848     
  0.30036712021922612       0.83186303301767739     
  0.30159315026350136       0.83422798817767574     
  0.30282418468265071       0.83688206430488254     
  0.30406024390339059       0.83980608287869951     
  0.30530134843581452       0.84297902140162395     
  0.30654751887373349       0.84637823383269972     
  0.30779877589501764       0.84997967685039844     
  0.30905514026193970       0.85375813978405490     
  0.31031663282151906       0.85768747612681517     
  0.31158327450586787       0.86174083463157125     
  0.31285508633253861       0.86589088809277159     
  0.31413208940487242       0.87011005802962271     
  0.31541430491234945       0.87437073360825446     
  0.31670175413094059       0.87864548327023306     
  0.31799445842346041       0.88290725767070466     
  0.31929243923992134       0.88712958266982234     
  0.32059571811789023       0.89128674126445528     
  0.32190431668284508       0.89535394349196717     
  0.32321825664853443       0.89930748348281542     
  0.32453755981733712       0.90312488298247129     
  0.32586224808062436       0.90678502080462309     
  0.32719234341912323       0.91026824781562066     
  0.32852786790328065       0.91355648718375038     
  0.32986884369363056       0.91663331975530671     
  0.33121529304116082       0.91948405454175164     
  0.33256723828768275       0.92209578441793050     
  0.33392470186620210       0.92445742723974422     
  0.33528770630129073       0.92655975269042157     
  0.33665627420946076       0.92839539525724823     
  0.33803042829953994       0.92995885382501664     
  0.33941019137304806       0.93124647844839314     
  0.34079558632457546       0.93225644493276993     
  0.34218663614216327       0.93298871791195914     
  0.34358336390768413       0.93344500316137280     
  0.34498579279722608       0.93362868992722314     
  0.34639394608147639       0.93354478408598540     
  0.34780784712610791       0.93319983297409492     
  0.34922751939216706       0.93260184274595781     
  0.35065298643646264       0.93176018912908731     
  0.35208427191195729       0.93068552244900082     
  0.35352139956815942       0.92938966779373622     
  0.35496439325151735       0.92788552117898393     
  0.35641327690581565       0.92618694256022926     
  0.35786807457257153       0.92430864651854661     
  0.35932881039143427       0.92226609142209282     
  0.36079550860058590       0.92007536783655619     
  0.36226819353714296       0.91775308692515656     
  0.36374688963756052       0.91531626954284229     
  0.36523162143803800       0.91278223669048519     
  0.36672241357492547       0.91016850195364718     
  0.36821929078513355       0.90749266650726113     
  0.36972227790654283       0.90477231722284213     
  0.37123139987841652       0.90202492836895276     
  0.37274668174181458       0.89926776734904412     
  0.37426814864000829       0.89651780487379940     
  0.37579582581889864       0.89379162991812322     
  0.37732973862743413       0.89110536976621191     
  0.37886991251803198       0.88847461540205874     
  0.38041637304700071       0.88591435245753403     
  0.38196914587496344       0.88343889788611873     
  0.38352825676728425       0.88106184248763408     
  0.38509373159449567       0.87879599936817110     
  0.38666559633272773       0.87665335837999803     
  0.38824387706413899       0.87464504654868791     
  0.38982859997734975       0.87278129445920682     
  0.39141979136787586       0.87107140853932197     
  0.39301747763856587       0.86952374914749386     
  0.39462168530003849       0.86814571434355592     
  0.39623244097112265       0.86694372919387330     
  0.39784977137929967       0.86592324043847202     
  0.39947370336114574       0.86508871632574469     
  0.40110426386277853       0.86444365140082313     
  0.40274147994030307       0.86399057601651563     
  0.40438537876026137       0.86373107032079055     
  0.40603598760008325       0.86366578246216030     
  0.40769333384853856       0.86379445074380645     
  0.40935744500619187       0.86411592944895377     
  0.41102834868585908       0.86462821805366974     
  0.41270607261306486       0.86532849353887709     
  0.41439064462650332       0.86621314551087136     
  0.41608209267850005       0.86727781383885927     
  0.41778044483547516       0.86851742851893599     
  0.41948572927840988       0.86992625147637259     
  0.42119797430331363       0.87149792002196680     
  0.42291720832169355       0.87322549168344188     
  0.42464345986102636       0.87510149013931415     
  0.42637675756523108       0.87711795199021658     
  0.42811713019514508       0.87926647411120440     
  0.42986460662900056       0.88153826133803492     
  0.43161921586290408       0.88392417425063452     
  0.43338098701131811       0.88641477682788683     
  0.43514994930754325       0.88900038375935364     
  0.43692613210420378       0.89167110721154541     
  0.43870956487373508       0.89441690285868081     
  0.44050027720887197       0.89722761500055837     
  0.44229829882313998       0.90009302060302565     
  0.44410365955134889       0.90300287210951991     
  0.44591638935008682       0.90594693888520605     
  0.44773651829821842       0.90891504716827554     
  0.44956407659738296       0.91189711841588972     
  0.45139909457249600       0.91488320594505967     
  0.45324160267225266       0.91786352978132790     
  0.45509163146963244       0.92082850964044038     
  0.45694921166240710       0.92376879598021866     
  0.45881437407364939       0.92667529907149748     
  0.46068714965224478       0.92953921604827938     
  0.46256756947340538       0.93235205590810410     
  0.46445566473918498       0.93510566244404447     
  0.46635146677899686       0.93779223509965370     
  0.46825500705013429       0.94040434774764059     
  0.47016631713829160       0.94293496540194521     
  0.47208542875808879       0.94537745888130331     
  0.47401237375359806       0.94772561745022721     
  0.47594718409887132       0.94997365947065648     
  0.47788989189847175       0.95211624110430459     
  0.47984052938800570       0.95414846311195223     
  0.48179912893465782       0.95606587580163038     
  0.48376572303772875       0.95786448218278508     
  0.48574034432917323       0.95954073938814521     
  0.48772302557414277       0.96109155842911631     
  0.48971379967152823       0.96251430235412971     
  0.49171269965450648       0.96380678288248622     
  0.49371975869108847       0.96496725558885643     
  0.49573501008466908       0.96599441371578210     
  0.49775848727458005       0.96688738069324465     
  0.49979022383664523       0.96764570144566853     
  0.50183025348373689       0.96826933256762837     
  0.50387861006633561       0.96875863145003904     
  0.50593532757309234       0.96911434443875721     
  0.50800044013139123       0.96933759410732456     
  0.51007398200791731       0.96942986572506351     
  0.51215598760922409       0.96939299300092630     
  0.51424649148230461       0.96922914318238429     
  0.51634552831516523       0.96894080158729556     
  0.51845313293740036       0.96853075564509916     
  0.52056934032077162       0.96800207852185616     
  0.52269418557978653       0.96735811240166880     
  0.52482770397228251       0.96660245149481139     
  0.52696993090001132       0.96573892484057589     
  0.52912090190922667       0.96477157897034704     
  0.53128065269127367       0.96370466049383663     
  0.53344921908318188       0.96254259866869663     
  0.53562663706825886       0.96128998801095422     
  0.53781294277668812       0.95995157100085793     
  0.54000817248612853       0.95853222093581480     
  0.54221236262231554       0.95703692497916681     
  0.54442554975966673       0.95547076745057324     
  0.54664777062188774       0.95383891340080018     
  0.54887906208258186       0.95214659251073375     
  0.55111946116586275       0.95039908335147250     
  0.55336900504696696       0.94860169803942018     
  0.55562773105287300       0.94675976731737765     
  0.55789567666291884       0.94487862608979767     
  0.56017287950942463       0.94296359943751962     
  0.56245937737831742       0.94101998913458307     
  0.56475520820975744       0.93905306068700478     
  0.56706041009876806       0.93706803091081281     
  0.56937502129586803       0.93507005606407667     
  0.57169908020770599       0.93306422054523219     
  0.57403262539769728       0.93105552616763021     
  0.57637569558666502       0.92904888201795688     
  0.57872832965348131       0.92704909490400855     
  0.58109056663571335       0.92506086039519464     
  0.58346244573027040       0.92308875445718153     
  0.58584400629405475       0.92113722568018341     
  0.58823528784461476       0.91921058809863310     
  0.59063633006079996       0.91731301459826897     
  0.59304717278342045       0.91544853090510347     
  0.59546785601590702       0.91362101014924590     
  0.59789841992497528       0.91183416799517392     
  0.60033890484129260       0.91009155832876376     
  0.60278935126014666       0.90839656949021164     
  0.60524979984211758       0.90675242104087328     
  0.60772029141375294       0.90516216105107972     
  0.61020086696824494       0.90362866389506191     
  0.61269156766611022       0.90215462853832251     
  0.61519243483587394       0.90074257730206608     
  0.61770350997475421       0.89939485508865757     
  0.62022483474935197       0.89811362905152492     
  0.62275645099634114       0.89690088869245677     
  0.62529840072316345       0.89575844636882618     
  0.62785072610872605       0.89468793819296610     
  0.63041346950409982       0.89369082530565702     
  0.63298667343322390       0.89276839550549603     
  0.63557038059361004       0.89192176521580502     
  0.63816463385705124       0.89115188177065563     
  0.64076947627033398       0.89045952600159528     
  0.64338495105595150       0.88984531510670040     
  0.64601110161282127       0.88930970578367952     
  0.64864797151700582       0.88885299760890490     
  0.65129560452243462       0.88847533664442579     
  0.65395404456163087       0.88817671925526576     
  0.65662333574644061       0.88795699611956391     
  0.65930352236876377       0.88781587641443316     
  0.66199464890129045       0.88775293216073925     
  0.66469675999823752       0.88776760271037936     
  0.66740990049609028       0.88785919936002888     
  0.67013411541434675       0.88802691007573886     
  0.67286944995626363       0.88826980431321489     
  0.67561594950960757       0.88858683791905901     
  0.67837365964740748       0.88897685809873195     
  0.68114262612871068       0.88943860843748435     
  0.68392289489934310       0.88997073396100235     
  0.68671451209267076       0.89057178622302491     
  0.68951752403036504       0.89124022840770678     
  0.69233197722317286       0.89197444043502871     
  0.69515791837168661       0.89277272405807484     
  0.69799539436711988       0.89363330794153639     
  0.70084445229208592       0.89455435271132711     
  0.70370513942137802       0.89553395596572161     
  0.70657750322275481       0.89657015723896250     
  0.70946159135772713       0.89766094290879606     
  0.71235745168234910       0.89880425103992401     
  0.71526513224801314       0.89999797615585997     
  0.71818468130224533       0.90123997393219679     
  0.72111614728950835       0.90252806580477429     
  0.72405957885200312       0.90386004348673432     
  0.72701502483047720       0.90523367338892435     
  0.72998253426503557       0.90664670093857536     
  0.73296215639595286       0.90809685479163993     
  0.73595394066449149       0.90958185093461630     
  0.73895793671372234       0.91109939667212003     
  0.74197419438934753       0.91264719449687781     
  0.74500276374052765       0.91422294583922681     
  0.74804369502071344       0.91582435469359891     
  0.75109703868847777       0.91744913111983439     
  0.75416284540835488       0.91909499461755106     
  0.75724116605167924       0.92075967737212627     
  0.76033205169743068       0.92244092737120198     
  0.76343555363308235       0.92413651139093178     
  0.76655172335545019       0.92584421785149829     
  0.76968061257154952       0.92756185954172754     
  0.77282227319945096       0.92928727621289842     
  0.77597675736914307       0.93101833704210990     
  0.77914411742339751       0.93275294296582445     
  0.78232440591863694       0.93448902888443175     
  0.78551767562580699       0.93622456573891055     
  0.78872397953125306       0.93795756246086526     
  0.79194337083759792       0.93968606779741604     
  0.79517590296462559       0.94140817201259774     
  0.79842162955016782       0.94312200846710104     
  0.80168060445099321       0.94482575507833211     
  0.80495288174370172       0.94651763566293257     
  0.80823851572562166       0.94819592116401052     
  0.81153756091571005       0.94985893076547767     
  0.81485007205545901       0.95150503289598287     
  0.81817610410980179       0.95313264612503612     
  0.82151571226802678       0.95474023995401192     
  0.82486895194469190       0.95632633550479129     
  0.82823587878054472       0.95788950610887624     
  0.83161654864344625       0.95942837779987356     
  0.83501101762929653       0.96094162971228436     
  0.83841934206296653       0.96242799438959503     
  0.84184157849923302       0.96388625800468430     
  0.84527778372371576       0.96531526049559679     
  0.84872801475382054       0.96671389561974808     
  0.85219232883968588       0.96808111092964377     
  0.85567078346513115       0.96941590767318775     
  0.85916343634861292       0.97071734062167303     
  0.86267034544418009       0.97198451782851969     
  0.86619156894243732       0.97321660032182811     
  0.86972716527151039       0.97441280173378853     
  0.87327719309801433       0.97557238786996681     
  0.87684171132802924       0.97669467622145878     
  0.88042077910807537       0.97777903542287048     
  0.88401445582609561       0.97882488465904804     
  0.88762280111244185       0.97983169302343898     
  0.89124587484086226       0.98079897883092027     
  0.89488373712949654       0.98172630888788626     
  0.89853644834187318       0.98261329772233508     
  0.90220406908791040       0.98345960677663979     
  0.90588666022492215       0.98426494356563854     
  0.90958428285862880       0.98502906080261499     
  0.91329699834416944       0.98575175549568517     
  0.91702486828712149       0.98643286801704533     
  0.92076795454452198       0.98707228114746759     
  0.92452631922589401       0.98766991909837387     
  0.92830002469427830       0.98822574651374728     
  0.93208913356726641       0.98873976745407655     
  0.93589370871804145       0.98921202436446121     
  0.93971381327641990       0.98964259702894053     
  0.94354951062989978       0.99003160151303560     
  0.94740086442471305       0.99037918909643452     
  0.95126793856688030       0.99068554519767171     
  0.95515079722327212       0.99095088829259592     
  0.95904950482267404       0.99117546882834329     
  0.96296412605685466       0.99135956813447013     
  0.96689472588163972       0.99150349733283316     
  0.97084136951799027       0.99160759624773209     
  0.97480412245308368       0.99167223231777191     
  0.97878305044140190       0.99169779951082881     
  0.98277821950582100       0.99168471724344620     
  0.98678969593870736       0.99163342930591647     
  0.99081754630301844       0.99154440279424660     
  0.99486183743340539       0.99141812705014343     
  0.99892263643732426       0.99125511261008936     
   1.0030000106961476       0.99105589016452533     
   1.0070940278662834       0.99082100952809560     
   1.0112047558802988       0.99055103862185301     
   1.0153322629480441       0.99024656246826914     
   1.0194766175577885       0.98990818219983345     
   1.0236378884773538       0.98953651408198162     
   1.0278161447552574       0.98913218855103135     
   1.0320114557218547       0.98869584926776033     
   1.0362238909904942       0.98822815218720894     
   1.0404535204586696       0.98772976464524298     
   1.0447004143091787       0.98720136446236662     
   1.0489646430112913       0.98664363906522679     
   1.0532462773219167       0.98605728462621478     
   1.0575453882867758       0.98544300522151829     
   1.0618620472415838       0.98480151200794619     
   1.0661963258132321       0.98413352241880281     
   1.0705482959209747       0.98343975937905492     
   1.0749180297776255       0.98272095053999309     
   1.0793055998907541       0.98197782753356166     
   1.0837110790638902       0.98121112524649035     
   1.0881345403977287       0.98042158111433508     
   1.0925760572913470       0.97960993443549671     
   1.0970357034434204       0.97877692570526764     
   1.1015135528534441       0.97792329596991845     
   1.1060096798229635       0.97704978620081417     
   1.1105241589568067       0.97615713668852455     
   1.1150570651643195       0.97524608645686828     
   1.1196084736606120       0.97431737269680452     
   1.1241784599678060       0.97337173022006840     
   1.1287670999162849       0.97240989093242458     
   1.1333744696459565       0.97143258332638949     
   1.1380006456075142       0.97044053199326197     
   1.1426457045637044       0.96943445715427723     
   1.1473097235906025       0.96841507421068773     
   1.1519927800788912       0.96738309331255712     
   1.1566949517351428       0.96633921894604058     
   1.1614163165831117       0.96528414953890807     
   1.1661569529650266       0.96421857708406189     
   1.1709169395428922       0.96314318678077859     
   1.1756963552997917       0.96205865669340629     
   1.1804952795412009       0.96096565742722562     
   1.1853137918963028       0.95986485182118897     
   1.1901519723193061       0.95875689465723002     
   1.1950099010907769       0.95764243238583713     
   1.1998876588189678       0.95652210286757799     
   1.2047853264411541       0.95539653513025069     
   1.2097029852249803       0.95426634914133823     
   1.2146407167698074       0.95313215559543463     
   1.2195986030080641       0.95199455571630986     
   1.2245767262066105       0.95085414107327604     
   1.2295751689681005       0.94971149341151417     
   1.2345940142323542       0.94856718449602240     
   1.2396333452777308       0.94742177596883992     
   1.2446932457225151       0.94627581921920423     
   1.2497737995263021       0.94512985526629556     
   1.2548750909913893       0.94398441465422844     
   1.2599972047641785       0.94284001735893963     
   1.2651402258365791       0.94169717270663478     
   1.2703042395474162       0.94055637930345004     
   1.2754893315838498       0.93941812497598842     
   1.2806955879827961       0.93828288672239168     
   1.2859230951323521       0.93715113067361488     
   1.2911719397732333       0.93602331206456657     
   1.2964422090002106       0.93489987521478690     
   1.3017339902635547       0.93378125351833596     
   1.3070473713704895       0.93266786944256774     
   1.3123824404866489       0.93156013453547104     
   1.3177392861375357       0.93045844944126033     
   1.3231179972099965       0.92936320392390503     
   1.3285186629536925       0.92827477689828997     
   1.3339413729825829       0.92719353646870328     
   1.3393862172764077       0.92611983997435432     
   1.3448532861821869       0.92505403404162512     
   1.3503426704157151       0.92399645464277158     
   1.3558544610630672       0.92294742716078615     
   1.3613887495821120       0.92190726646014587     
   1.3669456278040288       0.92087627696317143     
   1.3725251879348284       0.91985475273173167     
   1.3781275225568879       0.91884297755402600     
   1.3837527246304846       0.91784122503619447     
   1.3894008874953359       0.91684975869849838     
   1.3950721048721533       0.91586883207582814     
   1.4007664708641934       0.91489868882229686     
   1.4064840799588225       0.91393956281968747     
   1.4122250270290799       0.91299167828952044     
   1.4179894073352572       0.91205524990852127     
   1.4237773165264773       0.91113048292726917     
   1.4295888506422783       0.91021757329181641     
   1.4354241061142121       0.90931670776806806     
   1.4412831797674421       0.90842806406872367     
   1.4471661688223481       0.90755181098258841     
   1.4530731708961429       0.90668810850605619     
   1.4590042840044910       0.90583710797658812     
   1.4649596065631323       0.90499895220800375     
   1.4709392373895191       0.90417377562741141     
   1.4769432757044543       0.90336170441361086     
   1.4829718211337348       0.90256285663680635     
   1.4890249737098105       0.90177734239946816     
   1.4951028338734396       0.90100526397819680     
   1.5012055024753554       0.90024671596643824     
   1.5073330807779428       0.89950178541790682     
   1.5134856704569155       0.89877055199058498     
   1.5196633736030056       0.89805308809116002     
   1.5258662927236537       0.89734945901977625     
   1.5320945307447145       0.89665972311497577     
   1.5383481910121630       0.89598393189871295     
   1.5446273772938062       0.89532213022132856     
   1.5509321937810101       0.89467435640637083     
   1.5572627450904259       0.89404064239516567     
   1.5636191362657244       0.89342101389103123     
   1.5700014727793419       0.89281549050304021     
   1.5764098605342303       0.89222408588924262     
   1.5828444058656099       0.89164680789925721     
   1.5893052155427401       0.89108365871614892     
   1.5957923967706868       0.89053463499751429     
   1.6023060571921037       0.88999972801569682     
   1.6088463048890147       0.88947892379705973     
   1.6154132483846122       0.88897220326025050     
   1.6220069966450557       0.88847954235338855     
   1.6286276590812767       0.88800091219011579     
   1.6352753455508005       0.88753627918445210     
   1.6419501663595648       0.88708560518440138     
   1.6486522322637496       0.88664884760425344     
   1.6553816544716176       0.88622595955553685     
   1.6621385446453594       0.88581688997657382     
   1.6689230149029417       0.88542158376059565     
   1.6757351778199741       0.88503998188237953     
   1.6825751464315746       0.88467202152336755     
   1.6894430342342412       0.88431763619523551     
   1.6963389551877424       0.88397675586187829     
   1.7032630237170037       0.88364930705978129     
   1.7102153547140044       0.88333521301656692     
   1.7171960635396897       0.88303439376880444     
   1.7242052660258809       0.88274676627629500     
   1.7312430784771990       0.88247224453646789     
   1.7383096176729915       0.88221073969615582     
   1.7454050008692747       0.88196216016180262     
   1.7525293458006783       0.88172641170791966     
   1.7596827706823941       0.88150339758377427     
   1.7668653942121444       0.88129301861830123     
   1.7740773355721486       0.88109517332322795     
   1.7813187144310982       0.88090975799441029     
   1.7885896509461472       0.88073666681136553     
   1.7958902657649043       0.88057579193501012     
   1.8032206800274309       0.88042702360359004     
   1.8105810153682576       0.88029025022681062     
   1.8179713939183981       0.88016535847816091     
   1.8253919383073787       0.88005223338543792     
   1.8328427716652678       0.87995075841947545     
   1.8403240176247260       0.87986081558107676     
   1.8478358003230537       0.87978228548616344     
   1.8553782444042495       0.87971504744914120     
   1.8629514750210820       0.87965897956449557     
   1.8705556178371661       0.87961395878662363     
   1.8781907990290427       0.87957986100791052     
   1.8858571452882809       0.87955656113506731     
   1.8935547838235744       0.87954393316373269     
   1.9012838423628520       0.87954185025136078     
   1.9090444491554013       0.87955018478840041     
   1.9168367329739937       0.87956880846778451     
   1.9246608231170197       0.87959759235274204     
   1.9325168494106386       0.87963640694294931     
   1.9404049422109304       0.87968512223903494     
   1.9483252324060565       0.87974360780545580     
   1.9562778514184365       0.87981173283176139     
   1.9642629312069249       0.87988936619226288     
   1.9722806042690040       0.87997637650412630     
   1.9803310036429771       0.88007263218390652     
   1.9884142629101824       0.88017800150254177     
   1.9965305161972071       0.88029235263882899     
   2.0046798981781091       0.88041555373139657     
   2.0128625440766581       0.88054747292919733     
   2.0210785896685763       0.88068797844053892     
   2.0293281712837890       0.88083693858067469     
   2.0376114258086915       0.88099422181797316     
   2.0459284906884188       0.88115969681868966     
   2.0542795039291217       0.88133323249035644     
   2.0626646041002639       0.88151469802381710     
   2.0710839303369175       0.88170396293392495     
   2.0795376223420732       0.88190089709892394     
   2.0880258203889532       0.88210537079853735     
   2.0965486653233478       0.88231725475078360     
   2.1051062985659468       0.88253642014754119     
   2.1136988621146831       0.88276273868888266     
   2.1223264985470975       0.88299608261620355     
   2.1309893510226989       0.88323632474416147     
   2.1396875632853374       0.88348333849145166     
   2.1484212796655959       0.88373699791044014     
   2.1571906450831819       0.88399717771567154     
   2.1659958050493291       0.88426375331127938     
   2.1748369056692178       0.88453660081731389     
   2.1837140936443968       0.88481559709501256     
   2.1926275162752127       0.88510061977103405     
   2.2015773214632635       0.88539154726067371     
   2.2105636577138457       0.88568825879008384     
   2.2195866741384194       0.88599063441752057     
   2.2286465204570853       0.88629855505363364     
   2.2377433470010675       0.88661190248082344     
   2.2468773047152077       0.88693055937168486     
   2.2560485451604677       0.88725440930655430     
   2.2652572205164492       0.88758333679018631     
   2.2745034835839171       0.88791722726757283     
   2.2837874877873303       0.88825596713892929     
   2.2931093871773944       0.88859944377386435     
   2.3024693364336155       0.88894754552475308     
   2.3118674908668622       0.88930016173933335     
   2.3213040064219506       0.88965718277254091     
   2.3307790396802273       0.89001849999760785     
   2.3402927478621649       0.89038400581643407     
   2.3498452888299783       0.89075359366925810     
   2.3594368210902377       0.89112715804363951     
   2.3690675037965030       0.89150459448277319     
   2.3787374967519588       0.89188579959315062     
   2.3884469604120731       0.89227067105158753     
   2.3981960558872570       0.89265910761163358     
   2.4079849449455333       0.89305100910938040     
   2.4178137900152290       0.89344627646868480     
   2.4276827541876669       0.89384481170582264     
   2.4375920012198664       0.89424651793359056     
   2.4475416955372706       0.89465129936486998     
   2.4575320022364697       0.89505906131566837     
   2.4675630870879357       0.89546971020765320     
   2.4776351165387829       0.89588315357019610     
   2.4877482577155234       0.89629930004193625     
   2.4979026784268394       0.89671805937188265     
   2.5080985471663721       0.89713934242006643     
   2.5183360331155162       0.89756306115775875     
   2.5286153061462220       0.89798912866726455     
   2.5389365368238228       0.89841745914131244     
   2.5492998964098588       0.89884796788204446     
   2.5597055568649218       0.89928057129962646     
   2.5701536908515048       0.89971518691048835     
   2.5806444717368717       0.90015173333520693     
   2.5911780735959340       0.90059013029604196     
   2.6017546712141315       0.90103029861414152     
   2.6123744400903441       0.90147216020642418     
   2.6230375564397970       0.90191563808215125     
   2.6337441971969815       0.90236065633919960     
   2.6444945400185995       0.90280714016004726     
   2.6552887632865070       0.90325501580748147     
   2.6661270461106703       0.90370421062003958     
   2.6770095683321458       0.90415465300719322     
   2.6879365105260575       0.90460627244428737     
   2.6989080540045989       0.90505899946724067     
   2.7099243808200328       0.90551276566702110     
   2.7209856737677236       0.90596750368390178     
   2.7320921163891634       0.90642314720151074     
   2.7432438929750149       0.90687963094067858     
   2.7544411885681774       0.90733689065309775     
   2.7656841889668535       0.90779486311479929     
   2.7769730807276272       0.90825348611945422     
   2.7883080511685678       0.90871269847151204     
   2.7996892883723348       0.90917243997917951     
   2.8111169811892935       0.90963265144725003     
   2.8225913192406575       0.91009327466979217     
   2.8341124929216317       0.91055425242270194     
   2.8456806934045655       0.91101552845612743     
   2.8572961126421350       0.91147704748677383     
   2.8689589433705232       0.91193875519009404     
   2.8806693791126143       0.91240059819237274     
   2.8924276141812122       0.91286252406270818     
   2.9042338436822610       0.91332448130490262     
   2.9160882635180831       0.91378641934926241     
   2.9279910703906258       0.91424828854431595     
   2.9399424618047334       0.91471004014845680     
   2.9519426360714194       0.91517162632151483     
   2.9639917923111532       0.91563300011626270     
   2.9760901304571732       0.91609411546986252     
   2.9882378512587997       0.91655492719525866     
   3.0004351562847607       0.91701539097251816     
   3.0126822479265480       0.91747546334013108     
   3.0249793294017673       0.91793510168626613     
   3.0373266047575087       0.91839426423999493     
   3.0497242788737404       0.91885291006248249     
   3.0621725574667020       0.91931099903815305     
   3.0746716470923223       0.91976849186583354     
   3.0872217551496384       0.92022535004987649     
   3.0998230898842483       0.92068153589127266     
   3.1124758603917613       0.92113701247874968     
   3.1251802766212617       0.92159174367986507     
   3.1379365493788032       0.92204569413209736     
   3.1507448903309023       0.92249882923393567     
   3.1636055120080444       0.92295111513597372     
   3.1765186278082207       0.92340251873201007     
   3.1894844520004644       0.92385300765016010     
   3.2025031997284015       0.92430255024397834     
   3.2155750870138298       0.92475111558359868     
   3.2287003307602982       0.92519867344689277     
   3.2418791487567020       0.92564519431064873     
   3.2551117596809069       0.92609064934177621     
   3.2683983831033703       0.92653501038853414     
   3.2817392394907818       0.92697824997179212     
   3.2951345502097307       0.92742034127631900     
   3.3085845375303724       0.92786125814210663     
   3.3220894246301196       0.92830097505572939     
   3.3356494355973410       0.92873946714174038     
   3.3492647954350852       0.92917671015410841     
   3.3629357300648142       0.92961268046769518     
   3.3766624663301439       0.93004735506977609     
   3.3904452320006189       0.93048071155160728     
   3.4042842557754875       0.93091272810003800     
   3.4181797672874907       0.93134338348917090     
   3.4321319971066844       0.93177265707207335     
   3.4461411767442565       0.93220052877253934     
   3.4602075386563675       0.93262697907690439     
   3.4743313162480152       0.93305198902591235     
   3.4885127438769019       0.93347554020664070     
   3.5027520568573265       0.93389761474447885     
   3.5170494914640815       0.93431819529516580     
   3.5314052849363842       0.93473726503688592     
   3.5458196754818094       0.93515480766242298     
   3.5602929022802345       0.93557080737137588     
   3.5748252054878202       0.93598524886243561     
   3.5894168262409902       0.93639811732572342     
   3.6040680066604258       0.93680939843519184     
   3.6187789898550959       0.93721907834109042     
   3.6335500199262847       0.93762714366249467     
   3.6483813419716364       0.93803358147990024     
   3.6632732020892336       0.93843837932788254     
   3.6782258473816740       0.93884152518782193     
   3.6932395259601685       0.93924300748069656     
   3.7083144869486642       0.93964281505994096     
   3.7234509804879772       0.94004093720437232     
   3.7386492577399353       0.94043736361118480     
   3.7539095708915569       0.94083208438901156     
   3.7692321731592284       0.94122509005105548     
   3.7846173187929102       0.94161637150828814     
   3.8000652630803460       0.94200592006271744     
   3.8155762623513128       0.94239372740072580     
   3.8311505739818670       0.94277978558647435     
   3.8467884563986092       0.94316408705538002     
   3.8624901690829847       0.94354662460766014     
   3.8782559725755825       0.94392739140194604     
   3.8940861284804527       0.94430638094896724     
   3.9099808994694594       0.94468358710530531     
   3.9259405492866346       0.94505900406721566     
   3.9419653427525452       0.94543262636452097     
   3.9580555457687030       0.94580444885457193     
   3.9742114253219660       0.94617446671627836     
   3.9904332494889743       0.94654267544420934     
   4.0067212874405893       0.94690907084276266     
   4.0230758094463717       0.94727364902040234     
   4.0394970868790629       0.94763640638396585     
   4.0559853922190783       0.94799733963303834     
   4.0725409990590427       0.94835644575439670     
   4.0891641821083224       0.94871372201652182     
   4.1058552171975808       0.94906916596417568     
   4.1226143812833644       0.94942277541305087     
   4.1394419524526915       0.94977454844448173     
   4.1563382099276636       0.95012448340022748     
   4.1733034340701094       0.95047257887731862     
   4.1903379063862296       0.95081883372297060     
   4.2074419095312638       0.95116324702956456     
   4.2246157273141920       0.95150581812969071     
   4.2418596447024361       0.95184654659126067     
   4.2591739478265858       0.95218543221268148     
   4.2765589239851547       0.95252247501810028     
   4.2940148616493437       0.95285767525268983     
   4.3115420504678283       0.95319103337804212     
   4.3291407812715565       0.95352255006758213     
   4.3468113460785895       0.95385222620206422     
   4.3645540380989400       0.95418006286512835     
   4.3823691517394279       0.95450606133891713     
   4.4002569826085844       0.95483022309975407     
   4.4182178275215458       0.95515254981388420     
   4.4362519845049730       0.95547304333327299     
   4.4543597528020111       0.95579170569146743     
   4.4725414328772475       0.95610853909951465     
   4.4907973264216903       0.95642354594194068     
   4.5091277363577875       0.95673672877278815     
   4.5275329668444471       0.95704809031171023     
   4.5460133232820850       0.95735763344012437     
   4.5645691123176864       0.95766536119742085     
   4.5832006418499045       0.95797127677722882     
   4.6019082210341660       0.95827538352373931     
   4.6206921602877928       0.95857768492808160     
   4.6395527712951647       0.95887818462475605     
   4.6584903670128890       0.95917688638812082     
   4.6775052616749795       0.95947379412893230     
   4.6965977707980926       0.95976891189093994     
   4.7157682111867478       0.96006224384753192     
   4.7350169009385850       0.96035379429843493     
   4.7543441594496505       0.96064356766646530     
   4.7737503074196939       0.96093156849433081     
   4.7932356668574805       0.96121780144148339     
   4.8128005610861475       0.96150227128102239     
   4.8324453147485658       0.96178498289664716     
   4.8521702538127149       0.96206594127965839     
   4.8719757055771122       0.96234515152600952     
   4.8918619986762248       0.96262261883340361     
   4.9118294630859394       0.96289834849844014     
   4.9318784301290162       0.96317234591380751     
   4.9520092324806102       0.96344461656552249     
   4.9722222041737796       0.96371516603021512     
   4.9925176806050207       0.96398399997245887     
   5.0128959985398502       0.96425112414214731     
   5.0333574961183860       0.96451654437191225     
   5.0539025128609465       0.96478026657458871     
   5.0745313896737043       0.96504229674072017     
   5.0952444688543324       0.96530264093611007     
   5.1160420940976774       0.96556130529941153     
   5.1369246105014765       0.96581829603976288     
   5.1578923645720769       0.96607361943446080     
   5.1789457042301867       0.96632728182667704     
   5.2000849788166388       0.96657928962321360     
   5.2213105390982024       0.96682964929229753     
   5.2426227372734004       0.96707836736141717     
   5.2640219269783390       0.96732545041519358     
   5.2855084632925946       0.96757090509329335     
   5.3070827027450962       0.96781473808837748     
   5.3287450033200381       0.96805695614408716     
   5.3504957244628288       0.96829756605306805     
   5.3723352270860527       0.96853657465502874     
   5.3942638735754480       0.96877398883483645     
   5.4162820277959387       0.96900981552064747     
   5.4383900550976607       0.96924406168207256     
   5.4605883223220175       0.96947673432837578     
   5.4828771978077846       0.96970784050670944     
   5.5052570513972130       0.96993738730037993     
   5.5277282544421542       0.97016538182714795     
   5.5502911798102446       0.97039183123756123     
   5.5729462018910780       0.97061674271331888     
   5.5956936966024218       0.97084012346566717     
   5.6185340413964466       0.97106198073382721     
   5.6414676152660075       0.97128232178345297     
   5.6644947987509173       0.97150115390511915     
   5.6876159739442613       0.97171848441283992     
   5.7108315244987482       0.97193432064261576     
   5.7341418356330687       0.97214866995101112     
   5.7575472941382806       0.97236153971375838     
   5.7810482883842447       0.97257293732439198     
   5.8046452083260549       0.97278287019290977     
   5.8283384455105089       0.97299134574446022     
   5.8521283930826149       0.97319837141805932     
   5.8760154457921070       0.97340395466533192     
