  0.10000000000000001        2.9360619892512707E-002
  0.10040817718110437        3.4263835540886634E-002
  0.10081802044832047        6.1329217473351516E-002
  0.10122953660223166       0.10864463717212647     
  0.10164273247117964       0.17288252646553059     
  0.10205761491137796       0.24956092773527272     
  0.10247419080702558       0.33337861077695230     
  0.10289246707042120       0.41859825105225146     
  0.10331245064207799       0.49944941502121720     
  0.10373414849083867       0.57052292989154574     
  0.10415756761399117       0.62713001886384334     
  0.10458271503738485       0.66560312005526501     
  0.10500959781554686       0.68352023497749581     
  0.10543822303179938       0.67984055518456676     
  0.10586859779837712       0.65494553896160324     
  0.10630072925654524       0.61058609394401042     
  0.10673462457671801       0.54974263276016599     
  0.10717029095857759       0.47641012689209672     
  0.10760773563119364       0.39532458330109943     
  0.10804696585314330       0.31165039263735761     
  0.10848798891263144       0.23064962761140895     
  0.10893081212761184       0.15735458345025410     
  0.10937544284590843        9.6263719157740457E-002
  0.10982188844533726        5.1078828964950085E-002
  0.11027015633382903        2.4497963395053279E-002
  0.11072025394955184        1.8074591020332709E-002
  0.11117218876103470        3.2149034429742374E-002
  0.11162596826729153        6.5853623374075188E-002
  0.11208159999794542       0.11718856906656616     
  0.11253909151335369       0.18316153260905188     
  0.11299845040473337       0.25998045235057865     
  0.11345968429428700       0.34328657317268685     
  0.11392280083532935       0.42841289145593331     
  0.11438780771241415       0.51065243974261409     
  0.11485471264146174       0.58552097415560123     
  0.11532352336988719       0.64899963201780797     
  0.11579424767672861       0.69774488824977732     
  0.11626689337277650       0.72925551284936785     
  0.11674146830070313       0.74198904919071729     
  0.11721798033519278       0.73542341177236181     
  0.11769643738307244       0.71006235796794015     
  0.11817684738344295       0.66738664508110390     
  0.11865921830781066       0.60975548267514801     
  0.11914355816021997       0.54026529652603283     
  0.11962987497738581       0.46257473053984266     
  0.12011817682882717       0.38070615594651569     
  0.12060847181700105       0.29883469711661015     
  0.12110076807743671       0.22107591854912823     
  0.12159507377887094       0.15128287761230186     
  0.12209139712338332        9.2862289797436492E-002
  0.12258974634653247        4.8618157479506041E-002
  0.12309012971749274        2.0629476179509387E-002
  0.12359255553919130        1.0166661407945754E-002
  0.12409703214844603        1.7649246034032062E-002
  0.12460356791610375        4.2645292917918853E-002
  0.12511217124717913        8.3910953486986961E-002
  0.12562285058099434       0.13946677176284872     
  0.12613561439131882       0.20670576165329269     
  0.12665047118650996       0.28252703200649520     
  0.12716742950965446       0.36348783865883405     
  0.12768649793870987       0.44596642550630916     
  0.12820768508664696       0.52632787837890915     
  0.12873099960159279       0.60108543936281844     
  0.12925645016697404       0.66705028276906186     
  0.12978404550166117       0.72146359186110631     
  0.13031379436011306       0.76210584256031955     
  0.13084570553252231       0.78737943491653195     
  0.13137978784496107       0.79636215016349499     
  0.13191605015952751       0.78883028559065327     
  0.13245450137449291       0.76525166899469932     
  0.13299515042444918       0.72675002224560803     
  0.13353800628045717       0.67504328010081949     
  0.13408307795019572       0.61235943548085747     
  0.13463037447811083       0.54133424575464895     
  0.13517990494556581       0.46489567660215392     
  0.13573167847099218       0.38614027183199151     
  0.13628570421004074       0.30820672048150866     
  0.13684199135573349       0.23415175736878924     
  0.13740054913861643       0.16683319899335225     
  0.13796138682691236       0.10880440910990941     
  0.13852451372667493        6.2223838485535254E-002
  0.13908993918194296        2.8782525927269598E-002
  0.13965767257489561        9.6516191665636519E-003
  0.14022772332600780        5.4511114249509163E-003
  0.14080010089420669        1.6240128077513405E-002
  0.14137481477702879        4.1528270866220129E-002
  0.14195187451077720        8.0306764057076485E-002
  0.14253128967068007       0.13109747274460692     
  0.14311306987104958       0.19201729802392065     
  0.14369722476544117       0.26085501132185740     
  0.14428376404681392       0.33515727953350938     
  0.14487269744769149       0.41232045695929764     
  0.14546403474032335       0.48968467737389954     
  0.14605778573684705       0.56462686313494215     
  0.14665396028945119       0.63464946717733528     
  0.14725256829053859       0.69746206374986264     
  0.14785361967289068       0.75105328791087234     
  0.14845712440983222       0.79375107337135131     
  0.14906309251539690       0.82426963351154703     
  0.14967153404449324       0.84174215133163144     
  0.15028245909307170       0.84573867125604707     
  0.15089587779829214       0.83626920076643874     
  0.15151180033869191       0.81377251615407264     
  0.15213023693435482       0.77909160976294611     
  0.15275119784708088       0.73343710391357919     
  0.15337469338055626       0.67834027992132562     
  0.15400073388052446       0.61559762271623319     
  0.15462932973495802       0.54720895880438214     
  0.15526049137423079       0.47531136666375806     
  0.15589422927129087       0.40211106566012678     
  0.15653055394183482       0.32981544601157498     
  0.15716947594448166       0.26056729402702350     
  0.15781100588094832       0.19638310124907310     
  0.15845515439622559       0.13909713198338003     
  0.15910193217875471        9.0312670643704629E-002
  0.15975134996060453        5.1361588562487848E-002
  0.16040341851764989        2.3273069765153309E-002
  0.16105814866975027        6.7520268718002097E-003
  0.16171555128092935        2.1674314962131236E-003
  0.16237563725955523        9.5504872566964938E-003
  0.16303841755852153        2.8602295845997161E-002
  0.16370390317542910        5.8710414463385208E-002
  0.16437210515276834        9.8973481986998957E-002
  0.16504303457810285       0.14823290594227312     
  0.16571670258425286       0.20511045564570096     
  0.16639312034948034       0.26805050058809110     
  0.16707229909767446       0.33536556760927683     
  0.16775425009853762       0.40528386495910929     
  0.16843898466777257       0.47599743411461359     
  0.16912651416727026       0.54570963846492626     
  0.16981685000529834       0.61268077813100918     
  0.17051000363669019       0.67527072807036137     
  0.17120598656303537       0.73197762758156593     
  0.17190481033287031       0.78147179842076264     
  0.17260648654186983       0.82262423088261760     
  0.17331102683303970       0.85452914730437857     
  0.17401844289690985       0.87652032558598458     
  0.17472874647172817       0.88818103681787397     
  0.17544194934365545       0.88934761667239359     
  0.17615806334696094       0.88010684600574995     
  0.17687710036421864       0.86078745881638763     
  0.17759907232650440       0.83194622256207496     
  0.17832399121359424       0.79434914469726114     
  0.17905186905416270       0.74894844860441601     
  0.17978271792598266       0.69685603090586290     
  0.18051654995612570       0.63931416008029340     
  0.18125337732116351       0.57766420353445813     
  0.18199321224736950       0.51331417745593733     
  0.18273606701092207       0.44770590199609828     
  0.18348195393810826       0.38228251508359912     
  0.18423088540552804       0.31845705324052631     
  0.18498287384029991       0.25758274920426616     
  0.18573793172026712       0.20092562616642429     
  0.18649607157420448       0.14963988935307682     
  0.18725730598202642       0.10474652986430033     
  0.18802164757499584        6.7115465528436391E-002
  0.18878910903593346        3.7451451304723160E-002
  0.18955970309942835        1.6283899668079194E-002
  0.19033344255204943        3.9606614575238286E-003
  0.19111034023255730        6.4573169960135957E-004
  0.19189040903211749        6.3207645467343587E-003
  0.19267366189451438        2.0790208077769656E-002
  0.19346011181636599        4.3689804423062029E-002
  0.19424977184733941        7.4498144373214226E-002
  0.19504265509036750       0.11255091892729707     
  0.19583877470186650       0.15705747350184607     
  0.19663814389195391       0.20711924388738800     
  0.19744077592466802       0.26174963641292204     
  0.19824668411818794       0.31989490786576935     
  0.19905588184505443       0.38045560303842973     
  0.19986838253239200       0.44230811870144704     
  0.20068419966213161       0.50432598156690689     
  0.20150334677123438       0.56540045353939417     
  0.20232583745191612       0.62446010929936224     
  0.20315168535187320       0.68048906802438935     
  0.20398090417450848       0.73254360179123901     
  0.20481350767915915       0.77976688687881412     
  0.20564950968132489       0.82140170978300442     
  0.20648892405289709       0.85680098627123424     
  0.20733176472238896       0.88543599830890174     
  0.20817804567516671       0.90690229931125343     
  0.20902778095368180       0.92092328211890284     
  0.20988098465770355       0.92735144565845917     
  0.21073767094455342       0.92616743481990649     
  0.21159785402933992       0.91747696314804816     
  0.21246154818519422       0.90150575909486452     
  0.21332876774350720       0.87859270350349317     
  0.21419952709416737       0.84918134848150839     
  0.21507384068579924       0.81381002575554451     
  0.21595172302600341       0.77310076595594868     
  0.21683318868159726       0.72774725911688920     
  0.21771825227885655       0.67850209112892534     
  0.21860692850375804       0.62616349114933245     
  0.21949923210222347       0.57156182132217426     
  0.22039517788036408       0.51554603289593681     
  0.22129478070472614       0.45897030230321556     
  0.22219805550253774       0.40268104736675236     
  0.22310501726195672       0.34750450792427889     
  0.22401568103231900       0.29423505723881749     
  0.22493006192438844       0.24362439100377975     
  0.22584817511060773       0.19637171998532388     
  0.22677003582534988       0.15311507077723518     
  0.22769565936517111       0.11442377717230290     
  0.22862506108906488        8.0792222652586232E-002
  0.22955825641871638        5.2634872817047706E-002
  0.23049526083875860        3.0282615517455369E-002
  0.23143608989702943        1.3980406348506169E-002
  0.23238075920482931        3.8861981870670359E-003
  0.23332928443718048        7.1115913069519365E-005
  0.23428168133308711        2.5208214501102333E-003
  0.23523796569579644        1.1137999977913760E-002
  0.23619815339306083        2.5745885697290416E-002
  0.23716226035740115        4.6092734940926583E-002
  0.23813030258637141        7.1857145756893059E-002
  0.23910229614282377       0.10265411635099797     
  0.24007825715517533       0.13804172993505393     
  0.24105820181767584       0.17752835053956373     
  0.24204214639067612       0.22058021313712795     
  0.24303010720089804       0.26662929189092288     
  0.24402210064170560       0.31508133237844982     
  0.24501814317337661       0.36532393711547473     
  0.24601825132337590       0.41673459847991234     
  0.24702244168662996       0.46868857906095329     
  0.24803073092580163       0.52056654638144151     
  0.24904313577156709       0.57176187670304435     
  0.25005967302289334       0.62168755106640461     
  0.25108035954731700       0.66978257568516786     
  0.25210521228122396       0.71551786815076035     
  0.25313424823013059       0.75840156046709795     
  0.25416748446896609       0.79798367957997363     
  0.25520493814235545       0.83386017566487447     
  0.25624662646490398       0.86567627786641166     
  0.25729256672148348       0.89312916633261952     
  0.25834277626751834       0.91596995815810967     
  0.25939727252927380       0.93400501315475637     
  0.26045607300414547       0.94709657313112550     
  0.26151919526094891       0.95516275552017704     
  0.26258665694021183       0.95817692869754612     
  0.26365847575446660       0.95616650214137400     
  0.26473466948854396       0.94921116967182839     
  0.26581525599986822       0.93744064835786989     
  0.26690025321875377       0.92103195928448867     
  0.26798967914870253       0.90020629923945772     
  0.26908355186670235       0.87522555451705486     
  0.27018188952352734       0.84638850946796862     
  0.27128471034403900       0.81402680317770459     
  0.27239203262748851       0.77850068776397219     
  0.27350387474782023       0.74019464128670631     
  0.27462025515397709       0.69951288720633453     
  0.27574119237020622       0.65687487075390949     
  0.27686670499636645       0.61271074054183983     
  0.27799681170823720       0.56745688129735072     
  0.27913153125782791       0.52155154079698929     
  0.28027088247368953       0.47543059097223761     
  0.28141488426122702       0.42952345979771178     
  0.28256355560301261       0.38424926701722062     
  0.28371691555910122       0.34001319305961486     
  0.28487498326734656       0.29720310669646799     
  0.28603777794371876       0.25618647314276577     
  0.28720531888262307       0.21730756044525246     
  0.28837762545721990       0.18088495818174921     
  0.28955471711974690       0.14720941874634963     
  0.29073661340184104       0.11654202785536583     
  0.29192333391486291        8.9112707406951208E-002
  0.29311489835022253        6.5119050492196462E-002
  0.29431132647970543        4.4725485209765159E-002
  0.29551263815580109        2.8062761000659409E-002
  0.29671885331203263        1.5227748510324046E-002
  0.29792999196328690        6.2835415154069985E-003
  0.29914607420614708        1.2598472313678499E-003
  0.30036712021922612        1.5364935119532852E-004
  0.30159315026350136        2.9301264581351738E-003
  0.30282418468265071        9.5238070067429348E-003
  0.30406024390339059        1.9839940874764372E-002
  0.30530134843581452        3.3756066548552233E-002
  0.30654751887373349        5.1123752310051951E-002
  0.30779877589501764        7.1770489335271415E-002
  0.30905514026193970        9.5501714381740044E-002
  0.31031663282151906       0.12210293972403141     
  0.31158327450586787       0.15134196817865497     
  0.31285508633253861       0.18297117142812813     
  0.31413208940487242       0.21672981039388850     
  0.31541430491234945       0.25234637710318930     
  0.31670175413094059       0.28954093833019412     
  0.31799445842346041       0.32802746224966595     
  0.31929243923992134       0.36751611040719090     
  0.32059571811789023       0.40771547846589917     
  0.32190431668284508       0.44833477042078451     
  0.32321825664853443       0.48908589226234411     
  0.32453755981733712       0.52968545240632836     
  0.32586224808062436       0.56985665757156290     
  0.32719234341912323       0.60933109416970566     
  0.32852786790328065       0.64785038665614669     
  0.32986884369363056       0.68516772566875050     
  0.33121529304116082       0.72104926013864501     
  0.33256723828768275       0.75527534888605352     
  0.33392470186620210       0.78764166850349460     
  0.33528770630129073       0.81796017557154144     
  0.33665627420946076       0.84605992244088601     
  0.33803042829953994       0.87178772694226803     
  0.33941019137304806       0.89500869744808753     
  0.34079558632457546       0.91560661570124680     
  0.34218663614216327       0.93348418074470363     
  0.34358336390768413       0.94856311812655802     
  0.34498579279722608       0.96078415931855821     
  0.34639394608147639       0.97010689696923469     
  0.34780784712610791       0.97650952221652754     
  0.34922751939216706       0.97998845080869623     
  0.35065298643646264       0.98055784522763667     
  0.35208427191195729       0.97824904037684857     
  0.35352139956815942       0.97310988068928372     
  0.35496439325151735       0.96520397673056602     
  0.35641327690581565       0.95460988952346137     
  0.35786807457257153       0.94142025090334125     
  0.35932881039143427       0.92574082823497716     
  0.36079550860058590       0.90768954178240480     
  0.36226819353714296       0.88739544292953587     
  0.36374688963756052       0.86499766130384748     
  0.36523162143803800       0.84064432866311012     
  0.36672241357492547       0.81449148717006326     
  0.36821929078513355       0.78670198940621927     
  0.36972227790654283       0.75744439716850742     
  0.37123139987841652       0.72689188575463781     
  0.37274668174181458       0.69522116008015422     
  0.37426814864000829       0.66261138858515145     
  0.37579582581889864       0.62924316048636775     
  0.37732973862743413       0.59529747151438750     
  0.37886991251803198       0.56095474284939151     
  0.38041637304700071       0.52639387753630107     
  0.38196914587496344       0.49179135822426423     
  0.38352825676728425       0.45732038963923127     
  0.38509373159449567       0.42315008876510707     
  0.38666559633272773       0.38944472528112373     
  0.38824387706413899       0.35636301438296591     
  0.38982859997734975       0.32405746370548028     
  0.39141979136787586       0.29267377566710173     
  0.39301747763856587       0.26235030617232402     
  0.39462168530003849       0.23321758024067596     
  0.39623244097112265       0.20539786477919875     
  0.39784977137929967       0.17900479838259875     
  0.39947370336114574       0.15414307773113056     
  0.40110426386277853       0.13090819986223201     
  0.40274147994030307       0.10938625931830881     
  0.40438537876026137        8.9653798920212857E-002
  0.40603598760008325        7.1777712684616746E-002
  0.40769333384853856        5.5815199192897236E-002
  0.40935744500619187        4.1813763530296533E-002
  0.41102834868585908        2.9811265745961157E-002
  0.41270607261306486        1.9836013637335004E-002
  0.41439064462650332        1.1906897535463701E-002
  0.41608209267850005        6.0335646608122850E-003
  0.41778044483547516        2.2166305315507451E-003
  0.41948572927840988        4.4792483714373166E-004
  0.42119797430331363        7.1076913894096982E-004
  0.42291720832169355        2.9802837253949388E-003
  0.42464345986102636        7.2237209316096118E-003
  0.42637675756523108        1.3400822230510423E-002
  0.42811713019514508        2.1464196414791026E-002
  0.42986460662900056        3.1359716214216848E-002
  0.43161921586290408        4.3026930730826751E-002
  0.43338098701131811        5.6399491124011658E-002
  0.43514994930754325        7.1405587037531415E-002
  0.43692613210420378        8.7968391330192297E-002
  0.43870956487373508       0.10600651075019274     
  0.44050027720887197       0.12543444027914907     
  0.44229829882313998       0.14616301896458916     
  0.44410365955134889       0.16809988515828767     
  0.44591638935008682       0.19114992918145679     
  0.44773651829821842       0.21521574154555712     
  0.44956407659738296       0.24019805496846403     
  0.45139909457249600       0.26599617853945889     
  0.45324160267225266       0.29250842250179199     
  0.45509163146963244       0.31963251223813549     
  0.45694921166240710       0.34726599016110493     
  0.45881437407364939       0.37530660432790275     
  0.46068714965224478       0.40365268271386257     
  0.46256756947340538       0.43220349219469312     
  0.46445566473918498       0.46085958139977612     
  0.46635146677899686       0.48952310670970411     
  0.46825500705013429       0.51809814077916438     
  0.47016631713829160       0.54649096307122580     
  0.47208542875808879       0.57461033199061951     
  0.47401237375359806       0.60236773830172163     
  0.47594718409887132       0.62967763961073042     
  0.47788989189847175       0.65645767578172343     
  0.47984052938800570       0.68262886524175426     
  0.48179912893465782       0.70811578221136084     
  0.48376572303772875       0.73284671497358178     
  0.48574034432917323       0.75675380536636450     
  0.48772302557414277       0.77977316975084698     
  0.48971379967152823       0.80184500177016749     
  0.49171269965450648       0.82291365727164456     
  0.49371975869108847       0.84292772181802100     
  0.49573501008466908       0.86184006126199297     
  0.49775848727458005       0.87960785590208412     
  0.49979022383664523       0.89619261877718603     
  0.50183025348373689       0.91156019869186566     
  0.50387861006633561       0.92568076859518411     
  0.50593532757309234       0.93852879996195104     
  0.50800044013139123       0.95008302384766097     
  0.51007398200791731       0.96032637930663245     
  0.51215598760922409       0.96924594987740553     
  0.51424649148230461       0.97683288885041164     
  0.51634552831516523       0.98308233404041023     
  0.51845313293740036       0.98799331279037828     
  0.52056934032077162       0.99156863793471750     
  0.52269418557978653       0.99381479544781071     
  0.52482770397228251       0.99474182449947590     
  0.52696993090001132       0.99436319063176648     
  0.52912090190922667       0.99269565276213778     
  0.53128065269127367       0.98975912470635730     
  0.53344921908318188       0.98557653190088212     
  0.53562663706825886       0.98017366398893135     
  0.53781294277668812       0.97357902391733164     
  0.54000817248612853       0.96582367417251558     
  0.54221236262231554       0.95694108076410578     
  0.54442554975966673       0.94696695554326515     
  0.54664777062188774       0.93593909742085091     
  0.54887906208258186       0.92389723302727567     
  0.55111946116586275       0.91088285733217234     
  0.55336900504696696       0.89693907471755807     
  0.55562773105287300       0.88211044097322011     
  0.55789567666291884       0.86644280665794748     
  0.56017287950942463       0.84998316224456660     
  0.56245937737831742       0.83277948544134728     
  0.56475520820975744       0.81488059105657040     
  0.56706041009876806       0.79633598374765668     
  0.56937502129586803       0.77719571397078691     
  0.57169908020770599       0.75751023742192636     
  0.57403262539769728       0.73733027823538544     
  0.57637569558666502       0.71670669618163818     
  0.57872832965348131       0.69569035808234569     
  0.58109056663571335       0.67433201363702822     
  0.58346244573027040       0.65268217583319288     
  0.58584400629405475       0.63079100608950223     
  0.58823528784461476       0.60870820426013217     
  0.59063633006079996       0.58648290360773281     
  0.59304717278342045       0.56416357083233182     
  0.59546785601590702       0.54179791122435494     
  0.59789841992497528       0.51943277899147755     
  0.60033890484129260       0.49711409279130070     
  0.60278935126014666       0.47488675648520517     
  0.60524979984211758       0.45279458511258208     
  0.60772029141375294       0.43088023606963866     
  0.61020086696824494       0.40918514546263984     
  0.61269156766611022       0.38774946959197432     
  0.61519243483587394       0.36661203151092314     
  0.61770350997475421       0.34581027259115160     
  0.62022483474935197       0.32538020901600273     
  0.62275645099634114       0.30535639311269624     
  0.62529840072316345       0.28577187942492255     
  0.62785072610872605       0.26665819541908597     
  0.63041346950409982       0.24804531670949170     
  0.63298667343322390       0.22996164668073293     
  0.63557038059361004       0.21243400037940019     
  0.63816463385705124       0.19548759254143622     
  0.64076947627033398       0.17914602961671622     
  0.64338495105595150       0.16343130564808106     
  0.64601110161282127       0.14836380185851028     
  0.64864797151700582       0.13396228979704394     
  0.65129560452243462       0.12024393789176246     
  0.65395404456163087       0.10722432125610515     
  0.65662333574644061        9.4917434593665639E-002
  0.65930352236876377        8.3335708045684354E-002
  0.66199464890129045        7.2490025825077575E-002
  0.66469675999823752        6.2389747481101043E-002
  0.66740990049609028        5.3042731639146523E-002
  0.67013411541434675        4.4455362061184722E-002
  0.67286944995626363        3.6632575873697837E-002
  0.67561594950960757        2.9577893811555289E-002
  0.67837365964740748        2.3293452328355224E-002
  0.68114262612871068        1.7780037425985995E-002
  0.68392289489934310        1.3037120058789431E-002
  0.68671451209267076        9.0628929704994476E-003
  0.68951752403036504        5.8543088252003272E-003
  0.69233197722317286        3.4071194968305907E-003
  0.69515791837168661        1.7159163851999670E-003
  0.69799539436711988        7.7417163011306300E-004
  0.70084445229208592        5.7428009898230492E-004
  0.70370513942137802        1.1076020271829634E-003
  0.70657750322275481        2.3645061944630452E-003
  0.70946159135772713        4.3344135247737059E-003
  0.71235745168234910        7.0058410011047956E-003
  0.71526513224801314        1.0366445791140988E-002
  0.71818468130224533        1.4403069483834630E-002
  0.72111614728950835        1.9101782341324869E-002
  0.72405957885200312        2.4447927474950837E-002
  0.72701502483047720        3.0426164858475380E-002
  0.72998253426503557        3.7020515095927298E-002
  0.73296215639595286        4.4214402865841884E-002
  0.73595394066449149        5.1990699967902065E-002
  0.73895793671372234        6.0331767902297329E-002
  0.74197419438934753        6.9219499916257199E-002
  0.74500276374052765        7.8635362456391245E-002
  0.74804369502071344        8.8560435969567974E-002
  0.75109703868847777        9.8975454999004286E-002
  0.75416284540835488       0.10986084752625791     
  0.75724116605167924       0.12119677351358327     
  0.76033205169743068       0.13296316260492036     
  0.76343555363308235       0.14513975094746034     
  0.76655172335545019       0.15770611709921567     
  0.76968061257154952       0.17064171699163111     
  0.77282227319945096       0.18392591791949486     
  0.77597675736914307       0.19753803153376592     
  0.77914411742339751       0.21145734581602948     
  0.78232440591863694       0.22566315601635611     
  0.78551767562580699       0.24013479453922493     
  0.78872397953125306       0.25485165976508051     
  0.79194337083759792       0.26979324379762715     
  0.79517590296462559       0.28493915912974566     
  0.79842162955016782       0.30026916422322225     
  0.80168060445099321       0.31576318799991498     
  0.80495288174370172       0.33140135324425457     
  0.80823851572562166       0.34716399891900429     
  0.81153756091571005       0.36303170139833862     
  0.81485007205545901       0.37898529462415553     
  0.81817610410980179       0.39500588919330948     
  0.82151571226802678       0.41107489038523326     
  0.82486895194469190       0.42717401514093578     
  0.82823587878054472       0.44328530800586352     
  0.83161654864344625       0.45939115605056879     
  0.83501101762929653       0.47547430278428149     
  0.83841934206296653       0.49151786107785522     
  0.84184157849923302       0.50750532511349578     
  0.84527778372371576       0.52342058137978675     
  0.84872801475382054       0.53924791873143896     
  0.85219232883968588       0.55497203753400659     
  0.85567078346513115       0.57057805791455118     
  0.85916343634861292       0.58605152714000686     
  0.86267034544418009       0.60137842614544412     
  0.86619156894243732       0.61654517523512520     
  0.86972716527151039       0.63153863897957119     
  0.87327719309801433       0.64634613033229249     
  0.87684171132802924       0.66095541399018765     
  0.88042077910807537       0.67535470902181371     
  0.88401445582609561       0.68953269078796953     
  0.88762280111244185       0.70347849217917546     
  0.89124587484086226       0.71718170419470972     
  0.89488373712949654       0.73063237588787699     
  0.89853644834187318       0.74382101370224518     
  0.90220406908791040       0.75673858022342388     
  0.90588666022492215       0.76937649237096362     
  0.90958428285862880       0.78172661905472851     
  0.91329699834416944       0.79378127831995415     
  0.91702486828712149       0.80553323400500232     
  0.92076795454452198       0.81697569193551167     
  0.92452631922589401       0.82810229567843674     
  0.92830002469427830       0.83890712187910821     
  0.93208913356726641       0.84938467520410732     
  0.93589370871804145       0.85952988291243704     
  0.93971381327641990       0.86933808907701760     
  0.94354951062989978       0.87880504847817664     
  0.94740086442471305       0.88792692019036468     
  0.95126793856688030       0.89670026088288945     
  0.95515079722327212       0.90512201785498025     
  0.95904950482267404       0.91318952182508906     
  0.96296412605685466       0.92090047949373954     
  0.96689472588163972       0.92825296589889461     
  0.97084136951799027       0.93524541658215132     
  0.97480412245308368       0.94187661958369284     
  0.97878305044140190       0.94814570728333303     
  0.98277821950582100       0.95405214810449890     
  0.98678969593870736       0.95959573809748921     
  0.99081754630301844       0.96477659241777269     
  0.99486183743340539       0.96959513671461017     
  0.99892263643732426       0.97405209844474261     
   1.0030000106961476       0.97814849812534943     
   1.0070940278662834       0.98188564053996774     
   1.0112047558802988       0.98526510591054539     
   1.0153322629480441       0.98828874104826414     
   1.0194766175577885       0.99095865049528320     
   1.0236378884773538       0.99327718766901107     
   1.0278161447552574       0.99524694602003561     
   1.0320114557218547       0.99687075021433313     
   1.0362238909904942       0.99815164734988804     
   1.0404535204586696       0.99909289821736880     
   1.0447004143091787       0.99969796861403348     
   1.0489646430112913       0.99997052071957016     
   1.0532462773219167       0.99991440454211311     
   1.0575453882867758       0.99953364944223233     
   1.0618620472415838       0.99883245574224622     
   1.0661963258132321       0.99781518642778000     
   1.0705482959209747       0.99648635894807136     
   1.0749180297776255       0.99485063712110455     
   1.0793055998907541       0.99291282314926654     
   1.0837110790638902       0.99067784975081241     
   1.0881345403977287       0.98815077241205973     
   1.0925760572913470       0.98533676176484830     
   1.0970357034434204       0.98224109609345411     
   1.1015135528534441       0.97886915397479191     
   1.1060096798229635       0.97522640705539620     
   1.1105241589568067       0.97131841296835408     
   1.1150570651643195       0.96715080839304790     
   1.1196084736606120       0.96272930226023545     
   1.1241784599678060       0.95805966910473561     
   1.1287670999162849       0.95314774256767998     
   1.1333744696459565       0.94799940905000890     
   1.1380006456075142       0.94262060151865956     
   1.1426457045637044       0.93701729346660323     
   1.1473097235906025       0.93119549302766336     
   1.1519927800788912       0.92516123724681620     
   1.1566949517351428       0.91892058650644970     
   1.1614163165831117       0.91247961910881537     
   1.1661569529650266       0.90584442601476356     
   1.1709169395428922       0.89902110573858784     
   1.1756963552997917       0.89201575939868161     
   1.1804952795412009       0.88483448592347003     
   1.1853137918963028       0.87748337741198645     
   1.1901519723193061       0.86996851464823510     
   1.1950099010907769       0.86229596276835974     
   1.1998876588189678       0.85447176707952521     
   1.2047853264411541       0.84650194902922227     
   1.2097029852249803       0.83839250232362805     
   1.2146407167698074       0.83014938919352288     
   1.2195986030080641       0.82177853680615887     
   1.2245767262066105       0.81328583382133057     
   1.2295751689681005       0.80467712708988137     
   1.2345940142323542       0.79595821849271808     
   1.2396333452777308       0.78713486191833759     
   1.2446932457225151       0.77821276037683318     
   1.2497737995263021       0.76919756324821231     
   1.2548750909913893       0.76009486366286960     
   1.2599972047641785       0.75091019601190923     
   1.2651402258365791       0.74164903358504342     
   1.2703042395474162       0.73231678633369968     
   1.2754893315838498       0.72291879875692988     
   1.2806955879827961       0.71346034790767399     
   1.2859230951323521       0.70394664151694053     
   1.2911719397732333       0.69438281623336051     
   1.2964422090002106       0.68477393597562120     
   1.3017339902635547       0.67512499039522411     
   1.3070473713704895       0.66544089344701185     
   1.3123824404866489       0.65572648206488449     
   1.3177392861375357       0.64598651494014292     
   1.3231179972099965       0.63622567139983999     
   1.3285186629536925       0.62644855038261527     
   1.3339413729825829       0.61665966950935380     
   1.3393862172764077       0.60686346424616433     
   1.3448532861821869       0.59706428715703730     
   1.3503426704157151       0.58726640724368906     
   1.3558544610630672       0.57747400936998894     
   1.3613887495821120       0.56769119376847144     
   1.3669456278040288       0.55792197562641055     
   1.3725251879348284       0.54817028474896956     
   1.3781275225568879       0.53843996529692317     
   1.3837527246304846       0.52873477559655702     
   1.3894008874953359       0.51905838801928206     
   1.3950721048721533       0.50941438892857871     
   1.4007664708641934       0.49980627869190963     
   1.4064840799588225       0.49023747175527077     
   1.4122250270290799       0.48071129677806312     
   1.4179894073352572       0.47123099682602176     
   1.4237773165264773       0.46179972961996130     
   1.4295888506422783       0.45242056783815099     
   1.4354241061142121       0.44309649947012997     
   1.4412831797674421       0.43383042821983497     
   1.4471661688223481       0.42462517395598598     
   1.4530731708961429       0.41548347320761680     
   1.4590042840044910       0.40640797970277753     
   1.4649596065631323       0.39740126494842554     
   1.4709392373895191       0.38846581884955156     
   1.4769432757044543       0.37960405036566014     
   1.4829718211337348       0.37081828820275131     
   1.4890249737098105       0.36211078153895770     
   1.4951028338734396       0.35348370078210456     
   1.5012055024753554       0.34493913835743450     
   1.5073330807779428       0.33647910952378846     
   1.5134856704569155       0.32810555321662771     
   1.5196633736030056       0.31982033291624268     
   1.5258662927236537       0.31162523753962801     
   1.5320945307447145       0.30352198235442718     
   1.5383481910121630       0.29551220991352267     
   1.5446273772938062       0.28759749100877852     
   1.5509321937810101       0.27977932564253372     
   1.5572627450904259       0.27205914401548459     
   1.5636191362657244       0.26443830752962993     
   1.5700014727793419       0.25691810980495189     
   1.5764098605342303       0.24949977770862797     
   1.5828444058656099       0.24218447239552077     
   1.5893052155427401       0.23497329035878389     
   1.5957923967706868       0.22786726448944195     
   1.6023060571921037       0.22086736514383665     
   1.6088463048890147       0.21397450121787964     
   1.6154132483846122       0.20718952122707113     
   1.6220069966450557       0.20051321439129477     
   1.6286276590812767       0.19394631172342791     
   1.6352753455508005       0.18748948712083269     
   1.6419501663595648       0.18114335845884078     
   1.6486522322637496       0.17490848868538145     
   1.6553816544716176       0.16878538691589628     
   1.6621385446453594       0.16277450952777184     
   1.6689230149029417       0.15687626125352117     
   1.6757351778199741       0.15109099627196620     
   1.6825751464315746       0.14541901929672740     
   1.6894430342342412       0.13986058666135215     
   1.6963389551877424       0.13441590740042186     
   1.7032630237170037       0.12908514432603246     
   1.7102153547140044       0.12386841509904889     
   1.7171960635396897       0.11876579329459136     
   1.7242052660258809       0.11377730946117182     
   1.7312430784771990       0.10890295217303048     
   1.7383096176729915       0.10414266907514103     
   1.7454050008692747        9.9496367920439810E-002
   1.7525293458006783        9.4963917598843817E-002
   1.7596827706823941        9.0545149157636784E-002
   1.7668653942121444        8.6239856812837079E-002
   1.7740773355721486        8.2047798951179862E-002
   1.7813187144310982        7.7968699122360707E-002
   1.7885896509461472        7.4002247021210055E-002
   1.7958902657649043        7.0148099459506064E-002
   1.8032206800274309        6.6405881327130989E-002
   1.8105810153682576        6.2775186542294414E-002
   1.8179713939183981        5.9255578990588309E-002
   1.8253919383073787        5.5846593452639093E-002
   1.8328427716652678        5.2547736520138000E-002
   1.8403240176247260        4.9358487500051562E-002
   1.8478358003230537        4.6278299306846460E-002
   1.8553782444042495        4.3306599342548102E-002
   1.8629514750210820        4.0442790364478842E-002
   1.8705556178371661        3.7686251340574572E-002
   1.8781907990290427        3.5036338292115388E-002
   1.8858571452882809        3.2492385123795375E-002
   1.8935547838235744        3.0053704441026396E-002
   1.9012838423628520        2.7719588354398583E-002
   1.9090444491554013        2.5489309271222615E-002
   1.9168367329739937        2.3362120674113029E-002
   1.9246608231170197        2.1337257886555161E-002
   1.9325168494106386        1.9413938825422195E-002
   1.9404049422109304        1.7591364740430437E-002
   1.9483252324060565        1.5868720940510062E-002
   1.9562778514184365        1.4245177507092421E-002
   1.9642629312069249        1.2719889994321054E-002
   1.9722806042690040        1.1292000116201906E-002
   1.9803310036429771        9.9606364207156517E-003
   1.9884142629101824        8.7249149509240898E-003
   1.9965305161972071        7.5839398931171198E-003
   2.0046798981781091        6.5368042120337311E-003
   2.0128625440766581        5.5825902732377086E-003
   2.0210785896685763        4.7203704526792567E-003
   2.0293281712837890        3.9492077335301357E-003
   2.0376114258086915        3.2681562903639216E-003
   2.0459284906884188        2.6762620607659882E-003
   2.0542795039291217        2.1725633044431536E-003
   2.0626646041002639        1.7560911499399090E-003
   2.0710839303369175        1.4258701290541520E-003
   2.0795376223420732        1.1809186990487941E-003
   2.0880258203889532        1.0202497527709298E-003
   2.0965486653233478        9.4287111678137414E-004
   2.1051062985659468        9.4778603761647151E-004
   2.1136988621146831        1.0339936562895335E-003
   2.1223264985470975        1.2004894711598046E-003
   2.1309893510226989        1.4462657892938546E-003
   2.1396875632853374        1.7703121664385257E-003
   2.1484212796655959        2.1716158357435456E-003
   2.1571906450831819        2.6491621253597053E-003
   2.1659958050493291        3.2019348650503821E-003
   2.1748369056692178        3.8289167819555159E-003
   2.1837140936443968        4.5290898856354955E-003
   2.1926275162752127        5.3014358425551578E-003
   2.2015773214632635        6.1449363401305801E-003
   2.2105636577138457        7.0585734404905454E-003
   2.2195866741384194        8.0413299241012259E-003
   2.2286465204570853        9.0921896233902011E-003
   2.2377433470010675        1.0210137746529124E-002
   2.2468773047152077        1.1394161191512708E-002
   2.2560485451604677        1.2643248850681910E-002
   2.2652572205164492        1.3956391905851184E-002
   2.2745034835839171        1.5332584114181147E-002
   2.2837874877873303        1.6770822084942405E-002
   2.2931093871773944        1.8270105547331328E-002
   2.3024693364336155        1.9829437609479861E-002
   2.3118674908668622        2.1447825008811483E-002
   2.3213040064219506        2.3124278353888528E-002
   2.3307790396802273        2.4857812357920839E-002
   2.3402927478621649        2.6647446064046565E-002
   2.3498452888299783        2.8492203062569499E-002
   2.3594368210902377        3.0391111700296292E-002
   2.3690675037965030        3.2343205282090115E-002
   2.3787374967519588        3.4347522264829622E-002
   2.3884469604120731        3.6403106443897659E-002
   2.3981960558872570        3.8509007132338291E-002
   2.4079849449455333        4.0664279332847664E-002
   2.4178137900152290        4.2867983902723394E-002
   2.4276827541876669        4.5119187711929576E-002
   2.4375920012198664        4.7416963794399525E-002
   2.4475416955372706        4.9760391492745248E-002
   2.4575320022364697        5.2148556596485651E-002
   2.4675630870879357        5.4580551473939254E-002
   2.4776351165387829        5.7055475197938299E-002
   2.4877482577155234        5.9572433665460833E-002
   2.4979026784268394        6.2130539711349853E-002
   2.5080985471663721        6.4728913216237749E-002
   2.5183360331155162        6.7366681208803292E-002
   2.5286153061462220        7.0042977962497255E-002
   2.5389365368238228        7.2756945086873248E-002
   2.5492998964098588        7.5507731613624229E-002
   2.5597055568649218        7.8294494077477905E-002
   2.5701536908515048        8.1116396592066264E-002
   2.5806444717368717        8.3972610920874824E-002
   2.5911780735959340        8.6862316543426243E-002
   2.6017546712141315        8.9784700716776245E-002
   2.6123744400903441        9.2738958532479265E-002
   2.6230375564397970        9.5724292969103453E-002
   2.6337441971969815        9.8739914940439322E-002
   2.6444945400185995       0.10178504333949390     
   2.6552887632865070       0.10485890507839624     
   2.6661270461106703       0.10796073512430193     
   2.6770095683321458       0.11108977653143692     
   2.6879365105260575       0.11424528046934901     
   2.6989080540045989       0.11742650624750539     
   2.7099243808200328       0.12063272133631031     
   2.7209856737677236       0.12386320138466778     
   2.7320921163891634       0.12711723023416710     
   2.7432438929750149       0.13039409993000661     
   2.7544411885681774       0.13369311072873591     
   2.7656841889668535       0.13701357110292756     
   2.7769730807276272       0.14035479774285209     
   2.7883080511685678       0.14371611555526631     
   2.7996892883723348       0.14709685765938563     
   2.8111169811892935       0.15049636538013689     
   2.8225913192406575       0.15391398823879099     
   2.8341124929216317       0.15734908394102831     
   2.8456806934045655       0.16080101836254901     
   2.8572961126421350       0.16426916553229509     
   2.8689589433705232       0.16775290761336870     
   2.8806693791126143       0.17125163488171469     
   2.8924276141812122       0.17476474570266676     
   2.9042338436822610       0.17829164650540130     
   2.9160882635180831       0.18183175175540456     
   2.9279910703906258       0.18538448392499196     
   2.9399424618047334       0.18894927346198331     
   2.9519426360714194       0.19252555875657662     
   2.9639917923111532       0.19611278610649996     
   2.9760901304571732       0.19971040968050857     
   2.9882378512587997       0.20331789148028567     
   3.0004351562847607       0.20693470130081570     
   3.0126822479265480       0.21056031668928754     
   3.0249793294017673       0.21419422290259071     
   3.0373266047575087       0.21783591286346460     
   3.0497242788737404       0.22148488711535319     
   3.0621725574667020       0.22514065377602932     
   3.0746716470923223       0.22880272849003980     
   3.0872217551496384       0.23247063438002047     
   3.0998230898842483       0.23614390199694157     
   3.1124758603917613       0.23982206926933491     
   3.1251802766212617       0.24350468145153792     
   3.1379365493788032       0.24719129107103111     
   3.1507448903309023       0.25088145787488869     
   3.1636055120080444       0.25457474877540265     
   3.1765186278082207       0.25827073779492393     
   3.1894844520004644       0.26196900600997020     
   3.2025031997284015       0.26566914149462606     
   3.2155750870138298       0.26937073926329769     
   3.2287003307602982       0.27307340121285428     
   3.2418791487567020       0.27677673606418574     
   3.2551117596809069       0.28048035930323978     
   3.2683983831033703       0.28418389312154824     
   3.2817392394907818       0.28788696635630173     
   3.2951345502097307       0.29158921442999430     
   3.3085845375303724       0.29529027928968055     
   3.3220894246301196       0.29898980934586949     
   3.3356494355973410       0.30268745941110631     
   3.3492647954350852       0.30638289063824564     
   3.3629357300648142       0.31007577045848267     
   3.3766624663301439       0.31376577251912752     
   3.3904452320006189       0.31745257662120729     
   3.4042842557754875       0.32113586865686883     
   3.4181797672874907       0.32481534054664518     
   3.4321319971066844       0.32849069017660337     
   3.4461411767442565       0.33216162133539440     
   3.4602075386563675       0.33582784365123330     
   3.4743313162480152       0.33948907252883764     
   3.4885127438769019       0.34314502908633637     
   3.5027520568573265       0.34679544009219077     
   3.5170494914640815       0.35044003790212686     
   3.5314052849363842       0.35407856039612007     
   3.5458196754818094       0.35771075091543769     
   3.5602929022802345       0.36133635819977106     
   3.5748252054878202       0.36495513632446475     
   3.5894168262409902       0.36856684463787570     
   3.6040680066604258       0.37217124769886345     
   3.6187789898550959       0.37576811521444398     
   3.6335500199262847       0.37935722197761312     
   3.6483813419716364       0.38293834780535885     
   3.6632732020892336       0.38651127747688108     
   3.6782258473816740       0.39007580067202940     
   3.6932395259601685       0.39363171190997404     
   3.7083144869486642       0.39717881048812675     
   3.7234509804879772       0.40071690042132035     
   3.7386492577399353       0.40424579038125807     
   3.7539095708915569       0.40776529363625869     
   3.7692321731592284       0.41127522799128813     
   3.7846173187929102       0.41477541572830345     
   3.8000652630803460       0.41826568354691818     
   3.8155762623513128       0.42174586250538970     
   3.8311505739818670       0.42521578796195647     
   3.8467884563986092       0.42867529951651095     
   3.8624901690829847       0.43212424095263813     
   3.8782559725755825       0.43556246018001732     
   3.8940861284804527       0.43898980917719488     
   3.9099808994694594       0.44240614393474353     
   3.9259405492866346       0.44581132439880367     
   3.9419653427525452       0.44920521441502592     
   3.9580555457687030       0.45258768167290964     
   3.9742114253219660       0.45595859765055657     
   3.9904332494889743       0.45931783755983213     
   4.0067212874405893       0.46266528029194554     
   4.0230758094463717       0.46600080836346491     
   4.0394970868790629       0.46932430786274670     
   4.0559853922190783       0.47263566839680637     
   4.0725409990590427       0.47593478303863146     
   4.0891641821083224       0.47922154827492947     
   4.1058552171975808       0.48249586395432109     
   4.1226143812833644       0.48575763323598908     
   4.1394419524526915       0.48900676253877262     
   4.1563382099276636       0.49224316149071901     
   4.1733034340701094       0.49546674287909265     
   4.1903379063862296       0.49867742260084569     
   4.2074419095312638       0.50187511961354492     
   4.2246157273141920       0.50505975588676599     
   4.2418596447024361       0.50823125635395761     
   4.2591739478265858       0.51138954886476062     
   4.2765589239851547       0.51453456413781762     
   4.2940148616493437       0.51766623571398807     
   4.3115420504678283       0.52078449991014930     
   4.3291407812715565       0.52388929577335286     
   4.3468113460785895       0.52698056503551127     
   4.3645540380989400       0.53005825206853885     
   4.3823691517394279       0.53312230383996817     
   4.4002569826085844       0.53617266986903567     
   4.4182178275215458       0.53920930218323959     
   4.4362519845049730       0.54223215527536306     
   4.4543597528020111       0.54524118606097305     
   4.4725414328772475       0.54823635383638658     
   4.4907973264216903       0.55121762023709819     
   4.5091277363577875       0.55418494919668615     
   4.5275329668444471       0.55713830690617716     
   4.5460133232820850       0.56007766177387452     
   4.5645691123176864       0.56300298438565299     
   4.5832006418499045       0.56591424746571706     
   4.6019082210341660       0.56881142583781519     
   4.6206921602877928       0.57169449638691405     
   4.6395527712951647       0.57456343802133014     
   4.6584903670128890       0.57741823163531669     
   4.6775052616749795       0.58025886007210081     
   4.6965977707980926       0.58308530808737769     
   4.7157682111867478       0.58589756231324053     
   4.7350169009385850       0.58869561122257441     
   4.7543441594496505       0.59147944509387707     
   4.7737503074196939       0.59424905597653477     
   4.7932356668574805       0.59700443765652622     
   4.8128005610861475       0.59974558562257119     
   4.8324453147485658       0.60247249703271044     
   4.8521702538127149       0.60518517068131228     
   4.8719757055771122       0.60788360696651433     
   4.8918619986762248       0.61056780785809051     
   4.9118294630859394       0.61323777686573222     
   4.9318784301290162       0.61589351900775857     
   4.9520092324806102       0.61853504078024302     
   4.9722222041737796       0.62116235012654686     
   4.9925176806050207       0.62377545640726861     
   5.0128959985398502       0.62637437037060417     
   5.0333574961183860       0.62895910412310374     
   5.0539025128609465       0.63152967110083669     
   5.0745313896737043       0.63408608604095007     
   5.0952444688543324       0.63662836495362995     
   5.1160420940976774       0.63915652509444065     
   5.1369246105014765       0.64167058493707096     
   5.1578923645720769       0.64417056414644525     
   5.1789457042301867       0.64665648355223715     
   5.2000849788166388       0.64912836512274308     
   5.2213105390982024       0.65158623193914389     
   5.2426227372734004       0.65403010817013341     
   5.2640219269783390       0.65646001904691542     
   5.2855084632925946       0.65887599083856507     
   5.3070827027450962       0.66127805082775581     
   5.3287450033200381       0.66366622728683833     
   5.3504957244628288       0.66604054945427948     
   5.3723352270860527       0.66840104751145035     
   5.3942638735754480       0.67074775255976093     
   5.4162820277959387       0.67308069659814485     
   5.4383900550976607       0.67539991250087561     
   5.4605883223220175       0.67770543399572658     
   5.4828771978077846       0.67999729564246902     
   5.5052570513972130       0.68227553281168851     
   5.5277282544421542       0.68454018166393960     
   5.5502911798102446       0.68679127912922056     
   5.5729462018910780       0.68902886288676624     
   5.5956936966024218       0.69125297134515917     
   5.6185340413964466       0.69346364362275481     
   5.6414676152660075       0.69566091952841713     
   5.6644947987509173       0.69784483954255838     
   5.6876159739442613       0.70001544479848410     
   5.7108315244987482       0.70217277706403514     
   5.7341418356330687       0.70431687872353055     
   5.7575472941382806       0.70644779275999880     
   5.7810482883842447       0.70856556273770077     
   5.8046452083260549       0.71067023278493990     
   5.8283384455105089       0.71276184757715189     
   5.8521283930826149       0.71484045232027804     
   5.8760154457921070       0.71690609273441175     
