  0.10000000000000001       0.30345711843790296     
  0.10040817718110437       0.27224078383115685     
  0.10081802044832047       0.24379417121316790     
  0.10122953660223166       0.21996129710097251     
  0.10164273247117964       0.20221836326883491     
  0.10205761491137796       0.19158333720367671     
  0.10247419080702558       0.18856089806817752     
  0.10289246707042120       0.19312483564336788     
  0.10331245064207799       0.20473729586263231     
  0.10373414849083867       0.22240178517368014     
  0.10415756761399117       0.24474473251345105     
  0.10458271503738485       0.27011878016789914     
  0.10500959781554686       0.29671990887045979     
  0.10543822303179938       0.32271002991304870     
  0.10586859779837712       0.34633678722094774     
  0.10630072925654524       0.36604295669685383     
  0.10673462457671801       0.38055892856785034     
  0.10717029095857759       0.38897320734332924     
  0.10760773563119364       0.39077754497355666     
  0.10804696585314330       0.38588511180861884     
  0.10848798891263144       0.37462188569761556     
  0.10893081212761184       0.35769309106955172     
  0.10937544284590843       0.33612795265184714     
  0.10982188844533726       0.31120716924231467     
  0.11027015633382903       0.28437831217357940     
  0.11072025394955184       0.25716478623961686     
  0.11117218876103470       0.23107405765185854     
  0.11162596826729153       0.20751057607093837     
  0.11208159999794542       0.18769823694631216     
  0.11253909151335369       0.17261640222904523     
  0.11299845040473337       0.16295248822959466     
  0.11345968429428700       0.15907301066819138     
  0.11392280083532935       0.16101382128027605     
  0.11438780771241415       0.16848914662498526     
  0.11485471264146174       0.18091800969395122     
  0.11532352336988719       0.19746573004476553     
  0.11579424767672861       0.21709749774664006     
  0.11626689337277650       0.23864052624614579     
  0.11674146830070313       0.26085102141495264     
  0.11721798033519278       0.28248215736264337     
  0.11769643738307244       0.30234941087149880     
  0.11817684738344295       0.31938995203398868     
  0.11865921830781066       0.33271328721994459     
  0.11914355816021997       0.34164096452713222     
  0.11962987497738581       0.34573384081882164     
  0.12011817682882717       0.34480613199331661     
  0.12060847181700105       0.33892618441463152     
  0.12110076807743671       0.32840457906458986     
  0.12159507377887094       0.31377077961557986     
  0.12209139712338332       0.29574003617982936     
  0.12258974634653247       0.27517263987827295     
  0.12309012971749274       0.25302787883094852     
  0.12359255553919130       0.23031517018743156     
  0.12409703214844603       0.20804483867786622     
  0.12460356791610375       0.18718088921710879     
  0.12511217124717913       0.16859789375493017     
  0.12562285058099434       0.15304379918591837     
  0.12613561439131882       0.14111008476652759     
  0.12665047118650996       0.13321027663747870     
  0.12716742950965446       0.12956738646869381     
  0.12768649793870987       0.13021040282295548     
  0.12820768508664696       0.13497954764507528     
  0.12873099960159279       0.14353963379037799     
  0.12925645016697404       0.15540053697664100     
  0.12978404550166117       0.16994353766176229     
  0.13031379436011306       0.18645210203210003     
  0.13084570553252231       0.20414555969180878     
  0.13137978784496107       0.22221409834891742     
  0.13191605015952751       0.23985352912198149     
  0.13245450137449291       0.25629837355212454     
  0.13299515042444918       0.27085197622380713     
  0.13353800628045717       0.28291254459439846     
  0.13408307795019572       0.29199424862479517     
  0.13463037447811083       0.29774276500088970     
  0.13517990494556581       0.29994491210191238     
  0.13573167847099218       0.29853228093130824     
  0.13628570421004074       0.29357901350186122     
  0.13684199135573349       0.28529410453337140     
  0.13740054913861643       0.27400879726843919     
  0.13796138682691236       0.26015980401735561     
  0.13852451372667493       0.24426920285282860     
  0.13908993918194296       0.22692194170168239     
  0.13965767257489561       0.20874191972213046     
  0.14022772332600780       0.19036761475160413     
  0.14080010089420669       0.17242818764541412     
  0.14137481477702879       0.15552092359098835     
  0.14195187451077720       0.14019077200910668     
  0.14253128967068007       0.12691262614234650     
  0.14311306987104958       0.11607684697125323     
  0.14369722476544117       0.10797838990261480     
  0.14428376404681392       0.10280974283030220     
  0.14487269744769149       0.10065773642283352     
  0.14546403474032335       0.10150414705972347     
  0.14605778573684705       0.10522988425982378     
  0.14665396028945119       0.11162244147105990     
  0.14725256829053859       0.12038619461666171     
  0.14785361967289068       0.13115505882364503     
  0.14845712440983222       0.14350696141443633     
  0.14906309251539690       0.15697955879212883     
  0.14967153404449324       0.17108661577663667     
  0.15028245909307170       0.18533447703463732     
  0.15089587779829214       0.19923808967335610     
  0.15151180033869191       0.21233608153553463     
  0.15213023693435482       0.22420445857520888     
  0.15275119784708088       0.23446855400517164     
  0.15337469338055626       0.24281293865917136     
  0.15400073388052446       0.24898908316852314     
  0.15462932973495802       0.25282064516998931     
  0.15526049137423079       0.25420633608012350     
  0.15589422927129087       0.25312039948918019     
  0.15653055394183482       0.24961080476333786     
  0.15716947594448166       0.24379532317723135     
  0.15781100588094832       0.23585570840042869     
  0.15845515439622559       0.22603024740493188     
  0.15910193217875471       0.21460498122053781     
  0.15975134996060453       0.20190391720225048     
  0.16040341851764989       0.18827856571116175     
  0.16105814866975027       0.17409713479629566     
  0.16171555128092935       0.15973370733318287     
  0.16237563725955523       0.14555770709730631     
  0.16303841755852153       0.13192393458638405     
  0.16370390317542910       0.11916342135142965     
  0.16437210515276834       0.10757531453572093     
  0.16504303457810285        9.7419962673794283E-002
  0.16571670258425286        8.8913330982898775E-002
  0.16639312034948034        8.2222830751804477E-002
  0.16707229909767446        7.7464604277793420E-002
  0.16775425009853762        7.4702265288919406E-002
  0.16843898466777257        7.3947055945014203E-002
  0.16912651416727026        7.5159346211311595E-002
  0.16981685000529834        7.8251370350479993E-002
  0.17051000363669019        8.3091069016985750E-002
  0.17120598656303537        8.9506884324219813E-002
  0.17190481033287031        9.7293339483725289E-002
  0.17260648654186983       0.10621722422203408     
  0.17331102683303970       0.11602420205281129     
  0.17401844289690985       0.12644565537726185     
  0.17472874647172817       0.13720558894875262     
  0.17544194934365545       0.14802742101789432     
  0.17615806334696094       0.15864050394797652     
  0.17687710036421864       0.16878623167915985     
  0.17759907232650440       0.17822360951060839     
  0.17832399121359424       0.18673418163432495     
  0.17905186905416270       0.19412623306666599     
  0.17978271792598266       0.20023820447474650     
  0.18051654995612570       0.20494128030834824     
  0.18125337732116351       0.20814113209042859     
  0.18199321224736950       0.20977881921081809     
  0.18273606701092207       0.20983086868894302     
  0.18348195393810826       0.20830857276882445     
  0.18423088540552804       0.20525655859872100     
  0.18498287384029991       0.20075069741392637     
  0.18573793172026712       0.19489543143896970     
  0.18649607157420448       0.18782060507642317     
  0.18725730598202642       0.17967789283798866     
  0.18802164757499584       0.17063691994216998     
  0.18878910903593346       0.16088117264629967     
  0.18955970309942835       0.15060379433912041     
  0.19033344255204943       0.14000336037211791     
  0.19111034023255730       0.12927971976300567     
  0.19189040903211749       0.11862998549639447     
  0.19267366189451438       0.10824474742439179     
  0.19346011181636599        9.8304572992555239E-002
  0.19424977184733941        8.8976851446113434E-002
  0.19504265509036750        8.0413027065965606E-002
  0.19583877470186650        7.2746256593673064E-002
  0.19663814389195391        6.6089515565662671E-002
  0.19744077592466802        6.0534168008269607E-002
  0.19824668411818794        5.6149004045417242E-002
  0.19905588184505443        5.2979740614699677E-002
  0.19986838253239200        5.1048971825952381E-002
  0.20068419966213161        5.0356547653045855E-002
  0.20150334677123438        5.0880352722862163E-002
  0.20232583745191612        5.2577451026650131E-002
  0.20315168535187320        5.5385557474703334E-002
  0.20398090417450848        5.9224793367376086E-002
  0.20481350767915915        6.3999680063307807E-002
  0.20564950968132489        6.9601323367910736E-002
  0.20648892405289709        7.5909740401735107E-002
  0.20733176472238896        8.2796280883122728E-002
  0.20817804567516671        9.0126095802751161E-002
  0.20902778095368180        9.7760608298130353E-002
  0.20988098465770355       0.10555994406423673     
  0.21073767094455342       0.11338528176626880     
  0.21159785402933992       0.12110108755232465     
  0.21246154818519422       0.12857720179629900     
  0.21332876774350720       0.13569075053363866     
  0.21419952709416737       0.14232785858625144     
  0.21507384068579924       0.14838514601340375     
  0.21595172302600341       0.15377099418355092     
  0.21683318868159726       0.15840657235540714     
  0.21771825227885655       0.16222662011002537     
  0.21860692850375804       0.16517998522270044     
  0.21949923210222347       0.16722992054604721     
  0.22039517788036408       0.16835414714505814     
  0.22129478070472614       0.16854469424159299     
  0.22219805550253774       0.16780752945911617     
  0.22310501726195672       0.16616199538723322     
  0.22401568103231900       0.16364007059638219     
  0.22493006192438844       0.16028547492119913     
  0.22584817511060773       0.15615264009888452     
  0.22677003582534988       0.15130556770581000     
  0.22769565936517111       0.14581659679672365     
  0.22862506108906488       0.13976510373709000     
  0.22955825641871638       0.13323615645533660     
  0.23049526083875860       0.12631914475688422     
  0.23143608989702943       0.11910640746769716     
  0.23238075920482931       0.11169187604550584     
  0.23332928443718048       0.10416975294715793     
  0.23428168133308711        9.6633241506906276E-002
  0.23523796569579644        8.9173342398867553E-002
  0.23619815339306083        8.1877729963101054E-002
  0.23716226035740115        7.4829719803384209E-002
  0.23813030258637141        6.8107337148894595E-002
  0.23910229614282377        6.1782493543006106E-002
  0.24007825715517533        5.5920277509138056E-002
  0.24105820181767584        5.0578362972900442E-002
  0.24204214639067612        4.5806537415246928E-002
  0.24303010720089804        4.1646350014353614E-002
  0.24402210064170560        3.8130878422434691E-002
  0.24501814317337661        3.5284611333067505E-002
  0.24601825132337590        3.3123442637100715E-002
  0.24702244168662996        3.1654771750321595E-002
  0.24803073092580163        3.0877703630520701E-002
  0.24904313577156709        3.0783341089406481E-002
  0.25005967302289334        3.1355161247689729E-002
  0.25108035954731700        3.2569467378850886E-002
  0.25210521228122396        3.4395906935834546E-002
  0.25313424823013059        3.6798046250633126E-002
  0.25416748446896609        3.9733992233009198E-002
  0.25520493814235545        4.3157051363866862E-002
  0.25624662646490398        4.7016416371996148E-002
  0.25729256672148348        5.1257871190244358E-002
  0.25834277626751834        5.5824505097925220E-002
  0.25939727252927380        6.0657427359274575E-002
  0.26045607300414547        6.5696474151389767E-002
  0.26151919526094891        7.0880900127718971E-002
  0.26258665694021183        7.6150047572936017E-002
  0.26365847575446660        8.1443986760505779E-002
  0.26473466948854396        8.6704121814104612E-002
  0.26581525599986822        9.1873757087430188E-002
  0.26690025321875377        9.6898619803616470E-002
  0.26798967914870253       0.10172733542563084     
  0.26908355186670235       0.10631185295384456     
  0.27018188952352734       0.11060781805807431     
  0.27128471034403900       0.11457489264136873     
  0.27239203262748851       0.11817702009514766     
  0.27350387474782023       0.12138263613405326     
  0.27462025515397709       0.12416482568923702     
  0.27574119237020622       0.12650142688664853     
  0.27686670499636645       0.12837508363889144     
  0.27799681170823720       0.12977324883294739     
  0.27913153125782791       0.13068814049970706     
  0.28027088247368953       0.13111665370389486     
  0.28141488426122702       0.13106023119413784     
  0.28256355560301261       0.13052469610295553     
  0.28371691555910122       0.12952005018615953     
  0.28487498326734656       0.12806024124182552     
  0.28603777794371876       0.12616290345246023     
  0.28720531888262307       0.12384907445242209     
  0.28837762545721990       0.12114289293851292     
  0.28955471711974690       0.11807128061777919     
  0.29073661340184104       0.11466361222595163     
  0.29192333391486291       0.11095137725575521     
  0.29311489835022253       0.10696783690989911     
  0.29431132647970543       0.10274767964222600     
  0.29551263815580109        9.8326678475741142E-002
  0.29671885331203263        9.3741353091371174E-002
  0.29792999196328690        8.9028639469773505E-002
  0.29914607420614708        8.4225569643499573E-002
  0.30036712021922612        7.9368963881568472E-002
  0.30159315026350136        7.4495137386026505E-002
  0.30282418468265071        6.9639623333198786E-002
  0.30406024390339059        6.4836913843872773E-002
  0.30530134843581452        6.0120220219021928E-002
  0.30654751887373349        5.5521253533277484E-002
  0.30779877589501764        5.1070026439210450E-002
  0.30905514026193970        4.6794676803616639E-002
  0.31031663282151906        4.2721313573969202E-002
  0.31158327450586787        3.8873885060589142E-002
  0.31285508633253861        3.5274069619064666E-002
  0.31413208940487242        3.1941188529159517E-002
  0.31541430491234945        2.8892140691663432E-002
  0.31670175413094059        2.6141358604076209E-002
  0.31799445842346041        2.3700784930128213E-002
  0.31929243923992134        2.1579868847222544E-002
  0.32059571811789023        1.9785581240084685E-002
  0.32190431668284508        1.8322447708219974E-002
  0.32321825664853443        1.7192598269049619E-002
  0.32453755981733712        1.6395832567524277E-002
  0.32586224808062436        1.5929699346253212E-002
  0.32719234341912323        1.5789588887211485E-002
  0.32852786790328065        1.5968837106338341E-002
  0.32986884369363056        1.6458839965142628E-002
  0.33121529304116082        1.7249176858103510E-002
  0.33256723828768275        1.8327741640395367E-002
  0.33392470186620210        1.9680879976486796E-002
  0.33528770630129073        2.1293531715623010E-002
  0.33665627420946076        2.3149377034246958E-002
  0.33803042829953994        2.5230985127166490E-002
  0.33941019137304806        2.7519964277884626E-002
  0.34079558632457546        2.9997112193107824E-002
  0.34218663614216327        3.2642565546174548E-002
  0.34358336390768413        3.5435947738189637E-002
  0.34498579279722608        3.8356513953215675E-002
  0.34639394608147639        4.1383292654140882E-002
  0.34780784712610791        4.4495222738156988E-002
  0.34922751939216706        4.7671285644350705E-002
  0.35065298643646264        5.0890631780164980E-002
  0.35208427191195729        5.4132700707732913E-002
  0.35352139956815942        5.7377334604832103E-002
  0.35496439325151735        6.0604884587849538E-002
  0.35641327690581565        6.3796309555304340E-002
  0.35786807457257153        6.6933267279602235E-002
  0.35932881039143427        6.9998197541559420E-002
  0.36079550860058590        7.2974397166331459E-002
  0.36226819353714296        7.5846086880592051E-002
  0.36374688963756052        7.8598469968737275E-002
  0.36523162143803800        8.1217782760461474E-002
  0.36672241357492547        8.3691337032995111E-002
  0.36821929078513355        8.6007554458594093E-002
  0.36972227790654283        8.8155993271334637E-002
  0.37123139987841652        9.0127367366930430E-002
  0.37274668174181458        9.1913558085085376E-002
  0.37426814864000829        9.3507618955865443E-002
  0.37579582581889864        9.4903773719691858E-002
  0.37732973862743413        9.6097407955012620E-002
  0.37886991251803198        9.7085054668429482E-002
  0.38041637304700071        9.7864374219283984E-002
  0.38196914587496344        9.8434128964470125E-002
  0.38352825676728425        9.8794153019751224E-002
  0.38509373159449567        9.8945317541192207E-002
  0.38666559633272773        9.8889491934710888E-002
  0.38824387706413899        9.8629501403327061E-002
  0.38982859997734975        9.8169081240641817E-002
  0.39141979136787586        9.7512828275582525E-002
  0.39301747763856587        9.6666149867720527E-002
  0.39462168530003849        9.5635210844644811E-002
  0.39623244097112265        9.4426878763195360E-002
  0.39784977137929967        9.3048667864982046E-002
  0.39947370336114574        9.1508682083725840E-002
  0.40110426386277853        8.9815557447757835E-002
  0.40274147994030307        8.7978404205656266E-002
  0.40438537876026137        8.6006748986671974E-002
  0.40603598760008325        8.3910477290453964E-002
  0.40769333384853856        8.1699776582801628E-002
  0.40935744500619187        7.9385080255877899E-002
  0.41102834868585908        7.6977012692674304E-002
  0.41270607261306486        7.4486335656665084E-002
  0.41439064462650332        7.1923896208613100E-002
  0.41608209267850005        6.9300576333578154E-002
  0.41778044483547516        6.6627244442374459E-002
  0.41948572927840988        6.3914708893159311E-002
  0.42119797430331363        6.1173673660618988E-002
  0.42291720832169355        5.8414696262382257E-002
  0.42464345986102636        5.5648148034972839E-002
  0.42637675756523108        5.2884176834823909E-002
  0.42811713019514508        5.0132672223716132E-002
  0.42986460662900056        4.7403233182494661E-002
  0.43161921586290408        4.4705138382113832E-002
  0.43338098701131811        4.2047319027010560E-002
  0.43514994930754325        3.9438334272513018E-002
  0.43692613210420378        3.6886349205482602E-002
  0.43870956487373508        3.4399115365718366E-002
  0.44050027720887197        3.1983953774761667E-002
  0.44229829882313998        2.9647740428697264E-002
  0.44410365955134889        2.7396894202317182E-002
  0.44591638935008682        2.5237367103604205E-002
  0.44773651829821842        2.3174636809884769E-002
  0.44956407659738296        2.1213701410193797E-002
  0.45139909457249600        1.9359076272365647E-002
  0.45324160267225266        1.7614792948088667E-002
  0.45509163146963244        1.5984400024623369E-002
  0.45694921166240710        1.4470965828059124E-002
  0.45881437407364939        1.3077082879838511E-002
  0.46068714965224478        1.1804874005788737E-002
  0.46256756947340538        1.0655999995037954E-002
  0.46445566473918498        9.6316687049118749E-003
  0.46635146677899686        8.7326455072040052E-003
  0.46825500705013429        7.9592649710181346E-003
  0.47016631713829160        7.3114436776908973E-003
  0.47208542875808879        6.7886940640718707E-003
  0.47401237375359806        6.3901391916214509E-003
  0.47594718409887132        6.1145283403818626E-003
  0.47788989189847175        5.9602533288100126E-003
  0.47984052938800570        5.9253654627344776E-003
  0.48179912893465782        6.0075930192579445E-003
  0.48376572303772875        6.2043591742580832E-003
  0.48574034432917323        6.5128002851866026E-003
  0.48772302557414277        6.9297844441385849E-003
  0.48971379967152823        7.4519302195909208E-003
  0.49171269965450648        8.0756255087918970E-003
  0.49371975869108847        8.7970464264921777E-003
  0.49573501008466908        9.6121761595002551E-003
  0.49775848727458005        1.0516823720421608E-002
  0.49979022383664523        1.1506642537867115E-002
  0.50183025348373689        1.2577148824361010E-002
  0.50387861006633561        1.3723739667150844E-002
  0.50593532757309234        1.4941710791070852E-002
  0.50800044013139123        1.6226273946543052E-002
  0.51007398200791731        1.7572573879691994E-002
  0.51215598760922409        1.8975704845375467E-002
  0.51424649148230461        2.0430726627710834E-002
  0.51634552831516523        2.1932680036358673E-002
  0.51845313293740036        2.3476601850415071E-002
  0.52056934032077162        2.5057539185273491E-002
  0.52269418557978653        2.6670563261191584E-002
  0.52482770397228251        2.8310782555580481E-002
  0.52696993090001132        2.9973355324174184E-002
  0.52912090190922667        3.1653501479272046E-002
  0.53128065269127367        3.3346513816123566E-002
  0.53344921908318188        3.5047768581293610E-002
  0.53562663706825886        3.6752735379456301E-002
  0.53781294277668812        3.8456986417548036E-002
  0.54000817248612853        4.0156205087548455E-002
  0.54221236262231554        4.1846193891351968E-002
  0.54442554975966673        4.3522881713252033E-002
  0.54664777062188774        4.5182330447476070E-002
  0.54887906208258186        4.6820740989982679E-002
  0.55111946116586275        4.8434458605382119E-002
  0.55336900504696696        5.0019977681330700E-002
  0.55562773105287300        5.1573945884150485E-002
  0.55789567666291884        5.3093167730636354E-002
  0.56017287950942463        5.4574607592169866E-002
  0.56245937737831742        5.6015392148225977E-002
  0.56475520820975744        5.7412812307262390E-002
  0.56706041009876806        5.8764324613734001E-002
  0.56937502129586803        6.0067552160639748E-002
  0.57169908020770599        6.1320285027562066E-002
  0.57403262539769728        6.2520480264607797E-002
  0.57637569558666502        6.3666261443023398E-002
  0.57872832965348131        6.4755917793513224E-002
  0.58109056663571335        6.5787902953485619E-002
  0.58346244573027040        6.6760833344532144E-002
  0.58584400629405475        6.7673486201484334E-002
  0.58823528784461476        6.8524797274328142E-002
  0.59063633006079996        6.9313858224157948E-002
  0.59304717278342045        7.0039913734150958E-002
  0.59546785601590702        7.0702358356324227E-002
  0.59789841992497528        7.1300733114539272E-002
  0.60033890484129260        7.1834721883878183E-002
  0.60278935126014666        7.2304147566132029E-002
  0.60524979984211758        7.2708968080724773E-002
  0.60772029141375294        7.3049272189917802E-002
  0.61020086696824494        7.3325275176667037E-002
  0.61269156766611022        7.3537314392964251E-002
  0.61519243483587394        7.3685844695950964E-002
  0.61770350997475421        7.3771433788528476E-002
  0.62022483474935197        7.3794757480588807E-002
  0.62275645099634114        7.3756594886389013E-002
  0.62529840072316345        7.3657823572978759E-002
  0.62785072610872605        7.3499414673955474E-002
  0.63041346950409982        7.3282427982192519E-002
  0.63298667343322390        7.3008007034542646E-002
  0.63557038059361004        7.2677374200879941E-002
  0.63816463385705124        7.2291825789199834E-002
  0.64076947627033398        7.1852727177857845E-002
  0.64338495105595150        7.1361507985391315E-002
  0.64601110161282127        7.0819657287740756E-002
  0.64864797151700582        7.0228718892056313E-002
  0.65129560452243462        6.9590286675676294E-002
  0.65395404456163087        6.8905999998240763E-002
  0.65662333574644061        6.8177539194329770E-002
  0.65930352236876377        6.7406621153421928E-002
  0.66199464890129045        6.6594994993411816E-002
  0.66469675999823752        6.5744437833368072E-002
  0.66740990049609028        6.4856750670676575E-002
  0.67013411541434675        6.3933754367198461E-002
  0.67286944995626363        6.2977285748562650E-002
  0.67561594950960757        6.1989193820226371E-002
  0.67837365964740748        6.0971336103471746E-002
  0.68114262612871068        5.9925575094048236E-002
  0.68392289489934310        5.8853774845742571E-002
  0.68671451209267076        5.7757797680738091E-002
  0.68951752403036504        5.6639501028230038E-002
  0.69233197722317286        5.5500734392382192E-002
  0.69515791837168661        5.4343336450353205E-002
  0.69799539436711988        5.3169132280772524E-002
  0.70084445229208592        5.1979930722725803E-002
  0.70370513942137802        5.0777521865001576E-002
  0.70657750322275481        4.9563674665062118E-002
  0.70946159135772713        4.8340134696925705E-002
  0.71235745168234910        4.7108622026902192E-002
  0.71526513224801314        4.5870829215876305E-002
  0.71818468130224533        4.4628419446616399E-002
  0.72111614728950835        4.3383024774381010E-002
  0.72405957885200312        4.2136244498906267E-002
  0.72701502483047720        4.0889643655678889E-002
  0.72998253426503557        3.9644751624246063E-002
  0.73296215639595286        3.8403060851161630E-002
  0.73595394066449149        3.7166025685042722E-002
  0.73895793671372234        3.5935061321084955E-002
  0.74197419438934753        3.4711542852287919E-002
  0.74500276374052765        3.3496804424544169E-002
  0.74804369502071344        3.2292138492660688E-002
  0.75109703868847777        3.1098795174322499E-002
  0.75416284540835488        2.9917981698937571E-002
  0.75724116605167924        2.8750861948262492E-002
  0.76033205169743068        2.7598556085663015E-002
  0.76343555363308235        2.6462140270838652E-002
  0.76655172335545019        2.5342646456819641E-002
  0.76968061257154952        2.4241062266030539E-002
  0.77282227319945096        2.3158330942211432E-002
  0.77597675736914307        2.2095351374993660E-002
  0.77914411742339751        2.1052978193932481E-002
  0.78232440591863694        2.0032021928822613E-002
  0.78551767562580699        1.9033249233138982E-002
  0.78872397953125306        1.8057383167479277E-002
  0.79194337083759792        1.7105103539917323E-002
  0.79517590296462559        1.6177047300214110E-002
  0.79842162955016782        1.5273808984878866E-002
  0.80168060445099321        1.4395941210121686E-002
  0.80495288174370172        1.3543955209785283E-002
  0.80823851572562166        1.2718321415407269E-002
  0.81153756091571005        1.1919470075614280E-002
  0.81485007205545901        1.1147791912115151E-002
  0.81817610410980179        1.0403638809624222E-002
  0.82151571226802678        9.6873245371073002E-003
  0.82486895194469190        8.9991254978162086E-003
  0.82823587878054472        8.3392815056431077E-003
  0.83161654864344625        7.7079965853965871E-003
  0.83501101762929653        7.1054397946782172E-003
  0.83841934206296653        6.5317460651031015E-003
  0.84184157849923302        5.9870170606889372E-003
  0.84527778372371576        5.4713220513080314E-003
  0.84872801475382054        4.9846987991712596E-003
  0.85219232883968588        4.5271544563890084E-003
  0.85567078346513115        4.0986664717282684E-003
  0.85916343634861292        3.6991835047548716E-003
  0.86267034544418009        3.3286263456327493E-003
  0.86619156894243732        2.9868888389143929E-003
  0.86972716527151039        2.6738388097384373E-003
  0.87327719309801433        2.3893189909164024E-003
  0.87684171132802924        2.1331479494646720E-003
  0.88042077910807537        1.9051210112060041E-003
  0.88401445582609561        1.7050111821350494E-003
  0.88762280111244185        1.5325700653090434E-003
  0.89124587484086226        1.3875287720930586E-003
  0.89488373712949654        1.2695988266517855E-003
  0.89853644834187318        1.1784730626472738E-003
  0.90220406908791040        1.1138265111603138E-003
  0.90588666022492215        1.0753172789187814E-003
  0.90958428285862880        1.0625874159715856E-003
  0.91329699834416944        1.0752637720080199E-003
  0.91702486828712149        1.1129588405760175E-003
  0.92076795454452198        1.1752715905109755E-003
  0.92452631922589401        1.2617882839357549E-003
  0.92830002469427830        1.3720832802482565E-003
  0.93208913356726641        1.5057198255595348E-003
  0.93589370871804145        1.6622508270959634E-003
  0.93971381327641990        1.8412196121245401E-003
  0.94354951062989978        2.0421606710051381E-003
  0.94740086442471305        2.2646003840174145E-003
  0.95126793856688030        2.5080577316527316E-003
  0.95515079722327212        2.7720449880979312E-003
  0.95904950482267404        3.0560683976819754E-003
  0.96296412605685466        3.3596288340867544E-003
  0.96689472588163972        3.6822224421651541E-003
  0.97084136951799027        4.0233412622374363E-003
  0.97480412245308368        4.3824738367737228E-003
  0.97878305044140190        4.7591057993982399E-003
  0.98277821950582100        5.1527204461808140E-003
  0.98678969593870736        5.5627992892111570E-003
  0.99081754630301844        5.9888225924735576E-003
  0.99486183743340539        6.4302698900679488E-003
  0.99892263643732426        6.8866204868468662E-003
   1.0030000106961476        7.3573539415575685E-003
   1.0070940278662834        7.8419505326022421E-003
   1.0112047558802988        8.3398917065479524E-003
   1.0153322629480441        8.8506605095353720E-003
   1.0194766175577885        9.3737420017558828E-003
   1.0236378884773538        9.9086236551785747E-003
   1.0278161447552574        1.0454795734726557E-002
   1.0320114557218547        1.1011751663116714E-002
   1.0362238909904942        1.1578988369585971E-002
   1.0404535204586696        1.2156006622744610E-002
   1.0447004143091787        1.2742311347801630E-002
   1.0489646430112913        1.3337411928424686E-002
   1.0532462773219167        1.3940822493498642E-002
   1.0575453882867758        1.4552062189060922E-002
   1.0618620472415838        1.5170655435695676E-002
   1.0661963258132321        1.5796132171677631E-002
   1.0705482959209747        1.6428028082158774E-002
   1.0749180297776255        1.7065884814702781E-002
   1.0793055998907541        1.7709250181467781E-002
   1.0837110790638902        1.8357678348348935E-002
   1.0881345403977287        1.9010730011390586E-002
   1.0925760572913470        1.9667972560785500E-002
   1.0970357034434204        2.0328980232773020E-002
   1.1015135528534441        2.0993334249755344E-002
   1.1060096798229635        2.1660622948951408E-002
   1.1105241589568067        2.2330441899903936E-002
   1.1150570651643195        2.3002394011158788E-002
   1.1196084736606120        2.3676089626434950E-002
   1.1241784599678060        2.4351146610600616E-002
   1.1287670999162849        2.5027190425769005E-002
   1.1333744696459565        2.5703854197829321E-002
   1.1380006456075142        2.6380778773721941E-002
   1.1426457045637044        2.7057612769765281E-002
   1.1473097235906025        2.7734012611342462E-002
   1.1519927800788912        2.8409642564246867E-002
   1.1566949517351428        2.9084174757986990E-002
   1.1614163165831117        2.9757289201346036E-002
   1.1661569529650266        3.0428673790486541E-002
   1.1709169395428922        3.1098024309887992E-002
   1.1756963552997917        3.1765044426399124E-002
   1.1804952795412009        3.2429445676686479E-002
   1.1853137918963028        3.3090947448348680E-002
   1.1901519723193061        3.3749276954969418E-002
   1.1950099010907769        3.4404169205371961E-002
   1.1998876588189678        3.5055366967333502E-002
   1.2047853264411541        3.5702620726016002E-002
   1.2097029852249803        3.6345688637359694E-002
   1.2146407167698074        3.6984336476686655E-002
   1.2195986030080641        3.7618337582748941E-002
   1.2245767262066105        3.8247472797457091E-002
   1.2295751689681005        3.8871530401517404E-002
   1.2345940142323542        3.9490306046196806E-002
   1.2396333452777308        4.0103602681436284E-002
   1.2446932457225151        4.0711230480521721E-002
   1.2497737995263021        4.1313006761519583E-002
   1.2548750909913893        4.1908755905675631E-002
   1.2599972047641785        4.2498309272975446E-002
   1.2651402258365791        4.3081505115052821E-002
   1.2703042395474162        4.3658188485632660E-002
   1.2754893315838498        4.4228211148684610E-002
   1.2806955879827961        4.4791431484465273E-002
   1.2859230951323521        4.5347714393612279E-002
   1.2911719397732333        4.5896931199456134E-002
   1.2964422090002106        4.6438959548707068E-002
   1.3017339902635547        4.6973683310669270E-002
   1.3070473713704895        4.7500992475130316E-002
   1.3123824404866489        4.8020783049067865E-002
   1.3177392861375357        4.8532956952311822E-002
   1.3231179972099965        4.9037421912294626E-002
   1.3285186629536925        4.9534091358017375E-002
   1.3339413729825829        5.0022884313354568E-002
   1.3393862172764077        5.0503725289817038E-002
   1.3448532861821869        5.0976544178887917E-002
   1.3503426704157151        5.1441276144037415E-002
   1.3558544610630672        5.1897861512526303E-002
   1.3613887495821120        5.2346245667096225E-002
   1.3669456278040288        5.2786378937643867E-002
   1.3725251879348284        5.3218216492972169E-002
   1.3781275225568879        5.3641718232706734E-002
   1.3837527246304846        5.4056848679461755E-002
   1.3894008874953359        5.4463576871336385E-002
   1.3950721048721533        5.4861876254819253E-002
   1.4007664708641934        5.5251724578172901E-002
   1.4064840799588225        5.5633103785368815E-002
   1.4122250270290799        5.6005999910639009E-002
   1.4179894073352572        5.6370402973707295E-002
   1.4237773165264773        5.6726306875759545E-002
   1.4295888506422783        5.7073709296207947E-002
   1.4354241061142121        5.7412611590304877E-002
   1.4412831797674421        5.7743018687654787E-002
   1.4471661688223481        5.8064938991670680E-002
   1.4530731708961429        5.8378384280021373E-002
   1.4590042840044910        5.8683369606109675E-002
   1.4649596065631323        5.8979913201620160E-002
   1.4709392373895191        5.9268036380173167E-002
   1.4769432757044543        5.9547763442119331E-002
   1.4829718211337348        5.9819121580503586E-002
   1.4890249737098105        6.0082140788230293E-002
   1.4951028338734396        6.0336853766454229E-002
   1.5012055024753554        6.0583295834221104E-002
   1.5073330807779428        6.0821504839382437E-002
   1.5134856704569155        6.1051521070802306E-002
   1.5196633736030056        6.1273387171875159E-002
   1.5258662927236537        6.1487148055370776E-002
   1.5320945307447145        6.1692850819620948E-002
   1.5383481910121630        6.1890544666060365E-002
   1.5446273772938062        6.2080280818131793E-002
   1.5509321937810101        6.2262112441566986E-002
   1.5572627450904259        6.2436094566047914E-002
   1.5636191362657244        6.2602284008256792E-002
   1.5700014727793419        6.2760739296320062E-002
   1.5764098605342303        6.2911520595646475E-002
   1.5828444058656099        6.3054689636165173E-002
   1.5893052155427401        6.3190309640961978E-002
   1.5957923967706868        6.3318445256314540E-002
   1.6023060571921037        6.3439162483124395E-002
   1.6088463048890147        6.3552528609743045E-002
   1.6154132483846122        6.3658612146188676E-002
   1.6220069966450557        6.3757482759748962E-002
   1.6286276590812767        6.3849211211963561E-002
   1.6352753455508005        6.3933869296980333E-002
   1.6419501663595648        6.4011529781277082E-002
   1.6486522322637496        6.4082266344741845E-002
   1.6553816544716176        6.4146153523101671E-002
   1.6621385446453594        6.4203266651689794E-002
   1.6689230149029417        6.4253681810542543E-002
   1.6757351778199741        6.4297475770812962E-002
   1.6825751464315746        6.4334725942491011E-002
   1.6894430342342412        6.4365510323416711E-002
   1.6963389551877424        6.4389907449574665E-002
   1.7032630237170037        6.4407996346656865E-002
   1.7102153547140044        6.4419856482975754E-002
   1.7171960635396897        6.4425567723136595E-002
   1.7242052660258809        6.4425210283887785E-002
   1.7312430784771990        6.4418864690239164E-002
   1.7383096176729915        6.4406611733241304E-002
   1.7454050008692747        6.4388532428853562E-002
   1.7525293458006783        6.4364707977975499E-002
   1.7596827706823941        6.4335219727626528E-002
   1.7668653942121444        6.4300149133256740E-002
   1.7740773355721486        6.4259577722174832E-002
   1.7813187144310982        6.4213587058071675E-002
   1.7885896509461472        6.4162258706629283E-002
   1.7958902657649043        6.4105674202191917E-002
   1.8032206800274309        6.4043915015486744E-002
   1.8105810153682576        6.3977062522373965E-002
   1.8179713939183981        6.3905197973612160E-002
   1.8253919383073787        6.3828402465618161E-002
   1.8328427716652678        6.3746756912207131E-002
   1.8403240176247260        6.3660342017293398E-002
   1.8478358003230537        6.3569238248536136E-002
   1.8553782444042495        6.3473525811911902E-002
   1.8629514750210820        6.3373284627196241E-002
   1.8705556178371661        6.3268594304338163E-002
   1.8781907990290427        6.3159534120710015E-002
   1.8858571452882809        6.3046182999213579E-002
   1.8935547838235744        6.2928619487229012E-002
   1.9012838423628520        6.2806921736386689E-002
   1.9090444491554013        6.2681167483145089E-002
   1.9168367329739937        6.2551434030159669E-002
   1.9246608231170197        6.2417798228424914E-002
   1.9325168494106386        6.2280336460172378E-002
   1.9404049422109304        6.2139124622509409E-002
   1.9483252324060565        6.1994238111781445E-002
   1.9562778514184365        6.1845751808642123E-002
   1.9642629312069249        6.1693740063815054E-002
   1.9722806042690040        6.1538276684530421E-002
   1.9803310036429771        6.1379434921622816E-002
   1.9884142629101824        6.1217287457272562E-002
   1.9965305161972071        6.1051906393376210E-002
   2.0046798981781091        6.0883363240530730E-002
   2.0128625440766581        6.0711728907616613E-002
   2.0210785896685763        6.0537073691964878E-002
   2.0293281712837890        6.0359467270092879E-002
   2.0376114258086915        6.0178978688995514E-002
   2.0459284906884188        5.9995676357975918E-002
   2.0542795039291217        5.9809628041003510E-002
   2.0626646041002639        5.9620900849584414E-002
   2.0710839303369175        5.9429561236129781E-002
   2.0795376223420732        5.9235674987810329E-002
   2.0880258203889532        5.9039307220883019E-002
   2.0965486653233478        5.8840522375476205E-002
   2.1051062985659468        5.8639384210820961E-002
   2.1136988621146831        5.8435955800916803E-002
   2.1223264985470975        5.8230299530616800E-002
   2.1309893510226989        5.8022477092123319E-002
   2.1396875632853374        5.7812549481879458E-002
   2.1484212796655959        5.7600576997845668E-002
   2.1571906450831819        5.7386619237150015E-002
   2.1659958050493291        5.7170735094100075E-002
   2.1748369056692178        5.6952982758546093E-002
   2.1837140936443968        5.6733419714583663E-002
   2.1926275162752127        5.6512102739585152E-002
   2.2015773214632635        5.6289087903550236E-002
   2.2105636577138457        5.6064430568764388E-002
   2.2195866741384194        5.5838185389754741E-002
   2.2286465204570853        5.5610406313535102E-002
   2.2377433470010675        5.5381146580127681E-002
   2.2468773047152077        5.5150458723354889E-002
   2.2560485451604677        5.4918394571890156E-002
   2.2652572205164492        5.4685005250558034E-002
   2.2745034835839171        5.4450341181876569E-002
   2.2837874877873303        5.4214452087831835E-002
   2.2931093871773944        5.3977386991875799E-002
   2.3024693364336155        5.3739194221140207E-002
   2.3118674908668622        5.3499921408857461E-002
   2.3213040064219506        5.3259615496981327E-002
   2.3307790396802273        5.3018322738997328E-002
   2.3402927478621649        5.2776088702919235E-002
   2.3498452888299783        5.2532958274459793E-002
   2.3594368210902377        5.2288975660371467E-002
   2.3690675037965030        5.2044184391948536E-002
   2.3787374967519588        5.1798627328684413E-002
   2.3884469604120731        5.1552346662076531E-002
   2.3981960558872570        5.1305383919573164E-002
   2.4079849449455333        5.1057779968654737E-002
   2.4178137900152290        5.0809575021044058E-002
   2.4276827541876669        5.0560808637039309E-002
   2.4375920012198664        5.0311519729963117E-002
   2.4475416955372706        5.0061746570722335E-002
   2.4575320022364697        4.9811526792473526E-002
   2.4675630870879357        4.9560897395387472E-002
   2.4776351165387829        4.9309894751507558E-002
   2.4877482577155234        4.9058554609697685E-002
   2.4979026784268394        4.8806912100673713E-002
   2.5080985471663721        4.8555001742113552E-002
   2.5183360331155162        4.8302857443841621E-002
   2.5286153061462220        4.8050512513082802E-002
   2.5389365368238228        4.7797999659780530E-002
   2.5492998964098588        4.7545351001976051E-002
   2.5597055568649218        4.7292598071243447E-002
   2.5701536908515048        4.7039771818176646E-002
   2.5806444717368717        4.6786902617924175E-002
   2.5911780735959340        4.6534020275768272E-002
   2.6017546712141315        4.6281154032743931E-002
   2.6123744400903441        4.6028332571294350E-002
   2.6230375564397970        4.5775584020959506E-002
   2.6337441971969815        4.5522935964094124E-002
   2.6444945400185995        4.5270415441611846E-002
   2.6552887632865070        4.5018048958751562E-002
   2.6661270461106703        4.4765862490864852E-002
   2.6770095683321458        4.4513881489218518E-002
   2.6879365105260575        4.4262130886811926E-002
   2.6989080540045989        4.4010635104204734E-002
   2.7099243808200328        4.3759418055352800E-002
   2.7209856737677236        4.3508503153449882E-002
   2.7320921163891634        4.3257913316771458E-002
   2.7432438929750149        4.3007670974519886E-002
   2.7544411885681774        4.2757798072667427E-002
   2.7656841889668535        4.2508316079793815E-002
   2.7769730807276272        4.2259245992919393E-002
   2.7883080511685678        4.2010608343327670E-002
   2.7996892883723348        4.1762423202378322E-002
   2.8111169811892935        4.1514710187307825E-002
   2.8225913192406575        4.1267488467013697E-002
   2.8341124929216317        4.1020776767824521E-002
   2.8456806934045655        4.0774593379250573E-002
   2.8572961126421350        4.0528956159714524E-002
   2.8689589433705232        4.0283882542261416E-002
   2.8806693791126143        4.0039389540244927E-002
   2.8924276141812122        3.9795493752989443E-002
   2.9042338436822610        3.9552211371425665E-002
   2.9160882635180831        3.9309558183699952E-002
   2.9279910703906258        3.9067549580753723E-002
   2.9399424618047334        3.8826200561874039E-002
   2.9519426360714194        3.8585525740212484E-002
   2.9639917923111532        3.8345539348272166E-002
   2.9760901304571732        3.8106255243361177E-002
   2.9882378512587997        3.7867686913011935E-002
   3.0004351562847607        3.7629847480365561E-002
   3.0126822479265480        3.7392749709518863E-002
   3.0249793294017673        3.7156406010835828E-002
   3.0373266047575087        3.6920828446219980E-002
   3.0497242788737404        3.6686028734348369E-002
   3.0621725574667020        3.6452018255866608E-002
   3.0746716470923223        3.6218808058542426E-002
   3.0872217551496384        3.5986408862380359E-002
   3.0998230898842483        3.5754831064693127E-002
   3.1124758603917613        3.5524084745131884E-002
   3.1251802766212617        3.5294179670674414E-002
   3.1379365493788032        3.5065125300568947E-002
   3.1507448903309023        3.4836930791235642E-002
   3.1636055120080444        3.4609605001123492E-002
   3.1765186278082207        3.4383156495523183E-002
   3.1894844520004644        3.4157593551334832E-002
   3.2025031997284015        3.3932924161791340E-002
   3.2155750870138298        3.3709156041135654E-002
   3.2287003307602982        3.3486296629252864E-002
   3.2418791487567020        3.3264353096256312E-002
   3.2551117596809069        3.3043332347027221E-002
   3.2683983831033703        3.2823241025709528E-002
   3.2817392394907818        3.2604085520155431E-002
   3.2951345502097307        3.2385871966327508E-002
   3.3085845375303724        3.2168606252651930E-002
   3.3220894246301196        3.1952294024325839E-002
   3.3356494355973410        3.1736940687577750E-002
   3.3492647954350852        3.1522551413880537E-002
   3.3629357300648142        3.1309131144118388E-002
   3.3766624663301439        3.1096684592705856E-002
   3.3904452320006189        3.0885216251660567E-002
   3.4042842557754875        3.0674730394628591E-002
   3.4181797672874907        3.0465231080863853E-002
   3.4321319971066844        3.0256722159159574E-002
   3.4461411767442565        3.0049207271733491E-002
   3.4602075386563675        2.9842689858066592E-002
   3.4743313162480152        2.9637173158695705E-002
   3.4885127438769019        2.9432660218958552E-002
   3.5027520568573265        2.9229153892693975E-002
   3.5170494914640815        2.9026656845895109E-002
   3.5314052849363842        2.8825171560316765E-002
   3.5458196754818094        2.8624700337037755E-002
   3.5602929022802345        2.8425245299977267E-002
   3.5748252054878202        2.8226808399365547E-002
   3.5894168262409902        2.8029391415169993E-002
   3.6040680066604258        2.7832995960476614E-002
   3.6187789898550959        2.7637623484826072E-002
   3.6335500199262847        2.7443275277505737E-002
   3.6483813419716364        2.7249952470798006E-002
   3.6632732020892336        2.7057656043184268E-002
   3.6782258473816740        2.6866386822505233E-002
   3.6932395259601685        2.6676145489078307E-002
   3.7083144869486642        2.6486932578771737E-002
   3.7234509804879772        2.6298748486035910E-002
   3.7386492577399353        2.6111593466892714E-002
   3.7539095708915569        2.5925467641882086E-002
   3.7692321731592284        2.5740370998967383E-002
   3.7846173187929102        2.5556303396398777E-002
   3.8000652630803460        2.5373264565536013E-002
   3.8155762623513128        2.5191254113629550E-002
   3.8311505739818670        2.5010271526562329E-002
   3.8467884563986092        2.4830316171550324E-002
   3.8624901690829847        2.4651387299803491E-002
   3.8782559725755825        2.4473484049148043E-002
   3.8940861284804527        2.4296605446608621E-002
   3.9099808994694594        2.4120750410952033E-002
   3.9259405492866346        2.3945917755192742E-002
   3.9419653427525452        2.3772106189060106E-002
   3.9580555457687030        2.3599314321427908E-002
   3.9742114253219660        2.3427540662706900E-002
   3.9904332494889743        2.3256783627199625E-002
   4.0067212874405893        2.3087041535419267E-002
   4.0230758094463717        2.2918312616372279E-002
   4.0394970868790629        2.2750595009804427E-002
   4.0559853922190783        2.2583886768412324E-002
   4.0725409990590427        2.2418185860019119E-002
   4.0891641821083224        2.2253490169714972E-002
   4.1058552171975808        2.2089797501965332E-002
   4.1226143812833644        2.1927105582681499E-002
   4.1394419524526915        2.1765412061261549E-002
   4.1563382099276636        2.1604714512594880E-002
   4.1733034340701094        2.1445010439035392E-002
   4.1903379063862296        2.1286297272341846E-002
   4.2074419095312638        2.1128572375585682E-002
   4.2246157273141920        2.0971833045027592E-002
   4.2418596447024361        2.0816076511962014E-002
   4.2591739478265858        2.0661299944531211E-002
   4.2765589239851547        2.0507500449521029E-002
   4.2940148616493437        2.0354675074062745E-002
   4.3115420504678283        2.0202820807431379E-002
   4.3291407812715565        2.0051934582688721E-002
   4.3468113460785895        1.9902013278360033E-002
   4.3645540380989400        1.9753053720068685E-002
   4.3823691517394279        1.9605052682142826E-002
   4.4002569826085844        1.9458006889193562E-002
   4.4182178275215458        1.9311913017665498E-002
   4.4362519845049730        1.9166767697359643E-002
   4.4543597528020111        1.9022567512929467E-002
   4.4725414328772475        1.8879309005349842E-002
   4.4907973264216903        1.8736988673360204E-002
   4.5091277363577875        1.8595602974880675E-002
   4.5275329668444471        1.8455148328403292E-002
   4.5460133232820850        1.8315621114357392E-002
   4.5645691123176864        1.8177017676450431E-002
   4.5832006418499045        1.8039334322983536E-002
   4.6019082210341660        1.7902567328142788E-002
   4.6206921602877928        1.7766712933267148E-002
   4.6395527712951647        1.7631767348091319E-002
   4.6584903670128890        1.7497726751966709E-002
   4.6775052616749795        1.7364587295058589E-002
   4.6965977707980926        1.7232345099519951E-002
   4.7157682111867478        1.7100996260644326E-002
   4.7350169009385850        1.6970536847995189E-002
   4.7543441594496505        1.6840962906514496E-002
   4.7737503074196939        1.6712270457608869E-002
   4.7932356668574805        1.6584455500215704E-002
   4.8128005610861475        1.6457514011847165E-002
   4.8324453147485658        1.6331441949614701E-002
   4.8521702538127149        1.6206235251232728E-002
   4.8719757055771122        1.6081889836002106E-002
   4.8918619986762248        1.5958401605774750E-002
   4.9118294630859394        1.5835766445898167E-002
   4.9318784301290162        1.5713980226140987E-002
   4.9520092324806102        1.5593038801600149E-002
   4.9722222041737796        1.5472938013588651E-002
   4.9925176806050207        1.5353673690506294E-002
   5.0128959985398502        1.5235241648691210E-002
   5.0333574961183860        1.5117637693254440E-002
   5.0539025128609465        1.5000857618896968E-002
   5.0745313896737043        1.4884897210709461E-002
   5.0952444688543324        1.4769752244954963E-002
   5.1160420940976774        1.4655418489835564E-002
   5.1369246105014765        1.4541891706241972E-002
   5.1578923645720769        1.4429167648487257E-002
   5.1789457042301867        1.4317242065024903E-002
   5.2000849788166388        1.4206110699151116E-002
   5.2213105390982024        1.4095769289691655E-002
   5.2426227372734004        1.3986213571673470E-002
   5.2640219269783390        1.3877439276982042E-002
   5.2855084632925946        1.3769442135003239E-002
   5.3070827027450962        1.3662217873251389E-002
   5.3287450033200381        1.3555762217982922E-002
   5.3504957244628288        1.3450070894796110E-002
   5.3723352270860527        1.3345139629217300E-002
   5.3942638735754480        1.3240964147273153E-002
   5.4162820277959387        1.3137540176050080E-002
   5.4383900550976607        1.3034863444240655E-002
   5.4605883223220175        1.2932929682676614E-002
   5.4828771978077846        1.2831734624850091E-002
   5.5052570513972130        1.2731274007421856E-002
   5.5277282544421542        1.2631543570717423E-002
   5.5502911798102446        1.2532539059211275E-002
   5.5729462018910780        1.2434256221999358E-002
   5.5956936966024218        1.2336690813259908E-002
   5.6185340413964466        1.2239838592702888E-002
   5.6414676152660075        1.2143695326008189E-002
   5.6644947987509173        1.2048256785252976E-002
   5.6876159739442613        1.1953518749327999E-002
   5.7108315244987482        1.1859477004343616E-002
   5.7341418356330687        1.1766127344024945E-002
   5.7575472941382806        1.1673465570097130E-002
   5.7810482883842447        1.1581487492660508E-002
   5.8046452083260549        1.1490188930555409E-002
   5.8283384455105089        1.1399565711718011E-002
   5.8521283930826149        1.1309613673525986E-002
   5.8760154457921070        1.1220328663134965E-002
