  0.10000000000000001       0.60937555743001082     
  0.10040817718110437       0.57763790339173338     
  0.10081802044832047       0.52837378811827729     
  0.10122953660223166       0.46512317759009481     
  0.10164273247117964       0.39235678524630135     
  0.10205761491137796       0.31515071936818745     
  0.10247419080702558       0.23882818373528150     
  0.10289246707042120       0.16859385623003897     
  0.10331245064207799       0.10918599953269294     
  0.10373414849083867        6.4569109032029448E-002
  0.10415756761399117        3.7686223948958208E-002
  0.10458271503738485        3.0285248258655140E-002
  0.10500959781554686        4.2828131305683817E-002
  0.10543822303179938        7.4485950494094205E-002
  0.10586859779837712       0.12321722105809610     
  0.10630072925654524       0.18592149981401618     
  0.10673462457671801       0.25865586616294456     
  0.10717029095857759       0.33689839891771767     
  0.10760773563119364       0.41584048467499501     
  0.10804696585314330       0.49068876914092824     
  0.10848798891263144       0.55695778884598035     
  0.10893081212761184       0.61073571059919196     
  0.10937544284590843       0.64890800625097800     
  0.10982188844533726       0.66932709462037931     
  0.11027015633382903       0.67091974854347547     
  0.11072025394955184       0.65372813219869053     
  0.11117218876103470       0.61888444028196132     
  0.11162596826729153       0.56852300918465759     
  0.11208159999794542       0.50563724265084975     
  0.11253909151335369       0.43389156164706155     
  0.11299845040473337       0.35740071889029401     
  0.11345968429428700       0.28049013278299484     
  0.11392280083532935       0.20745136604533490     
  0.11438780771241415       0.14230652400717067     
  0.11485471264146174        8.8594244469735101E-002
  0.11532352336988719        4.9188201449293208E-002
  0.11579424767672861        2.6156784379287916E-002
  0.11626689337277650        2.0669997338848542E-002
  0.11674146830070313        3.2956813848910846E-002
  0.11721798033519278        6.2313385579831945E-002
  0.11769643738307244       0.10715979241715143     
  0.11817684738344295       0.16514057409023339     
  0.11865921830781066       0.23326221405344050     
  0.11914355816021997       0.30805914090126107     
  0.11962987497738581       0.38577872742931685     
  0.12011817682882717       0.46257522767762593     
  0.12060847181700105       0.53470259306190793     
  0.12110076807743671       0.59869661764005966     
  0.12159507377887094       0.65153782349173606     
  0.12209139712338332       0.69078783476896977     
  0.12258974634653247       0.71469361396880338     
  0.12309012971749274       0.72225574879214438     
  0.12359255553919130       0.71325888215789313     
  0.12409703214844603       0.68826427347900765     
  0.12460356791610375       0.64856627515608078     
  0.12511217124717913       0.59611612435786132     
  0.12562285058099434       0.53341782053634756     
  0.12613561439131882       0.46340193395383678     
  0.12665047118650996       0.38928393732534844     
  0.12716742950965446       0.31441405665543132     
  0.12768649793870987       0.24212570061309802     
  0.12820768508664696       0.17558926809828396     
  0.12873099960159279       0.11767758238245853     
  0.12925645016697404        7.0848399883577995E-002
  0.12978404550166117        3.7048443154302946E-002
  0.13031379436011306        1.7642267347287924E-002
  0.13084570553252231        1.3368046074961455E-002
  0.13137978784496107        2.4321114671803382E-002
  0.13191605015952751        4.9964891953988830E-002
  0.13245450137449291        8.9167666078297889E-002
  0.13299515042444918       0.14026271949581190     
  0.13353800628045717       0.20112841742641790     
  0.13408307795019572       0.26928421969044125     
  0.13463037447811083       0.34199811344779874     
  0.13517990494556581       0.41640071114878935     
  0.13573167847099218       0.48960121138327023     
  0.13628570421004074       0.55880056956008872     
  0.13684199135573349       0.62139755241280747     
  0.13740054913861643       0.67508383118209725     
  0.13796138682691236       0.71792487439217756     
  0.13852451372667493       0.74842410079320310     
  0.13908993918194296       0.76556851311541929     
  0.13965767257489561       0.76885482050450338     
  0.14022772332600780       0.75829583983809168     
  0.14080010089420669       0.73440771390860493     
  0.14137481477702879       0.69817917141867247     
  0.14195187451077720       0.65102465772410101     
  0.14253128967068007       0.59472366880017424     
  0.14311306987104958       0.53134901150829905     
  0.14369722476544117       0.46318698348926574     
  0.14428376404681392       0.39265261346578262     
  0.14487269744769149       0.32220312964515607     
  0.14546403474032335       0.25425273676385651     
  0.14605778573684705       0.19109159128264488     
  0.14665396028945119       0.13481158253243586     
  0.14725256829053859        8.7241170754963335E-002
  0.14785361967289068        4.9891118097819022E-002
  0.14845712440983222        2.3912493682449156E-002
  0.14906309251539690        1.0067856993196900E-002
  0.14967153404449324        8.7160426666164290E-003
  0.15028245909307170        1.9810500850681464E-002
  0.15089587779829214        4.2910705645876041E-002
  0.15151180033869191        7.7205742766013052E-002
  0.15213023693435482       0.12154883724051398     
  0.15275119784708088       0.17450129104779666     
  0.15337469338055626       0.23438407480363810     
  0.15400073388052446       0.29933516027210738     
  0.15462932973495802       0.36737059230562075     
  0.15526049137423079       0.43644727835038899     
  0.15589422927129087       0.50452551729938422     
  0.15653055394183482       0.56962939186804862     
  0.15716947594448166       0.62990330295508257     
  0.15781100588094832       0.68366312262572237     
  0.15845515439622559       0.72944067560213910     
  0.15910193217875471       0.76602051817696226     
  0.15975134996060453       0.79246825885008865     
  0.16040341851764989       0.80814994745130597     
  0.16105814866975027       0.81274234020994840     
  0.16171555128092935       0.80623411899502662     
  0.16237563725955523       0.78891839646608730     
  0.16303841755852153       0.76137706885836054     
  0.16370390317542910       0.72445777941480349     
  0.16437210515276834       0.67924442410777286     
  0.16504303457810285       0.62702226452017973     
  0.16571670258425286       0.56923880904238611     
  0.16639312034948034       0.50746168250911805     
  0.16707229909767446       0.44333472675324426     
  0.16775425009853762       0.37853356197182769     
  0.16843898466777257       0.31472179382066268     
  0.16912651416727026       0.25350897703236480     
  0.16981685000529834       0.19641134691601278     
  0.17051000363669019       0.14481620959420757     
  0.17120598656303537        9.9950744786353865E-002
  0.17190481033287031        6.2855826005534576E-002
  0.17260648654186983        3.4365306842594943E-002
  0.17331102683303970        1.5091063071801003E-002
  0.17401844289690985        5.4139228958942805E-003
  0.17472874647172817        5.4804656795405110E-003
  0.17544194934365545        1.5205526513203484E-002
  0.17615806334696094        3.4280112939594161E-002
  0.17687710036421864        6.2184323680959476E-002
  0.17759907232650440        9.8204759202660766E-002
  0.17832399121359424       0.14145583185975064     
  0.17905186905416270       0.19090432007555660     
  0.17978271792598266       0.24539646684596714     
  0.18051654995612570       0.30368689770592810     
  0.18125337732116351       0.36446862654002909     
  0.18199321224736950       0.42640342826595418     
  0.18273606701092207       0.48815188412153410     
  0.18348195393810826       0.54840244640576252     
  0.18423088540552804       0.60589892319957583     
  0.18498287384029991       0.65946584779639694     
  0.18573793172026712       0.70803127017407397     
  0.18649607157420448       0.75064658666393647     
  0.18725730598202642       0.78650310685258096     
  0.18802164757499584       0.81494514158092057     
  0.18878910903593346       0.83547948067933597     
  0.18955970309942835       0.84778121193596290     
  0.19033344255204943       0.85169591204844353     
  0.19111034023255730       0.84723831446763809     
  0.19189040903211749       0.83458762683119159     
  0.19267366189451438       0.81407973105980180     
  0.19346011181636599       0.78619655133827560     
  0.19424977184733941       0.75155291854953421     
  0.19504265509036750       0.71088129392322441     
  0.19583877470186650       0.66501473957168300     
  0.19663814389195391       0.61486853928821339     
  0.19744077592466802       0.56142087973769272     
  0.19824668411818794       0.50569300040628018     
  0.19905588184505443       0.44872921096891516     
  0.19986838253239200       0.39157715777774826     
  0.20068419966213161       0.33526869776510959     
  0.20150334677123438       0.28080170906108337     
  0.20232583745191612       0.22912313396770101     
  0.20315168535187320       0.18111351255638219     
  0.20398090417450848       0.13757322501924510     
  0.20481350767915915        9.9210618947814813E-002
  0.20564950968132489        6.6632154847817315E-002
  0.20648892405289709        4.0334660289616103E-002
  0.20733176472238896        2.0699740946332368E-002
  0.20817804567516671        7.9903561193779438E-003
  0.20902778095368180        2.3495278488867427E-003
  0.20988098465770355        3.8011169220269897E-003
  0.21073767094455342        1.2252566503643328E-002
  0.21159785402933992        2.7499485105785419E-002
  0.21246154818519422        4.9231915478257816E-002
  0.21332876774350720        7.7042114942373924E-002
  0.21419952709416737       0.11043365581811786     
  0.21507384068579924       0.14883164194145565     
  0.21595172302600341       0.19159382878601056     
  0.21683318868159726       0.23802243027445052     
  0.21771825227885655       0.28737639480869831     
  0.21860692850375804       0.33888393612909812     
  0.21949923210222347       0.39175511104832528     
  0.22039517788036408       0.44519424557626341     
  0.22129478070472614       0.49841202310739102     
  0.22219805550253774       0.55063706281209157     
  0.22310501726195672       0.60112683277344514     
  0.22401568103231900       0.64917776035259100     
  0.22493006192438844       0.69413442136174619     
  0.22584817511060773       0.73539770949361083     
  0.22677003582534988       0.77243190773525128     
  0.22769565936517111       0.80477060383611909     
  0.22862506108906488       0.83202141198042701     
  0.22955825641871638       0.85386948233749593     
  0.23049526083875860       0.87007979886295939     
  0.23143608989702943       0.88049828336347735     
  0.23238075920482931       0.88505174021614375     
  0.23332928443718048       0.88374669108282577     
  0.23428168133308711       0.87666716234464515     
  0.23523796569579644       0.86397149970225662     
  0.23619815339306083       0.84588829437474322     
  0.23716226035740115       0.82271151354675331     
  0.23813030258637141       0.79479493415172164     
  0.23910229614282377       0.76254598375794980     
  0.24007825715517533       0.72641909528759641     
  0.24105820181767584       0.68690868361269164     
  0.24204214639067612       0.64454185182239465     
  0.24303010720089804       0.59987093324477159     
  0.24402210064170560       0.55346597225012095     
  0.24501814317337661       0.50590724258949105     
  0.24601825132337590       0.45777789666678437     
  0.24702244168662996       0.40965683284812981     
  0.24803073092580163       0.36211186082241709     
  0.24904313577156709       0.31569323728863835     
  0.25005967302289334       0.27092763600327219     
  0.25108035954731700       0.22831260761628044     
  0.25210521228122396       0.18831157589405670     
  0.25313424823013059       0.15134940800158467     
  0.25416748446896609       0.11780858761770217     
  0.25520493814235545        8.8026010898594076E-002
  0.25624662646490398        6.2290416790748211E-002
  0.25729256672148348        4.0840455017800460E-002
  0.25834277626751834        2.3863387308965190E-002
  0.25939727252927380        1.1494410170623670E-002
  0.26045607300414547        3.8165807877064851E-003
  0.26151919526094891        8.6132152558080280E-004
  0.26258665694021183        2.6094730243641853E-003
  0.26365847575446660        8.9928610624837799E-003
  0.26473466948854396        1.9896338231664507E-002
  0.26581525599986822        3.5160258018302748E-002
  0.26690025321875377        5.4583336124357444E-002
  0.26798967914870253        7.7925851774029317E-002
  0.26908355186670235       0.10491314032284851     
  0.27018188952352734       0.13523932768864633     
  0.27128471034403900       0.16857125692850097     
  0.27239203262748851       0.20455255765688732     
  0.27350387474782023       0.24280780989749476     
  0.27462025515397709       0.28294675534132585     
  0.27574119237020622       0.32456851080096166     
  0.27686670499636645       0.36726574085661268     
  0.27799681170823720       0.41062874923556758     
  0.27913153125782791       0.45424945130223249     
  0.28027088247368953       0.49772519311250030     
  0.28141488426122702       0.54066238575435999     
  0.28256355560301261       0.58267992710876526     
  0.28371691555910122       0.62341238667564347     
  0.28487498326734656       0.66251293267448719     
  0.28603777794371876       0.69965598420716135     
  0.28720531888262307       0.73453957482273735     
  0.28837762545721990       0.76688741731496723     
  0.28955471711974690       0.79645066298017575     
  0.29073661340184104       0.82300935183668933     
  0.29192333391486291       0.84637355343172882     
  0.29311489835022253       0.86638420081413448     
  0.29431132647970543       0.88291362301316201     
  0.29551263815580109       0.89586578391831428     
  0.29671885331203263       0.90517623779070799     
  0.29792999196328690       0.91081181374286879     
  0.29914607420614708       0.91277004339502010     
  0.30036712021922612       0.91107834754805039     
  0.30159315026350136       0.90579299910556677     
  0.30282418468265071       0.89699788063133845     
  0.30406024390339059       0.88480305584780783     
  0.30530134843581452       0.86934317507209347     
  0.30654751887373349       0.85077573505592530     
  0.30779877589501764       0.82927921395433701     
  0.30905514026193970       0.80505110220593123     
  0.31031663282151906       0.77830584997675234     
  0.31158327450586787       0.74927275151350559     
  0.31285508633253861       0.71819378628370822     
  0.31413208940487242       0.68532143616489383     
  0.31541430491234945       0.65091649719672862     
  0.31670175413094059       0.61524590354411535     
  0.31799445842346041       0.57858058035116677     
  0.31929243923992134       0.54119334110985384     
  0.32059571811789023       0.50335684403864078     
  0.32190431668284508       0.46534162077940244     
  0.32321825664853443       0.42741418948952092     
  0.32453755981733712       0.38983526314366712     
  0.32586224808062436       0.35285806257931340     
  0.32719234341912323       0.31672674253312655     
  0.32852786790328065       0.28167493763394225     
  0.32986884369363056       0.24792443405169895     
  0.33121529304116082       0.21568397126121017     
  0.33256723828768275       0.18514817717227228     
  0.33392470186620210       0.15649663871273642     
  0.33528770630129073       0.12989310883450314     
  0.33665627420946076       0.10548484985060921     
  0.33803042829953994        8.3402112009914958E-002
  0.33941019137304806        6.3757745278190239E-002
  0.34079558632457546        4.6646941424630932E-002
  0.34218663614216327        3.2147102713430090E-002
  0.34358336390768413        2.0317832773004498E-002
  0.34498579279722608        1.1201044561880719E-002
  0.34639394608147639        4.8211797708916336E-003
  0.34780784712610791        1.1855334957243347E-003
  0.34922751939216706        2.8467758161224588E-004
  0.35065298643646264        2.0929756816156497E-003
  0.35208427191195729        6.5691827798851476E-003
  0.35352139956815942        1.3657121709284563E-002
  0.35496439325151735        2.3286429036267486E-002
  0.35641327690581565        3.5373362592072265E-002
  0.35786807457257153        4.9821662894807599E-002
  0.35932881039143427        6.6523460728674932E-002
  0.36079550860058590        8.5360223220482895E-002
  0.36226819353714296       0.10620373087621277     
  0.36374688963756052       0.12891707820773207     
  0.36523162143803800       0.15335569078783651     
  0.36672241357492547       0.17936835181657895     
  0.36821929078513355       0.20679823155963595     
  0.36972227790654283       0.23548391332566934     
  0.37123139987841652       0.26526040998124545     
  0.37274668174181458       0.29596016535397529     
  0.37426814864000829       0.32741403524451346     
  0.37579582581889864       0.35945224315144730     
  0.37732973862743413       0.39190530620683706     
  0.37886991251803198       0.42460492722109666     
  0.38041637304700071       0.45738484914051708     
  0.38196914587496344       0.49008166862632491     
  0.38352825676728425       0.52253560586815395     
  0.38509373159449567       0.55459122814425632     
  0.38666559633272773       0.58609812503358483     
  0.38824387706413899       0.61691153356904893     
  0.38982859997734975       0.64689291199436871     
  0.39141979136787586       0.67591046114780295     
  0.39301747763856587       0.70383959284289022     
  0.39462168530003849       0.73056334494752484     
  0.39623244097112265       0.75597274317787000     
  0.39784977137929967       0.77996710992085572     
  0.39947370336114574       0.80245432067833966     
  0.40110426386277853       0.82335100898634916     
  0.40274147994030307       0.84258272090386299     
  0.40438537876026137       0.86008402038724951     
  0.40603598760008325       0.87579854706799787     
  0.40769333384853856       0.88967902813371080     
  0.40935744500619187       0.90168724617453466     
  0.41102834868585908       0.91179396500038323     
  0.41270607261306486       0.91997881555820715     
  0.41439064462650332       0.92623014418402072     
  0.41608209267850005       0.93054482551162554     
  0.41778044483547516       0.93292804242975946     
  0.41948572927840988       0.93339303553238817     
  0.42119797430331363       0.93196082454364459     
  0.42291720832169355       0.92865990422042943     
  0.42464345986102636       0.92352591724267730     
  0.42637675756523108       0.91660130659452999     
  0.42811713019514508       0.90793494992012991     
  0.42986460662900056       0.89758177830631258     
  0.43161921586290408       0.88560238190192153     
  0.43338098701131811       0.87206260473088570     
  0.43514994930754325       0.85703313099433487     
  0.43692613210420378       0.84058906508683584     
  0.43870956487373508       0.82280950747420645     
  0.44050027720887197       0.80377712849617122     
  0.44229829882313998       0.78357774206713371     
  0.44410365955134889       0.76229988115354930     
  0.44591638935008682       0.74003437680735329     
  0.44773651829821842       0.71687394243260283     
  0.44956407659738296       0.69291276485761932     
  0.45139909457249600       0.66824610367796633     
  0.45324160267225266       0.64296990022762490     
  0.45509163146963244       0.61718039742692810     
  0.45694921166240710       0.59097377164717302     
  0.45881437407364939       0.56444577762343273     
  0.46068714965224478       0.53769140734020526     
  0.46256756947340538       0.51080456370844873     
  0.46445566473918498       0.48387774974918030     
  0.46635146677899686       0.45700177389715374     
  0.46825500705013429       0.43026547193949433     
  0.47016631713829160       0.40375544600841040     
  0.47208542875808879       0.37755582095475565     
  0.47401237375359806       0.35174801834012703     
  0.47594718409887132       0.32641054820030801     
  0.47788989189847175       0.30161881865139129     
  0.47984052938800570       0.27744496333293234     
  0.48179912893465782       0.25395768660952750     
  0.48376572303772875       0.23122212638346137     
  0.48574034432917323       0.20929973430696749     
  0.48772302557414277       0.18824817312240780     
  0.48971379967152823       0.16812123080355312     
  0.49171269965450648       0.14896875111963342     
  0.49371975869108847       0.13083658019732758     
  0.49573501008466908       0.11376652861328937     
  0.49775848727458005        9.7796348511582143E-002
  0.49979022383664523        8.2959725206349533E-002
  0.50183025348373689        6.9286282700123672E-002
  0.50387861006633561        5.6801602522005723E-002
  0.50593532757309234        4.5527255267877091E-002
  0.50800044013139123        3.5480844206206640E-002
  0.51007398200791731        2.6676060298123069E-002
  0.51215598760922409        1.9122747968896184E-002
  0.51424649148230461        1.2826980959683393E-002
  0.51634552831516523        7.7911475832439601E-003
  0.51845313293740036        4.0140447051359579E-003
  0.52056934032077162        1.4909797724121016E-003
  0.52269418557978653        2.1388021504963202E-004
  0.52482770397228251        1.7140955091590694E-004
  0.52696993090001132        1.3490895329835730E-003
  0.52912090190922667        3.7294276874812876E-003
  0.53128065269127367        7.2920496036028440E-003
  0.53344921908318188        1.2013835349108132E-002
  0.53562663706825886        1.7869059401479245E-002
  0.53781294277668812        2.4829533501074353E-002
  0.54000817248612853        3.2864751850847661E-002
  0.54221236262231554        4.1942038106412935E-002
  0.54442554975966673        5.2026693620560123E-002
  0.54664777062188774        6.3082146427425434E-002
  0.54887906208258186        7.5070100473440843E-002
  0.55111946116586275        8.7950684624682293E-002
  0.55336900504696696       0.10168260100319282     
  0.55562773105287300       0.11622327222830800     
  0.55789567666291884       0.13152898716248654     
  0.56017287950942463       0.14755504478512282     
  0.56245937737831742       0.16425589584146177     
  0.56475520820975744       0.18158528193769685     
  0.56706041009876806       0.19949637177689014     
  0.56937502129586803       0.21794189425392946     
  0.57169908020770599       0.23687426815086801     
  0.57403262539769728       0.25624572819685248     
  0.57637569558666502       0.27600844727934215     
  0.57872832965348131       0.29611465461517622     
  0.58109056663571335       0.31651674971165200     
  0.58346244573027040       0.33716741196852085     
  0.58584400629405475       0.35801970579216558     
  0.58823528784461476       0.37902718111282907     
  0.59063633006079996       0.40014396921469414     
  0.59304717278342045       0.42132487380692279     
  0.59546785601590702       0.44252545728121523     
  0.59789841992497528       0.46370212211823536     
  0.60033890484129260       0.48481218742134119     
  0.60278935126014666       0.50581396057113870     
  0.60524979984211758       0.52666680400901600     
  0.60772029141375294       0.54733119717135892     
  0.61020086696824494       0.56776879360908927     
  0.61269156766611022       0.58794247333931249     
  0.61519243483587394       0.60781639048709379     
  0.61770350997475421       0.62735601628603466     
  0.62022483474935197       0.64652817751611091     
  0.62275645099634114       0.66530109046614949     
  0.62529840072316345       0.68364439051688275     
  0.62785072610872605       0.70152915744783595     
  0.63041346950409982       0.71892793657835785     
  0.63298667343322390       0.73581475585930545     
  0.63557038059361004       0.75216513903728455     
  0.63816463385705124       0.76795611501841943     
  0.64076947627033398       0.78316622356273713     
  0.64338495105595150       0.79777551744401065     
  0.64601110161282127       0.81176556121291010     
  0.64864797151700582       0.82511942670391702     
  0.65129560452243462       0.83782168542833946     
  0.65395404456163087       0.84985839799740226     
  0.65662333574644061       0.86121710072022806     
  0.65930352236876377       0.87188678952217047     
  0.66199464890129045       0.88185790132907349     
  0.66469675999823752       0.89112229306264645     
  0.66740990049609028       0.89967321839155856     
  0.67013411541434675       0.90750530238175242     
  0.67286944995626363       0.91461451418807993     
  0.67561594950960757       0.92099813792773022     
  0.67837365964740748       0.92665474187384855     
  0.68114262612871068       0.93158414610554641     
  0.68392289489934310       0.93578738874795531     
  0.68671451209267076       0.93926669093326298     
  0.68951752403036504       0.94202542061073624     
  0.69233197722317286       0.94406805533058080     
  0.69515791837168661       0.94540014412322826     
  0.69799539436711988       0.94602826859219558     
  0.70084445229208592       0.94596000333507091     
  0.70370513942137802       0.94520387580354015     
  0.70657750322275481       0.94376932570956173     
  0.70946159135772713       0.94166666408094812     
  0.71235745168234910       0.93890703206572135     
  0.71526513224801314       0.93550235958059524     
  0.71818468130224533       0.93146532389497860     
  0.72111614728950835       0.92680930823783048     
  0.72405957885200312       0.92154836051068956     
  0.72701502483047720       0.91569715218612824     
  0.72998253426503557       0.90927093746689436     
  0.73296215639595286       0.90228551277696001     
  0.73595394066449149       0.89475717665175725     
  0.73895793671372234       0.88670269009090774     
  0.74197419438934753       0.87813923743290900     
  0.74500276374052765       0.86908438780737973     
  0.74804369502071344       0.85955605721669137     
  0.75109703868847777       0.84957247129515234     
  0.75416284540835488       0.83915212879023071     
  0.75724116605167924       0.82831376580680549     
  0.76033205169743068       0.81707632085194459     
  0.76343555363308235       0.80545890071431026     
  0.76655172335545019       0.79348074720910211     
  0.76968061257154952       0.78116120481612716     
  0.77282227319945096       0.76851968923561509     
  0.77597675736914307       0.75557565688333772     
  0.77914411742339751       0.74234857534372711     
  0.78232440591863694       0.72885789479689822     
  0.78551767562580699       0.71512302043282416     
  0.78872397953125306       0.70116328586326393     
  0.79194337083759792       0.68699792753970612     
  0.79517590296462559       0.67264606018306594     
  0.79842162955016782       0.65812665322875807     
  0.80168060445099321       0.64345850828853890     
  0.80495288174370172       0.62866023762846346     
  0.80823851572562166       0.61375024366041364     
  0.81153756091571005       0.59874669944275316     
  0.81485007205545901       0.58366753018394246     
  0.81817610410980179       0.56853039574135045     
  0.82151571226802678       0.55335267410588596     
  0.82486895194469190       0.53815144586167196     
  0.82823587878054472       0.52294347960865561     
  0.83161654864344625       0.50774521833470132     
  0.83501101762929653       0.49257276672268102     
  0.83841934206296653       0.47744187937684313     
  0.84184157849923302       0.46236794995187741     
  0.84527778372371576       0.44736600116711817     
  0.84872801475382054       0.43245067568748036     
  0.85219232883968588       0.41763622785202625     
  0.85567078346513115       0.40293651623036486     
  0.85916343634861292       0.38836499698642107     
  0.86267034544418009       0.37393471802870848     
  0.86619156894243732       0.35965831392561748     
  0.86972716527151039       0.34554800156395560     
  0.87327719309801433       0.33161557652859075     
  0.87684171132802924       0.31787241018073592     
  0.88042077910807537       0.30432944741226281     
  0.88401445582609561       0.29099720505321369     
  0.88762280111244185       0.27788577090957262     
  0.89124587484086226       0.26500480340830362     
  0.89488373712949654       0.25236353182666105     
  0.89853644834187318       0.23997075708273716     
  0.90220406908791040       0.22783485306437631     
  0.90588666022492215       0.21596376847359378     
  0.90958428285862880       0.20436502916385804     
  0.91329699834416944       0.19304574094773899     
  0.91702486828712149       0.18201259285261912     
  0.92076795454452198       0.17127186080246690     
  0.92452631922589401       0.16082941170387280     
  0.92830002469427830       0.15069070791488737     
  0.93208913356726641       0.14086081207552864     
  0.93589370871804145       0.13134439227912006     
  0.93971381327641990       0.12214572756404742     
  0.94354951062989978       0.11326871370586414     
  0.94740086442471305       0.10471686929008724     
  0.95126793856688030        9.6493342046435032E-002
  0.95515079722327212        8.8600915425713633E-002
  0.95904950482267404        8.1042015400936238E-002
  0.96296412605685466        7.3818717474817358E-002
  0.96689472588163972        6.6932753876103687E-002
  0.97084136951799027        6.0385520927818230E-002
  0.97480412245308368        5.4178086570852810E-002
  0.97878305044140190        4.8311198026893973E-002
  0.98277821950582100        4.2785289585128172E-002
  0.98678969593870736        3.7600490497638403E-002
  0.99081754630301844        3.2756632968947492E-002
  0.99486183743340539        2.8253260225601193E-002
  0.99892263643732426        2.4089634652193683E-002
   1.0030000106961476        2.0264745980733492E-002
   1.0070940278662834        1.6777319520730003E-002
   1.0112047558802988        1.3625824417855604E-002
   1.0153322629480441        1.0808481929540377E-002
   1.0194766175577885        8.3232737063062088E-003
   1.0236378884773538        6.1679500681491696E-003
   1.0278161447552574        4.3400382657223530E-003
   1.0320114557218547        2.8368507165438613E-003
   1.0362238909904942        1.6554932069068793E-003
   1.0404535204586696        7.9287305061884704E-004
   1.0447004143091787        2.4570719613473298E-004
   1.0489646430112913        1.0530274081385082E-005
   1.0532462773219167        8.3702577600286210E-005
   1.0575453882867758        4.6141796834682139E-004
   1.0618620472415838        1.1397117013957053E-003
   1.0661963258132321        2.1144681627004573E-003
   1.0705482959209747        3.3814285131422953E-003
   1.0749180297776255        4.9361982335913079E-003
   1.0793055998907541        6.7742545657628727E-003
   1.0837110790638902        8.8909538440268953E-003
   1.0881345403977287        1.1281538713665919E-002
   1.0925760572913470        1.3941145231433867E-002
   1.0970357034434204        1.6864809844586541E-002
   1.1015135528534441        2.0047476244881887E-002
   1.1060096798229635        2.3484002094369343E-002
   1.1105241589568067        2.7169165620074483E-002
   1.1150570651643195        3.1097672074979210E-002
   1.1196084736606120        3.5264160063004028E-002
   1.1241784599678060        3.9663207725933423E-002
   1.1287670999162849        4.4289338790513506E-002
   1.1333744696459565        4.9137028474209928E-002
   1.1380006456075142        5.4200709248324340E-002
   1.1426457045637044        5.9474776457439323E-002
   1.1473097235906025        6.4953593794366923E-002
   1.1519927800788912        7.0631498629987771E-002
   1.1566949517351428        7.6502807197577863E-002
   1.1614163165831117        8.2561819631438743E-002
   1.1661569529650266        8.8802824859784857E-002
   1.1709169395428922        9.5220105352078754E-002
   1.1756963552997917       0.10180794172112378     
   1.1804952795412009       0.10856061718044203     
   1.1853137918963028       0.11547242185755127     
   1.1901519723193061       0.12253765696396444     
   1.1950099010907769       0.12975063882284940     
   1.1998876588189678       0.13710570275538631     
   1.2047853264411541       0.14459720682704441     
   1.2097029852249803       0.15221953545506986     
   1.2146407167698074       0.15996710287859833     
   1.2195986030080641       0.16783435649289982     
   1.2245767262066105       0.17581578004940257     
   1.2295751689681005       0.18390589672315019     
   1.2345940142323542       0.19209927204950122     
   1.2396333452777308       0.20039051673193878     
   1.2446932457225151       0.20877428932289271     
   1.2497737995263021       0.21724529877960283     
   1.2548750909913893       0.22579830689703442     
   1.2599972047641785       0.23442813062000586     
   1.2651402258365791       0.24312964423664435     
   1.2703042395474162       0.25189778145538305     
   1.2754893315838498       0.26072753736774307     
   1.2806955879827961       0.26961397029918310     
   1.2859230951323521       0.27855220355028659     
   1.2911719397732333       0.28753742703066221     
   1.2964422090002106       0.29656489878787295     
   1.3017339902635547       0.30562994643378111     
   1.3070473713704895       0.31472796847068640     
   1.3123824404866489       0.32385443551965437     
   1.3177392861375357       0.33300489145342926     
   1.3231179972099965       0.34217495443635959     
   1.3285186629536925       0.35136031787369221     
   1.3339413729825829       0.36055675127270398     
   1.3393862172764077       0.36976010101800710     
   1.3448532861821869       0.37896629106347579     
   1.3503426704157151       0.38817132354311978     
   1.3558544610630672       0.39737127930332350     
   1.3613887495821120       0.40656231835877049     
   1.3669456278040288       0.41574068027440481     
   1.3725251879348284       0.42490268447573415     
   1.3781275225568879       0.43404473048980952     
   1.3837527246304846       0.44316329811909927     
   1.3894008874953359       0.45225494755055284     
   1.3950721048721533       0.46131631940206830     
   1.4007664708641934       0.47034413470855985     
   1.4064840799588225       0.47933519484978543     
   1.4122250270290799       0.48828638142209652     
   1.4179894073352572       0.49719465605620683     
   1.4237773165264773       0.50605706018306740     
   1.4295888506422783       0.51487071474987345     
   1.4354241061142121       0.52363281988824284     
   1.4412831797674421       0.53234065453654333     
   1.4471661688223481       0.54099157601827308     
   1.4530731708961429       0.54958301957846056     
   1.4590042840044910       0.55811249787992001     
   1.4649596065631323       0.56657760046119798     
   1.4709392373895191       0.57497599315803283     
   1.4769432757044543       0.58330541749006970     
   1.4829718211337348       0.59156369001455844     
   1.4890249737098105       0.59974870164874095     
   1.4951028338734396       0.60785841696254650     
   1.5012055024753554       0.61589087344322468     
   1.5073330807779428       0.62384418073350068     
   1.5134856704569155       0.63171651984475941     
   1.5196633736030056       0.63950614234679259     
   1.5258662927236537       0.64721136953551939     
   1.5320945307447145       0.65483059158016954     
   1.5383481910121630       0.66236226665125053     
   1.5446273772938062       0.66980492003068171     
   1.5509321937810101       0.67715714320540421     
   1.5572627450904259       0.68441759294572890     
   1.5636191362657244       0.69158499036965815     
   1.5700014727793419       0.69865811999440808     
   1.5764098605342303       0.70563582877626141     
   1.5828444058656099       0.71251702513990156     
   1.5893052155427401       0.71930067799832664     
   1.5957923967706868       0.72598581576438681     
   1.6023060571921037       0.73257152535498460     
   1.6088463048890147       0.73905695118892312     
   1.6154132483846122       0.74544129417936833     
   1.6220069966450557       0.75172381072184269     
   1.6286276590812767       0.75790381167865095     
   1.6352753455508005       0.76398066136060006     
   1.6419501663595648       0.76995377650683761     
   1.6486522322637496       0.77582262526361345     
   1.6553816544716176       0.78158672616274250     
   1.6621385446453594       0.78724564710049183     
   1.6689230149029417       0.79279900431761685     
   1.6757351778199741       0.79824646138122624     
   1.6825751464315746       0.80358772816913127     
   1.6894430342342412       0.80882255985730045     
   1.6963389551877424       0.81395075591103083     
   1.7032630237170037       0.81897215908040588     
   1.7102153547140044       0.82388665440049380     
   1.7171960635396897       0.82869416819734965     
   1.7242052660258809       0.83339466709901056     
   1.7312430784771990       0.83798815705367680     
   1.7383096176729915       0.84247468235425571     
   1.7454050008692747       0.84685432467021660     
   1.7525293458006783       0.85112720208705139     
   1.7596827706823941       0.85529346815376395     
   1.7668653942121444       0.85935331093872114     
   1.7740773355721486       0.86330695209422292     
   1.7813187144310982       0.86715464593012137     
   1.7885896509461472       0.87089667849678509     
   1.7958902657649043       0.87453336667769599     
   1.8032206800274309       0.87806505729194562     
   1.8105810153682576       0.88149212620689010     
   1.8179713939183981       0.88481497746118498     
   1.8253919383073787       0.88803404239841688     
   1.8328427716652678       0.89114977881154489     
   1.8403240176247260       0.89416267009831840     
   1.8478358003230537       0.89707322442785298     
   1.8553782444042495       0.89988197391850533     
   1.8629514750210820       0.90258947382721277     
   1.8705556178371661       0.90519630175038734     
   1.8781907990290427       0.90770305683650521     
   1.8858571452882809       0.91011035901048598     
   1.8935547838235744       0.91241884820993524     
   1.9012838423628520       0.91462918363334922     
   1.9090444491554013       0.91674204300032303     
   1.9168367329739937       0.91875812182383110     
   1.9246608231170197       0.92067813269461185     
   1.9325168494106386       0.92250280457769929     
   1.9404049422109304       0.92423288212111432     
   1.9483252324060565       0.92586912497672724     
   1.9562778514184365       0.92741230713331135     
   1.9642629312069249       0.92886321626175694     
   1.9722806042690040       0.93022265307245477     
   1.9803310036429771       0.93149143068481344     
   1.9884142629101824       0.93267037400889041     
   1.9965305161972071       0.93376031913908852     
   2.0046798981781091       0.93476211275989340     
   2.0128625440766581       0.93567661156357584     
   2.0210785896685763       0.93650468167982470     
   2.0293281712837890       0.93724719811723767     
   2.0376114258086915       0.93790504421660514     
   2.0459284906884188       0.93847911111589988     
   2.0542795039291217       0.93897029722691705     
   2.0626646041002639       0.93937950772346168     
   2.0710839303369175       0.93970765404100065     
   2.0795376223420732       0.93995565338768583     
   2.0880258203889532       0.94012442826664966     
   2.0965486653233478       0.94021490600947843     
   2.1051062985659468       0.94022801832074521     
   2.1136988621146831       0.94016470083350945     
   2.1223264985470975       0.94002589267566050     
   2.1309893510226989       0.93981253604699155     
   2.1396875632853374       0.93952557580689244     
   2.1484212796655959       0.93916595907254197     
   2.1571906450831819       0.93873463482746189     
   2.1659958050493291       0.93823255354032875     
   2.1748369056692178       0.93766066679390436     
   2.1837140936443968       0.93701992692396074     
   2.1926275162752127       0.93631128666806396     
   2.2015773214632635       0.93553569882409360     
   2.2105636577138457       0.93469411591835783     
   2.2195866741384194       0.93378748988317462     
   2.2286465204570853       0.93281677174377875     
   2.2377433470010675       0.93178291131442159     
   2.2468773047152077       0.93068685690352693     
   2.2560485451604677       0.92952955502776291     
   2.2652572205164492       0.92831195013489287     
   2.2745034835839171       0.92703498433526821     
   2.2837874877873303       0.92569959714181860     
   2.2931093871773944       0.92430672521840840     
   2.3024693364336155       0.92285730213641304     
   2.3118674908668622       0.92135225813937971     
   2.3213040064219506       0.91979251991563327     
   2.3307790396802273       0.91817901037868421     
   2.3402927478621649       0.91651264845530711     
   2.3498452888299783       0.91479434888114819     
   2.3594368210902377       0.91302502200371471     
   2.3690675037965030       0.91120557359263199     
   2.3787374967519588       0.90933690465700512     
   2.3884469604120731       0.90741991126976651     
   2.3981960558872570       0.90545548439886836     
   2.4079849449455333       0.90344450974518742     
   2.4178137900152290       0.90138786758700529     
   2.4276827541876669       0.89928643263093189     
   2.4375920012198664       0.89714107386915398     
   2.4475416955372706       0.89495265444284677     
   2.4575320022364697       0.89272203151165663     
   2.4675630870879357       0.89045005612910133     
   2.4776351165387829       0.88813757312376518     
   2.4877482577155234       0.88578542098617308     
   2.4979026784268394       0.88339443176120669     
   2.5080985471663721       0.88096543094594193     
   2.5183360331155162       0.87849923739279745     
   2.5286153061462220       0.87599666321784986     
   2.5389365368238228       0.87345851371421956     
   2.5492998964098588       0.87088558727039667     
   2.5597055568649218       0.86827867529339176     
   2.5701536908515048       0.86563856213659895     
   2.5806444717368717       0.86296602503225650     
   2.5911780735959340       0.86026183402838441     
   2.6017546712141315       0.85752675193010908     
   2.6123744400903441       0.85476153424523915     
   2.6230375564397970       0.85196692913400751     
   2.6337441971969815       0.84914367736285434     
   2.6444945400185995       0.84629251226216518     
   2.6552887632865070       0.84341415968783640     
   2.6661270461106703       0.84050933798660232     
   2.6770095683321458       0.83757875796497461     
   2.6879365105260575       0.83462312286175033     
   2.6989080540045989       0.83164312832393961     
   2.7099243808200328       0.82863946238606323     
   2.7209856737677236       0.82561280545268401     
   2.7320921163891634       0.82256383028411484     
   2.7432438929750149       0.81949320198519204     
   2.7544411885681774       0.81640157799702961     
   2.7656841889668535       0.81328960809166595     
   2.7769730807276272       0.81015793436952166     
   2.7883080511685678       0.80700719125957321     
   2.7996892883723348       0.80383800552217233     
   2.8111169811892935       0.80065099625442115     
   2.8225913192406575       0.79744677489801530     
   2.8341124929216317       0.79422594524949852     
   2.8456806934045655       0.79098910347282902     
   2.8572961126421350       0.78773683811419304     
   2.8689589433705232       0.78446973011898702     
   2.8806693791126143       0.78118835285090282     
   2.8924276141812122       0.77789327211303116     
   2.9042338436822610       0.77458504617092694     
   2.9160882635180831       0.77126422577755771     
   2.9279910703906258       0.76793135420007796     
   2.9399424618047334       0.76458696724834740     
   2.9519426360714194       0.76123159330515078     
   2.9639917923111532       0.75786575335803519     
   2.9760901304571732       0.75448996103271537     
   2.9882378512587997       0.75110472262798511     
   3.0004351562847607       0.74771053715206803     
   3.0126822479265480       0.74430789636036265     
   3.0249793294017673       0.74089728479451122     
   3.0373266047575087       0.73747917982275057     
   3.0497242788737404       0.73405405168147786     
   3.0621725574667020       0.73062236351799081     
   3.0746716470923223       0.72718457143433590     
   3.0872217551496384       0.72374112453223638     
   3.0998230898842483       0.72029246495902410     
   3.1124758603917613       0.71683902795454646     
   3.1251802766212617       0.71338124189900176     
   3.1379365493788032       0.70991952836163541     
   3.1507448903309023       0.70645430215028227     
   3.1636055120080444       0.70298597136169449     
   3.1765186278082207       0.69951493743260929     
   3.1894844520004644       0.69604159519152475     
   3.2025031997284015       0.69256633291114356     
   3.2155750870138298       0.68908953236143655     
   3.2287003307602982       0.68561156886329122     
   3.2418791487567020       0.68213281134271941     
   3.2551117596809069       0.67865362238556382     
   3.2683983831033703       0.67517435829269556     
   3.2817392394907818       0.67169536913564609     
   3.2951345502097307       0.66821699881265251     
   3.3085845375303724       0.66473958510507780     
   3.3220894246301196       0.66126345973418543     
   3.3356494355973410       0.65778894841821178     
   3.3492647954350852       0.65431637092974304     
   3.3629357300648142       0.65084604115333089     
   3.3766624663301439       0.64737826714335422     
   3.3904452320006189       0.64391335118206050     
   3.4042842557754875       0.64045158983779793     
   3.4181797672874907       0.63699327402338968     
   3.4321319971066844       0.63353868905462962     
   3.4461411767442565       0.63008811470887849     
   3.4602075386563675       0.62664182528373735     
   3.4743313162480152       0.62320008965577067     
   3.4885127438769019       0.61976317133926329     
   3.5027520568573265       0.61633132854498207     
   3.5170494914640815       0.61290481423893417     
   3.5314052849363842       0.60948387620108269     
   3.5458196754818094       0.60606875708402286     
   3.5602929022802345       0.60265969447158252     
   3.5748252054878202       0.59925692093733685     
   3.5894168262409902       0.59586066410301797     
   3.6040680066604258       0.59247114669680534     
   3.6187789898550959       0.58908858661147245     
   3.6335500199262847       0.58571319696238711     
   3.6483813419716364       0.58234518614533959     
   3.6632732020892336       0.57898475789418558     
   3.6782258473816740       0.57563211133829795     
   3.6932395259601685       0.57228744105980056     
   3.7083144869486642       0.56895093715058564     
   3.7234509804879772       0.56562278526908771     
   3.7386492577399353       0.56230316669681923     
   3.7539095708915569       0.55899225839463496     
   3.7692321731592284       0.55569023305873466     
   3.7846173187929102       0.55239725917638327     
   3.8000652630803460       0.54911350108133561     
   3.8155762623513128       0.54583911900896542     
   3.8311505739818670       0.54257426915108020     
   3.8467884563986092       0.53931910371041958     
   3.8624901690829847       0.53607377095482545     
   3.8782559725755825       0.53283841527107689     
   3.8940861284804527       0.52961317721838097     
   3.9099808994694594       0.52639819358151396     
   3.9259405492866346       0.52319359742360472     
   3.9419653427525452       0.51999951813855527     
   3.9580555457687030       0.51681608150309022     
   3.9742114253219660       0.51364340972842870     
   3.9904332494889743       0.51048162151157694     
   4.0067212874405893       0.50733083208623608     
   4.0230758094463717       0.50419115327330943     
   4.0394970868790629       0.50106269353102384     
   4.0559853922190783       0.49794555800464407     
   4.0725409990590427       0.49483984857578428     
   4.0891641821083224       0.49174566391130747     
   4.1058552171975808       0.48866309951182002     
   4.1226143812833644       0.48559224775974352     
   4.1394419524526915       0.48253319796697092     
   4.1563382099276636       0.47948603642210347     
   4.1733034340701094       0.47645084643726116     
   4.1903379063862296       0.47342770839446646     
   4.2074419095312638       0.47041669979160544     
   4.2246157273141920       0.46741789528795208     
   4.2418596447024361       0.46443136674926488     
   4.2591739478265858       0.46145718329245206     
   4.2765589239851547       0.45849541132980365     
   4.2940148616493437       0.45554611461276467     
   4.3115420504678283       0.45260935427532434     
   4.3291407812715565       0.44968518887691777     
   4.3468113460785895       0.44677367444491300     
   4.3645540380989400       0.44387486451665814     
   4.3823691517394279       0.44098881018109182     
   4.4002569826085844       0.43811556011991210     
   4.4182178275215458       0.43525516064831005     
   4.4362519845049730       0.43240765575526985     
   4.4543597528020111       0.42957308714342363     
   4.4725414328772475       0.42675149426847803     
   4.4907973264216903       0.42394291437820275     
   4.5091277363577875       0.42114738255098227     
   4.5275329668444471       0.41836493173393613     
   4.5460133232820850       0.41559559278060748     
   4.5645691123176864       0.41283939448821838     
   4.5832006418499045       0.41009636363449503     
   4.6019082210341660       0.40736652501406684     
   4.6206921602877928       0.40464990147443458     
   4.6395527712951647       0.40194651395151720     
   4.6584903670128890       0.39925638150477083     
   4.6775052616749795       0.39657952135189006     
   4.6965977707980926       0.39391594890308235     
   4.7157682111867478       0.39126567779493571     
   4.7350169009385850       0.38862871992385600     
   4.7543441594496505       0.38600508547910289     
   4.7737503074196939       0.38339478297540514     
   4.7932356668574805       0.38079781928517292     
   4.8128005610861475       0.37821419967029829     
   4.8324453147485658       0.37564392781355127     
   4.8521702538127149       0.37308700584957899     
   4.8719757055771122       0.37054343439549697     
   4.8918619986762248       0.36801321258108777     
   4.9118294630859394       0.36549633807860615     
   4.9318784301290162       0.36299280713219007     
   4.9520092324806102       0.36050261458687943     
   4.9722222041737796       0.35802575391725683     
   4.9925176806050207       0.35556221725569659     
   5.0128959985398502       0.35311199542023430     
   5.0333574961183860       0.35067507794206315     
   5.0539025128609465       0.34825145309264927     
   5.0745313896737043       0.34584110791047962     
   5.0952444688543324       0.34344402822743519     
   5.1160420940976774       0.34106019869480630     
   5.1369246105014765       0.33868960280893395     
   5.1578923645720769       0.33633222293650283     
   5.1789457042301867       0.33398804033946472     
   5.2000849788166388       0.33165703519962170     
   5.2213105390982024       0.32933918664284545     
   5.2426227372734004       0.32703447276295722     
   5.2640219269783390       0.32474287064526020     
   5.2855084632925946       0.32246435638973164     
   5.3070827027450962       0.32019890513387284     
   5.3287450033200381       0.31794649107523171     
   5.3504957244628288       0.31570708749358467     
   5.3723352270860527       0.31348066677279574     
   5.3942638735754480       0.31126720042234857     
   5.4162820277959387       0.30906665909855280     
   5.4383900550976607       0.30687901262543782     
   5.4605883223220175       0.30470423001532587     
   5.4828771978077846       0.30254227948909068     
   5.5052570513972130       0.30039312849611338     
   5.5277282544421542       0.29825674373392569     
   5.5502911798102446       0.29613309116755182     
   5.5729462018910780       0.29402213604855193     
   5.5956936966024218       0.29192384293376794     
   5.6185340413964466       0.28983817570377535     
   5.6414676152660075       0.28776509758104413     
   5.6644947987509173       0.28570457114781367     
   5.6876159739442613       0.28365655836368370     
   5.7108315244987482       0.28162102058292438     
   5.7341418356330687       0.27959791857150540     
   5.7575472941382806       0.27758721252385660     
   5.7810482883842447       0.27558886207935174     
   5.8046452083260549       0.27360282633852512     
   5.8283384455105089       0.27162906387902636     
   5.8521283930826149       0.26966753277130734     
   5.8760154457921070       0.26771819059405494     
