  0.10000000000000001       0.64565406879821308     
  0.10040817718110437       0.59167400469184517     
  0.10081802044832047       0.52144951917403770     
  0.10122953660223166       0.43995386197475606     
  0.10164273247117964       0.35285770025283902     
  0.10205761491137796       0.26612895093783540     
  0.10247419080702558       0.18562448715401339     
  0.10289246707042120       0.11670148345119677     
  0.10331245064207799        6.3873600166950706E-002
  0.10373414849083867        3.0533090350649664E-002
  0.10415756761399117        1.8754611085320571E-002
  0.10458271503738485        2.9190457169163263E-002
  0.10500959781554686        6.1060553721889038E-002
  0.10543822303179938       0.11223428128086621     
  0.10586859779837712       0.17939546136047660     
  0.10630072925654524       0.25827694100838294     
  0.10673462457671801       0.34394744255623799     
  0.10717029095857759       0.43113086164303754     
  0.10760773563119364       0.51453708154447042     
  0.10804696585314330       0.58918361238161676     
  0.10848798891263144       0.65068886364126344     
  0.10893081212761184       0.69552044980755345     
  0.10937544284590843       0.72118538814900313     
  0.10982188844533726       0.72635311329893548     
  0.11027015633382903       0.71090662457290243     
  0.11072025394955184       0.67592151768896114     
  0.11117218876103470       0.62357686771411347     
  0.11162596826729153       0.55700569060282534     
  0.11208159999794542       0.48009582507163479     
  0.11253909151335369       0.39725440382028104     
  0.11299845040473337       0.31315053737541926     
  0.11345968429428700       0.23245138513304403     
  0.11392280083532935       0.15956646001984465     
  0.11438780771241415        9.8413877222835941E-002
  0.11485471264146174        5.2220425768082855E-002
  0.11532352336988719        2.3364957622157487E-002
  0.11579424767672861        1.3271816517295880E-002
  0.11626689337277650        2.2358042103418470E-002
  0.11674146830070313        5.0035058371835528E-002
  0.11721798033519278        9.4762652981035977E-002
  0.11769643738307244       0.15415042270885354     
  0.11817684738344295       0.22509962194140079     
  0.11865921830781066       0.30397659900474666     
  0.11914355816021997       0.38680780055008102     
  0.11962987497738581       0.46948569577359706     
  0.12011817682882717       0.54797491695487510     
  0.12060847181700105       0.61850839845579375     
  0.12110076807743671       0.67776426545622837     
  0.12159507377887094       0.72301559837185192     
  0.12209139712338332       0.75224688618088942     
  0.12258974634653247       0.76423287967896891     
  0.12309012971749274       0.75857755848045960     
  0.12359255553919130       0.73571292996614823     
  0.12409703214844603       0.69685928791547624     
  0.12460356791610375       0.64395028800295595     
  0.12511217124717913       0.57952767588271881     
  0.12562285058099434       0.50661167719201528     
  0.12613561439131882       0.42855389150391304     
  0.12665047118650996       0.34888000648586215     
  0.12716742950965446       0.27112976454640036     
  0.12768649793870987       0.19870138882504412     
  0.12820768508664696       0.13470713970146903     
  0.12873099960159279        8.1845870198298087E-002
  0.12925645016697404        4.2297430915202640E-002
  0.12978404550166117        1.7642600659513528E-002
  0.13031379436011306        8.8109488761862059E-003
  0.13084570553252231        1.6057731468734425E-002
  0.13137978784496107        3.8969641080276313E-002
  0.13191605015952751        7.6498029740750234E-002
  0.13245450137449291       0.12701714235020051     
  0.13299515042444918       0.18840398164715608     
  0.13353800628045717       0.25813569753511928     
  0.13408307795019572       0.33339987438656266     
  0.13463037447811083       0.41121278771421854     
  0.13517990494556581       0.48854061532063991     
  0.13573167847099218       0.56241870783456793     
  0.13628570421004074       0.63006433181775634     
  0.13684199135573349       0.68897877136731278     
  0.13740054913861643       0.73703528238527971     
  0.13796138682691236       0.77255010507973465     
  0.13852451372667493       0.79433452059674514     
  0.13908993918194296       0.80172675241608449     
  0.13965767257489561       0.79460332878330786     
  0.14022772332600780       0.77337030778867588     
  0.14080010089420669       0.73893549385721358     
  0.14137481477702879       0.69266341965228473     
  0.14195187451077720       0.63631541172922723     
  0.14253128967068007       0.57197748782261293     
  0.14311306987104958       0.50197913976769959     
  0.14369722476544117       0.42880623526491557     
  0.14428376404681392       0.35501132541580155     
  0.14487269744769149       0.28312457908354860     
  0.14546403474032335       0.21556838946866241     
  0.14605778573684705       0.15457842590515117     
  0.14665396028945119       0.10213355037935529     
  0.14725256829053859        5.9896601035455715E-002
  0.14785361967289068        2.9167582371722050E-002
  0.14845712440983222        1.0850312660003282E-002
  0.14906309251539690        5.4330816645244730E-003
  0.14967153404449324        1.2983383331471858E-002
  0.15028245909307170        3.3156324589664478E-002
  0.15089587779829214        6.5215886623700065E-002
  0.15151180033869191       0.10806784056697305     
  0.15213023693435482       0.16030280464061011     
  0.15275119784708088       0.22024768086020502     
  0.15337469338055626       0.28602353045172746     
  0.15400073388052446       0.35560783941792040     
  0.15462932973495802       0.42689908823659872     
  0.15526049137423079       0.49778156923274053     
  0.15589422927129087       0.56618848661808074     
  0.15653055394183482       0.63016152080919663     
  0.15716947594448166       0.68790523243137014     
  0.15781100588094832       0.73783491349329977     
  0.15845515439622559       0.77861675411853215     
  0.15910193217875471       0.80919947326098152     
  0.15975134996060453       0.82883685142567409     
  0.16040341851764989       0.83710089335548843     
  0.16105814866975027       0.83388563035497576     
  0.16171555128092935       0.81940183767430863     
  0.16237563725955523       0.79416318545125608     
  0.16303841755852153       0.75896455652328543     
  0.16370390317542910       0.71485344660519068     
  0.16437210515276834       0.66309550875733536     
  0.16504303457810285       0.60513541286767902     
  0.16571670258425286       0.54255426136133311     
  0.16639312034948034       0.47702483498789638     
  0.16707229909767446       0.41026593880367679     
  0.16775425009853762       0.34399708075546337     
  0.16843898466777257       0.27989464674816761     
  0.16912651416727026       0.21955064052912049     
  0.16981685000529834       0.16443493840478299     
  0.17051000363669019       0.11586187229724404     
  0.17120598656303537        7.4961804690560130E-002
  0.17190481033287031        4.2658200381357772E-002
  0.17260648654186983        1.9650537296872706E-002
  0.17331102683303970        6.4032364216365604E-003
  0.17401844289690985        3.1406332006054839E-003
  0.17472874647172817        9.8478633768322617E-003
  0.17544194934365545        2.6277398317190011E-002
  0.17615806334696094        5.1960841201779018E-002
  0.17687710036421864        8.6225488172594317E-002
  0.17759907232650440       0.12821506926118492     
  0.17832399121359424       0.17691401368994419     
  0.17905186905416270       0.23117453346692346     
  0.17978271792598266       0.28974578805680717     
  0.18051654995612570       0.35130438081934173     
  0.18125337732116351       0.41448544394672637     
  0.18199321224736950       0.47791359151321910     
  0.18273606701092207       0.54023305837649027     
  0.18348195393810826       0.60013639419104536     
  0.18423088540552804       0.65639114467778381     
  0.18498287384029991       0.70786402438379781     
  0.18573793172026712       0.75354216424502984     
  0.18649607157420448       0.79255110110911309     
  0.18725730598202642       0.82416926281041170     
  0.18802164757499584       0.84783878933207191     
  0.18878910903593346       0.86317261609406459     
  0.18955970309942835       0.86995782769294028     
  0.19033344255204943       0.86815536790633918     
  0.19111034023255730       0.85789626309741851     
  0.19189040903211749       0.83947458017649879     
  0.19267366189451438       0.81333739610211819     
  0.19346011181636599       0.78007210287430173     
  0.19424977184733941       0.74039140966668338     
  0.19504265509036750       0.69511643196617445     
  0.19583877470186650       0.64515827635702128     
  0.19663814389195391       0.59149853911463557     
  0.19744077592466802       0.53516913745501582     
  0.19824668411818794       0.47723188466461980     
  0.19905588184505443       0.41875820509070433     
  0.19986838253239200       0.36080936288927346     
  0.20068419966213161       0.30441755037538454     
  0.20150334677123438       0.25056814872489924     
  0.20232583745191612       0.20018343660152457     
  0.20315168535187320       0.15410798200176051     
  0.20398090417450848       0.11309591019308042     
  0.20481350767915915        7.7800197006625924E-002
  0.20564950968132489        4.8764092835693267E-002
  0.20648892405289709        2.6414739324655327E-002
  0.20733176472238896        1.1058998682925852E-002
  0.20817804567516671        2.8814755171146936E-003
  0.20902778095368180        1.9446736485979246E-003
  0.20988098465770355        8.1911960880738134E-003
  0.21073767094455342        2.1447865594657674E-002
  0.21159785402933992        4.1431616380691372E-002
  0.21246154818519422        6.7756984767268047E-002
  0.21332876774350720        9.9945008091260917E-002
  0.21419952709416737       0.13743332696752891     
  0.21507384068579924       0.17958727609454267     
  0.21595172302600341       0.22571174305791120     
  0.21683318868159726       0.27506357286795302     
  0.21771825227885655       0.32686429803939721     
  0.21860692850375804       0.38031297960839799     
  0.21949923210222347       0.43459895326798348     
  0.22039517788036408       0.48891428643879531     
  0.22129478070472614       0.54246576620399867     
  0.22219805550253774       0.59448625423808243     
  0.22310501726195672       0.64424526275041261     
  0.22401568103231900       0.69105862465136092     
  0.22493006192438844       0.73429715123902084     
  0.22584817511060773       0.77339419132152221     
  0.22677003582534988       0.80785202647269216     
  0.22769565936517111       0.83724705773032593     
  0.22862506108906488       0.86123375917530365     
  0.22955825641871638       0.87954739319454611     
  0.23049526083875860       0.89200550058147177     
  0.23143608989702943       0.89850819574790497     
  0.23238075920482931       0.89903731302937684     
  0.23332928443718048       0.89365446421378958     
  0.23428168133308711       0.88249807989882700     
  0.23523796569579644       0.86577951800657993     
  0.23619815339306083       0.84377833170738981     
  0.23716226035740115       0.81683679611202364     
  0.23813030258637141       0.78535379839356334     
  0.23910229614282377       0.74977819953544489     
  0.24007825715517533       0.71060177773094269     
  0.24105820181767584       0.66835186366409749     
  0.24204214639067612       0.62358377658224251     
  0.24303010720089804       0.57687316734098337     
  0.24402210064170560       0.52880837059091146     
  0.24501814317337661       0.47998286311768612     
  0.24601825132337590       0.43098791918738838     
  0.24702244168662996       0.38240554673373262     
  0.24803073092580163       0.33480178050282278     
  0.24904313577156709       0.28872039999218280     
  0.25005967302289334       0.24467713133035990     
  0.25108035954731700       0.20315438328224908     
  0.25210521228122396       0.16459655846871135     
  0.25313424823013059       0.12940597178442523     
  0.25416748446896609        9.7939399003996966E-002
  0.25520493814235545        7.0505269792295544E-002
  0.25624662646490398        4.7361510878638401E-002
  0.25729256672148348        2.8714037104020297E-002
  0.25834277626751834        1.4715880481500253E-002
  0.25939727252927380        5.4669403867019560E-003
  0.26045607300414547        1.0143315714874247E-003
  0.26151919526094891        1.3533009102278644E-003
  0.26258665694021183        6.4286786758616828E-003
  0.26365847575446660        1.6136825721682145E-002
  0.26473466948854396        3.0328034224687342E-002
  0.26581525599986822        4.8809336627719795E-002
  0.26690025321875377        7.1347675092453905E-002
  0.26798967914870253        9.7673382127287947E-002
  0.26908355186670235       0.12748392206008580     
  0.27018188952352734       0.16044784265612752     
  0.27128471034403900       0.19620888640113987     
  0.27239203262748851       0.23439021173855790     
  0.27350387474782023       0.27459867582566189     
  0.27462025515397709       0.31642913210872009     
  0.27574119237020622       0.35946869816356286     
  0.27686670499636645       0.40330095175651792     
  0.27799681170823720       0.44751001589892281     
  0.27913153125782791       0.49168449674730336     
  0.28027088247368953       0.53542124148970682     
  0.28141488426122702       0.57832888680788164     
  0.28256355560301261       0.62003117206733216     
  0.28371691555910122       0.66016999501774765     
  0.28487498326734656       0.69840819144108701     
  0.28603777794371876       0.73443202382418271     
  0.28720531888262307       0.76795336771910838     
  0.28837762545721990       0.79871158795390518     
  0.28955471711974690       0.82647510023741899     
  0.29073661340184104       0.85104261693757965     
  0.29192333391486291       0.87224407887857835     
  0.29311489835022253       0.88994127787804655     
  0.29431132647970543       0.90402817741380126     
  0.29551263815580109       0.91443094125701530     
  0.29671885331203263       0.92110768212413152     
  0.29792999196328690       0.92404794437621651     
  0.29914607420614708       0.92327193652723960     
  0.30036712021922612       0.91882953081017493     
  0.30159315026350136       0.91079904829290970     
  0.30282418468265071       0.89928584903798503     
  0.30406024390339059       0.88442074756661548     
  0.30530134843581452       0.86635827442581181     
  0.30654751887373349       0.84527480497683805     
  0.30779877589501764       0.82136657663443280     
  0.30905514026193970       0.79484761570118057     
  0.31031663282151906       0.76594759467328388     
  0.31158327450586787       0.73490964045643081     
  0.31285508633253861       0.70198811333833433     
  0.31413208940487242       0.66744637583296917     
  0.31541430491234945       0.63155456965507317     
  0.31670175413094059       0.59458741811898741     
  0.31799445842346041       0.55682207019712837     
  0.31929243923992134       0.51853600133694311     
  0.32059571811789023       0.48000498493486637     
  0.32190431668284508       0.44150114711678806     
  0.32321825664853443       0.40329111619024716     
  0.32453755981733712       0.36563427682745497     
  0.32586224808062436       0.32878113772276052     
  0.32719234341912323       0.29297182015520479     
  0.32852786790328065       0.25843467358705674     
  0.32986884369363056       0.22538502315297718     
  0.33121529304116082       0.19402405265073702     
  0.33256723828768275       0.16453782544166295     
  0.33392470186620210       0.13709644451416414     
  0.33528770630129073       0.11185335186390936     
  0.33665627420946076        8.8944766304072775E-002
  0.33803042829953994        6.8489257844233570E-002
  0.33941019137304806        5.0587455869828588E-002
  0.34079558632457546        3.5321887519163868E-002
  0.34218663614216327        2.2756941893617495E-002
  0.34358336390768413        1.2938955050513512E-002
  0.34498579279722608        5.8964101175875486E-003
  0.34639394608147639        1.6402463334487234E-003
  0.34780784712610791        1.6427035888103329E-004
  0.34922751939216706        1.4456628185652216E-003
  0.35065298643646264        5.4455727198002204E-003
  0.35208427191195729        1.2109792152154826E-002
  0.35352139956815942        2.1369503497062483E-002
  0.35496439325151735        3.3142091266313303E-002
  0.35641327690581565        4.7332010640040389E-002
  0.35786807457257153        6.3831704784538146E-002
  0.35932881039143427        8.2522563094716936E-002
  0.36079550860058590       0.10327591262089565     
  0.36226819353714296       0.12595403510153788     
  0.36374688963756052       0.15041120222794221     
  0.36523162143803800       0.17649472200989433     
  0.36672241357492547       0.20404598938897148     
  0.36821929078513355       0.23290153455398852     
  0.36972227790654283       0.26289406274752869     
  0.37123139987841652       0.29385347970920439     
  0.37274668174181458       0.32560789727671668     
  0.37426814864000829       0.35798461405587800     
  0.37579582581889864       0.39081106647257685     
  0.37732973862743413       0.42391574592868797     
  0.37886991251803198       0.45712907819838888     
  0.38041637304700071       0.49028426161669142     
  0.38196914587496344       0.52321806102656587     
  0.38352825676728425       0.55577155486146146     
  0.38509373159449567       0.58779083314409153     
  0.38666559633272773       0.61912764457781000     
  0.38824387706413899       0.64963999129187167     
  0.38982859997734975       0.67919267017407903     
  0.39141979136787586       0.70765776008266845     
  0.39301747763856587       0.73491505457207507     
  0.39462168530003849       0.76085244009326503     
  0.39623244097112265       0.78536621993765421     
  0.39784977137929967       0.80836138448339401     
  0.39947370336114574       0.82975182857336049     
  0.40110426386277853       0.84946051710491921     
  0.40274147994030307       0.86741960014239061     
  0.40438537876026137       0.88357047907358421     
  0.40603598760008325       0.89786382552211907     
  0.40769333384853856       0.91025955489724952     
  0.40935744500619187       0.92072675661316217     
  0.41102834868585908       0.92924358314014255     
  0.41270607261306486       0.93579710016136741     
  0.41439064462650332       0.94038310020172933     
  0.41608209267850005       0.94300588216960712     
  0.41778044483547516       0.94367799930967411     
  0.41948572927840988       0.94241997810529399     
  0.42119797430331363       0.93926001069359821     
  0.42291720832169355       0.93423362336584481     
  0.42464345986102636       0.92738332372094834     
  0.42637675756523108       0.91875822902202831     
  0.42811713019514508       0.90841367827538089     
  0.42986460662900056       0.89641083050937165     
  0.43161921586290408       0.88281625167824007     
  0.43338098701131811       0.86770149255369633     
  0.43514994930754325       0.85114265989639204     
  0.43692613210420378       0.83321998312069057     
  0.43870956487373508       0.81401737858065581     
  0.44050027720887197       0.79362201351363837     
  0.44229829882313998       0.77212387158112139     
  0.44410365955134889       0.74961532184534108     
  0.44591638935008682       0.72619069291568250     
  0.44773651829821842       0.70194585389129094     
  0.44956407659738296       0.67697780361693172     
  0.45139909457249600       0.65138426965817942     
  0.45324160267225266       0.62526331829046888     
  0.45509163146963244       0.59871297668472434     
  0.45694921166240710       0.57183086836105845     
  0.45881437407364939       0.54471386287179502     
  0.46068714965224478       0.51745774056611249     
  0.46256756947340538       0.49015687318188683     
  0.46445566473918498       0.46290392090568933     
  0.46635146677899686       0.43578954644014783     
  0.46825500705013429       0.40890214651899515     
  0.47016631713829160       0.38232760121496534     
  0.47208542875808879       0.35614904129355668     
  0.47401237375359806       0.33044663377804573     
  0.47594718409887132       0.30529738580696891     
  0.47788989189847175       0.28077496678558478     
  0.47984052938800570       0.25694954875741682     
  0.48179912893465782       0.23388766485089033     
  0.48376572303772875       0.21165208558938584     
  0.48574034432917323       0.19030171279121644     
  0.48772302557414277       0.16989149072811210     
  0.48971379967152823       0.15047233415819192     
  0.49171269965450648       0.13209107280044521     
  0.49371975869108847       0.11479041177402367     
  0.49573501008466908        9.8608907485655234E-002
  0.49775848727458005        8.3580958413251194E-002
  0.49979022383664523        6.9736810202426835E-002
  0.50183025348373689        5.7102574465636574E-002
  0.50387861006633561        4.5700260650328957E-002
  0.50593532757309234        3.5547820323287113E-002
  0.50800044013139123        2.6659203202554303E-002
  0.51007398200791731        1.9044424256293782E-002
  0.51215598760922409        1.2709641179111778E-002
  0.51424649148230461        7.6572415508624403E-003
  0.51634552831516523        3.8859389804267140E-003
  0.51845313293740036        1.3908775373662765E-003
  0.52056934032077162        1.6374377737997522E-004
  0.52269418557978653        1.9288567315532191E-004
  0.52482770397228251        1.4634377701307120E-003
  0.52696993090001132        3.9574518968628399E-003
  0.52912090190922667        7.6540327718475892E-003
  0.53128065269127367        1.2529477862666250E-002
  0.53344921908318188        1.8557420869016485E-002
  0.53562663706825886        2.5708978218398126E-002
  0.53781294277668812        3.3952897981812419E-002
  0.54000817248612853        4.3255710636595369E-002
  0.54221236262231554        5.3581881124325950E-002
  0.54442554975966673        6.4893961673554740E-002
  0.54664777062188774        7.7152744879534149E-002
  0.54887906208258186        9.0317416556354238E-002
  0.55111946116586275       0.10434570790054290     
  0.55336900504696696       0.11919404652921664     
  0.55562773105287300       0.13481770598028439     
  0.55789567666291884       0.15117095328658378     
  0.56017287950942463       0.16820719426055772     
  0.56245937737831742       0.18587911615047942     
  0.56475520820975744       0.20413882735369732     
  0.56706041009876806       0.22293799389663332     
  0.56937502129586803       0.24222797241505206     
  0.57169908020770599       0.26195993939186002     
  0.57403262539769728       0.28208501643268552     
  0.57637569558666502       0.30255439138227236     
  0.57872832965348131       0.32331943510673605     
  0.58109056663571335       0.34433181378841299     
  0.58346244573027040       0.36554359660079594     
  0.58584400629405475       0.38690735865145126     
  0.58823528784461476       0.40837627910023988     
  0.59063633006079996       0.42990423437907177     
  0.59304717278342045       0.45144588645748068     
  0.59546785601590702       0.47295676611556792     
  0.59789841992497528       0.49439335120244210     
  0.60033890484129260       0.51571313987396716     
  0.60278935126014666       0.53687471881855475     
  0.60524979984211758       0.55783782649382452     
  0.60772029141375294       0.57856341141030099     
  0.61020086696824494       0.59901368551074141     
  0.61269156766611022       0.61915217270538925     
  0.61519243483587394       0.63894375263436831     
  0.61770350997475421       0.65835469973849436     
  0.62022483474935197       0.67735271772906114     
  0.62275645099634114       0.69590696955586073     
  0.62529840072316345       0.71398810298031401     
  0.62785072610872605       0.73156827186788709     
  0.63041346950409982       0.74862115332014212     
  0.63298667343322390       0.76512196077264971     
  0.63557038059361004       0.78104745318985458     
  0.63816463385705124       0.79637594049247062     
  0.64076947627033398       0.81108728535670083     
  0.64338495105595150       0.82516290152769500     
  0.64601110161282127       0.83858574879232461     
  0.64864797151700582       0.85134032475828281     
  0.65129560452243462       0.86341265358814090     
  0.65395404456163087       0.87479027183789559     
  0.65662333574644061       0.88546221155015070     
  0.65930352236876377       0.89541898075212278     
  0.66199464890129045       0.90465254150836560     
  0.66469675999823752       0.91315628567731866     
  0.66740990049609028       0.92092500851973735     
  0.67013411541434675       0.92795488030557061     
  0.67286944995626363       0.93424341606408190     
  0.67561594950960757       0.93978944361994377     
  0.67837365964740748       0.94459307005564697     
  0.68114262612871068       0.94865564673800007     
  0.68392289489934310       0.95197973304359318     
  0.68671451209267076       0.95456905891509491     
  0.68951752403036504       0.95642848637697986     
  0.69233197722317286       0.95756397013585959     
  0.69515791837168661       0.95798251738703821     
  0.69799539436711988       0.95769214694519844     
  0.70084445229208592       0.95670184781332124     
  0.70370513942137802       0.95502153730001760     
  0.70657750322275481       0.95266201879145285     
  0.70946159135772713       0.94963493928000164     
  0.71235745168234910       0.94595274674763818     
  0.71526513224801314       0.94162864749794550     
  0.71818468130224533       0.93667656352642703     
  0.72111614728950835       0.93111109001464443     
  0.72405957885200312       0.92494745302953807     
  0.72701502483047720       0.91820146750507703     
  0.72998253426503557       0.91088949557928778     
  0.73296215639595286       0.90302840535558837     
  0.73595394066449149       0.89463553015326525     
  0.73895793671372234       0.88572862830793864     
  0.74197419438934753       0.87632584357890753     
  0.74500276374052765       0.86644566621632846     
  0.74804369502071344       0.85610689473742141     
  0.75109703868847777       0.84532859845710318     
  0.75416284540835488       0.83413008081480233     
  0.75724116605167924       0.82253084353565731     
  0.76033205169743068       0.81055055166077483     
  0.76343555363308235       0.79820899947788104     
  0.76655172335545019       0.78552607738038893     
  0.76968061257154952       0.77252173967971394     
  0.77282227319945096       0.75921597339263047     
  0.77597675736914307       0.74562876802240663     
  0.77914411742339751       0.73178008634969127     
  0.78232440591863694       0.71768983624626348     
  0.78551767562580699       0.70337784352218991     
  0.78872397953125306       0.68886382581433603     
  0.79194337083759792       0.67416736752179551     
  0.79517590296462559       0.65930789579141169     
  0.79842162955016782       0.64430465755445387     
  0.80168060445099321       0.62917669761331962     
  0.80495288174370172       0.61394283777516745     
  0.80823851572562166       0.59862165702753112     
  0.81153756091571005       0.58323147274910958     
  0.81485007205545901       0.56779032294733267     
  0.81817610410980179       0.55231594951264595     
  0.82151571226802678       0.53682578247803658     
  0.82486895194469190       0.52133692527088793     
  0.82823587878054472       0.50586614094304094     
  0.83161654864344625       0.49042983936363677     
  0.83501101762929653       0.47504406535835558     
  0.83841934206296653       0.45972448777749625     
  0.84184157849923302       0.44448638947454899     
  0.84527778372371576       0.42934465817599998     
  0.84872801475382054       0.41431377822234705     
  0.85219232883968588       0.39940782315964440     
  0.85567078346513115       0.38464044916026086     
  0.85916343634861292       0.37002488925101423     
  0.86267034544418009       0.35557394832638678     
  0.86619156894243732       0.34129999892407559     
  0.86972716527151039       0.32721497773986757     
  0.87327719309801433       0.31333038285849757     
  0.87684171132802924       0.29965727167696210     
  0.88042077910807537       0.28620625949657996     
  0.88401445582609561       0.27298751876001714     
  0.88762280111244185       0.26001077890938101     
  0.89124587484086226       0.24728532684156790     
  0.89488373712949654       0.23482000793698374     
  0.89853644834187318       0.22262322763792020     
  0.90220406908791040       0.21070295355296154     
  0.90588666022492215       0.19906671806393661     
  0.90958428285862880       0.18772162141215273     
  0.91329699834416944       0.17667433524088702     
  0.91702486828712149       0.16593110657132429     
  0.92076795454452198       0.15549776218947134     
  0.92452631922589401       0.14537971342185355     
  0.92830002469427830       0.13558196127817093     
  0.93208913356726641       0.12610910193944064     
  0.93589370871804145       0.11696533257051571     
  0.93971381327641990       0.10815445743633377     
  0.94354951062989978        9.9679894301594602E-002
  0.94740086442471305        9.1544681094053101E-002
  0.95126793856688030        8.3751482812057423E-002
  0.95515079722327212        7.6302598657400592E-002
  0.95904950482267404        6.9199969375041109E-002
  0.96296412605685466        6.2445184781750797E-002
  0.96689472588163972        5.6039491466187252E-002
  0.97084136951799027        4.9983800643432677E-002
  0.97480412245308368        4.4278696147523319E-002
  0.97878305044140190        3.8924442545975400E-002
  0.98277821950582100        3.3920993360880371E-002
  0.98678969593870736        2.9267999381575920E-002
  0.99081754630301844        2.4964817054473509E-002
  0.99486183743340539        2.1010516936095142E-002
  0.99892263643732426        1.7403892195896963E-002
   1.0030000106961476        1.4143467155951404E-002
   1.0070940278662834        1.1227505855076574E-002
   1.0112047558802988        8.6540206254855229E-003
   1.0153322629480441        6.4207806705422173E-003
   1.0194766175577885        4.5253206326731207E-003
   1.0236378884773538        2.9649491409990251E-003
   1.0278161447552574        1.7367573287039154E-003
   1.0320114557218547        8.3762731064398175E-004
   1.0362238909904942        2.6424061215261544E-004
   1.0404535204586696        1.3086540463723715E-005
   1.0447004143091787        8.0470490616273133E-005
   1.0489646430112913        4.6252217814219700E-004
   1.0532462773219167        1.1552037912750111E-003
   1.0575453882867758        2.1543180558323519E-003
   1.0618620472415838        3.4555162063423348E-003
   1.0661963258132321        5.0543058573822913E-003
   1.0705482959209747        6.9460587694915119E-003
   1.0749180297776255        9.1260185044071684E-003
   1.0793055998907541        1.1589307964736098E-002
   1.0837110790638902        1.4330936813545745E-002
   1.0881345403977287        1.7345808769704853E-002
   1.0925760572913470        2.0628728775149888E-002
   1.0970357034434204        2.4174410030580382E-002
   1.1015135528534441        2.7977480896408776E-002
   1.1060096798229635        3.2032491656105125E-002
   1.1105241589568067        3.6333921139370701E-002
   1.1150570651643195        4.0876183202867664E-002
   1.1196084736606120        4.5653633066512628E-002
   1.1241784599678060        5.0660573503611354E-002
   1.1287670999162849        5.5891260883363596E-002
   1.1333744696459565        6.1339911064535228E-002
   1.1380006456075142        6.7000705139306019E-002
   1.1426457045637044        7.2867795026560628E-002
   1.1473097235906025        7.8935308914088162E-002
   1.1519927800788912        8.5197356549382916E-002
   1.1566949517351428        9.1648034378914001E-002
   1.1614163165831117        9.8281430535969300E-002
   1.1661569529650266       0.10509162967730960     
   1.1709169395428922       0.11207271766907753     
   1.1756963552997917       0.11921878612256059     
   1.1804952795412009       0.12652393678056587     
   1.1853137918963028       0.13398228575531332     
   1.1901519723193061       0.14158796761887993     
   1.1950099010907769       0.14933513934740378     
   1.1998876588189678       0.15721798412031746     
   1.2047853264411541       0.16523071497604691     
   1.2097029852249803       0.17336757832572250     
   1.2146407167698074       0.18162285732650768     
   1.2195986030080641       0.18999087511628521     
   1.2245767262066105       0.19846599791154282     
   1.2295751689681005       0.20704263797032202     
   1.2345940142323542       0.21571525642225114     
   1.2396333452777308       0.22447836596766038     
   1.2446932457225151       0.23332653344796234     
   1.2497737995263021       0.24225438228940063     
   1.2548750909913893       0.25125659482243895     
   1.2599972047641785       0.26032791447905196     
   1.2651402258365791       0.26946314787023912     
   1.2703042395474162       0.27865716674610064     
   1.2754893315838498       0.28790490984089900     
   1.2806955879827961       0.29720138460549345     
   1.2859230951323521       0.30654166882959522     
   1.2911719397732333       0.31592091215633333     
   1.2964422090002106       0.32533433749157531     
   1.3017339902635547       0.33477724231052253     
   1.3070473713704895       0.34424499986406504     
   1.3123824404866489       0.35373306028740942     
   1.3177392861375357       0.36323695161349467     
   1.3231179972099965       0.37275228069369776     
   1.3285186629536925       0.38227473402833373     
   1.3339413729825829       0.39180007850944898     
   1.3393862172764077       0.40132416207839705     
   1.3448532861821869       0.41084291430067726     
   1.3503426704157151       0.42035234686049294     
   1.3558544610630672       0.42984855397747235     
   1.3613887495821120       0.43932771274798393     
   1.3669456278040288       0.44878608341346038     
   1.3725251879348284       0.45822000955808417     
   1.3781275225568879       0.46762591823823763     
   1.3837527246304846       0.47700032004601306     
   1.3894008874953359       0.48633980910909563     
   1.3950721048721533       0.49564106302932359     
   1.4007664708641934       0.50490084276212732     
   1.4064840799588225       0.51411599243908879     
   1.4122250270290799       0.52328343913580389     
   1.4179894073352572       0.53240019258718585     
   1.4237773165264773       0.54146334485232150     
   1.4295888506422783       0.55047006993096892     
   1.4354241061142121       0.55941762333373413     
   1.4412831797674421       0.56830334160792007     
   1.4471661688223481       0.57712464182103795     
   1.4530731708961429       0.58587902100389444     
   1.4590042840044910       0.59456405555514658     
   1.4649596065631323       0.60317740060917990     
   1.4709392373895191       0.61171678936913343     
   1.4769432757044543       0.62018003240682917     
   1.4829718211337348       0.62856501693134192     
   1.4890249737098105       0.63686970602793114     
   1.4951028338734396       0.64509213786894526     
   1.5012055024753554       0.65323042489836125     
   1.5073330807779428       0.66128275299149664     
   1.5134856704569155       0.66924738059146482     
   1.5196633736030056       0.67712263782383741     
   1.5258662927236537       0.68490692559099742     
   1.5320945307447145       0.69259871464759526     
   1.5383481910121630       0.70019654465847669     
   1.5446273772938062       0.70769902324043854     
   1.5509321937810101       0.71510482498910399     
   1.5572627450904259       0.72241269049219725     
   1.5636191362657244       0.72962142533041752     
   1.5700014727793419       0.73672989906713970     
   1.5764098605342303       0.74373704422806242     
   1.5828444058656099       0.75064185527193417     
   1.5893052155427401       0.75744338755344665     
   1.5957923967706868       0.76414075627931832     
   1.6023060571921037       0.77073313545860533     
   1.6088463048890147       0.77721975684818789     
   1.6154132483846122       0.78359990889440700     
   1.6220069966450557       0.78987293567172545     
   1.6286276590812767       0.79603823581930955     
   1.6352753455508005       0.80209526147637988     
   1.6419501663595648       0.80804351721712275     
   1.6486522322637496       0.81388255898595974     
   1.6553816544716176       0.81961199303391286     
   1.6621385446453594       0.82523147485680581     
   1.6689230149029417       0.83074070813596068     
   1.6757351778199741       0.83613944368208071     
   1.6825751464315746       0.84142747838294130     
   1.6894430342342412       0.84660465415548247     
   1.6963389551877424       0.85167085690291289     
   1.7032630237170037       0.85662601547734774     
   1.7102153547140044       0.86147010064851237     
   1.7171960635396897       0.86620312407904587     
   1.7242052660258809       0.87082513730682309     
   1.7312430784771990       0.87533623073480571     
   1.7383096176729915       0.87973653262881257     
   1.7454050008692747       0.88402620812364208     
   1.7525293458006783       0.88820545823791097     
   1.7596827706823941       0.89227451889798648     
   1.7668653942121444       0.89623365997134974     
   1.7740773355721486       0.90008318430971146     
   1.7813187144310982       0.90382342680218009     
   1.7885896509461472       0.90745475343877047     
   1.7958902657649043       0.91097756038451427     
   1.8032206800274309       0.91439227306441206     
   1.8105810153682576       0.91769934525946717     
   1.8179713939183981       0.92089925821399743     
   1.8253919383073787       0.92399251975443875     
   1.8328427716652678       0.92697966341979332     
   1.8403240176247260       0.92986124760390998     
   1.8478358003230537       0.93263785470972971     
   1.8553782444042495       0.93531009031563106     
   1.8629514750210820       0.93787858235400512     
   1.8705556178371661       0.94034398030214894     
   1.8781907990290427       0.94270695438558272     
   1.8858571452882809       0.94496819479387117     
   1.8935547838235744       0.94712841090900568     
   1.9012838423628520       0.94918833054641338     
   1.9090444491554013       0.95114869920863787     
   1.9168367329739937       0.95301027935172078     
   1.9246608231170197       0.95477384966430667     
   1.9325168494106386       0.95644020435949317     
   1.9404049422109304       0.95801015247942733     
   1.9483252324060565       0.95948451721262840     
   1.9562778514184365       0.96086413522405467     
   1.9642629312069249       0.96214985599785396     
   1.9722806042690040       0.96334254119280116     
   1.9803310036429771       0.96444306401035829     
   1.9884142629101824       0.96545230857532960     
   1.9965305161972071       0.96637116932905098     
   2.0046798981781091       0.96720055043504638     
   2.0128625440766581       0.96794136519711182     
   2.0210785896685763       0.96859453548971697     
   2.0293281712837890       0.96916099120068333     
   2.0376114258086915       0.96964166968603016     
   2.0459284906884188       0.97003751523691151     
   2.0542795039291217       0.97034947855855036     
   2.0626646041002639       0.97057851626106983     
   2.0710839303369175       0.97072559036211636     
   2.0795376223420732       0.97079166780117687     
   2.0880258203889532       0.97077771996546891     
   2.0965486653233478       0.97068472222730329     
   2.1051062985659468       0.97051365349278518     
   2.1136988621146831       0.97026549576174970     
   2.1223264985470975       0.96994123369879615     
   2.1309893510226989       0.96954185421530492     
   2.1396875632853374       0.96906834606229719     
   2.1484212796655959       0.96852169943401889     
   2.1571906450831819       0.96790290558210490     
   2.1659958050493291       0.96721295644019700     
   2.1748369056692178       0.96645284425887001     
   2.1837140936443968       0.96562356125074078     
   2.1926275162752127       0.96472609924560149     
   2.2015773214632635       0.96376144935545782     
   2.2105636577138457       0.96273060164930968     
   2.2195866741384194       0.96163454483754551     
   2.2286465204570853       0.96047426596579921     
   2.2377433470010675       0.95925075011812833     
   2.2468773047152077       0.95796498012936437     
   2.2560485451604677       0.95661793630649328     
   2.2652572205164492       0.95521059615891935     
   2.2745034835839171       0.95374393413746228     
   2.2837874877873303       0.95221892138195385     
   2.2931093871773944       0.95063652547726141     
   2.3024693364336155       0.94899771021763157     
   2.3118674908668622       0.94730343537916617     
   2.3213040064219506       0.94555465650031756     
   2.3307790396802273       0.94375232467023640     
   2.3402927478621649       0.94189738632484843     
   2.3498452888299783       0.93999078305048622     
   2.3594368210902377       0.93803345139497007     
   2.3690675037965030       0.93602632268595587     
   2.3787374967519588       0.93397032285644654     
   2.3884469604120731       0.93186637227729030     
   2.3981960558872570       0.92971538559655387     
   2.4079849449455333       0.92751827158561628     
   2.4178137900152290       0.92527593299184807     
   2.4276827541876669       0.92298926639773604     
   2.4375920012198664       0.92065916208633602     
   2.4475416955372706       0.91828650391288524     
   2.4575320022364697       0.91587216918247250     
   2.4675630870879357       0.91341702853361784     
   2.4776351165387829       0.91092194582763442     
   2.4877482577155234       0.90838777804364079     
   2.4979026784268394       0.90581537517910671     
   2.5080985471663721       0.90320558015578389     
   2.5183360331155162       0.90055922873091865     
   2.5286153061462220       0.89787714941361041     
   2.5389365368238228       0.89516016338619664     
   2.5492998964098588       0.89240908443054368     
   2.5597055568649218       0.88962471885912209     
   2.5701536908515048       0.88680786545075596     
   2.5806444717368717       0.88395931539091588     
   2.5911780735959340       0.88107985221645779     
   2.6017546712141315       0.87817025176468189     
   2.6123744400903441       0.87523128212660628     
   2.6230375564397970       0.87226370360434402     
   2.6337441971969815       0.86926826867247475     
   2.6444945400185995       0.86624572194330662     
   2.6552887632865070       0.86319680013591749     
   2.6661270461106703       0.86012223204888416     
   2.6770095683321458       0.85702273853658273     
   2.6879365105260575       0.85389903248896970     
   2.6989080540045989       0.85075181881474626     
   2.7099243808200328       0.84758179442780290     
   2.7209856737677236       0.84438964823685181     
   2.7320921163891634       0.84117606113815513     
   2.7432438929750149       0.83794170601125617     
   2.7544411885681774       0.83468724771762115     
   2.7656841889668535       0.83141334310210646     
   2.7769730807276272       0.82812064099716032     
   2.7883080511685678       0.82480978222967727     
   2.7996892883723348       0.82148139963041744     
   2.8111169811892935       0.81813611804591391     
   2.8225913192406575       0.81477455435277779     
   2.8341124929216317       0.81139731747433330     
   2.8456806934045655       0.80800500839949985     
   2.8572961126421350       0.80459822020383853     
   2.8689589433705232       0.80117753807269720     
   2.8806693791126143       0.79774353932638586     
   2.8924276141812122       0.79429679344728721     
   2.9042338436822610       0.79083786210886409     
   2.9160882635180831       0.78736729920646509     
   2.9279910703906258       0.78388565088988804     
   2.9399424618047334       0.78039345559760864     
   2.9519426360714194       0.77689124409263111     
   2.9639917923111532       0.77337953949989224     
   2.9760901304571732       0.76985885734514514     
   2.9882378512587997       0.76632970559527980     
   3.0004351562847607       0.76279258470001488     
   3.0126822479265480       0.75924798763488988     
   3.0249793294017673       0.75569639994552962     
   3.0373266047575087       0.75213829979309765     
   3.0497242788737404       0.74857415800090077     
   3.0621725574667020       0.74500443810208627     
   3.0746716470923223       0.74142959638838757     
   3.0872217551496384       0.73785008195985402     
   3.0998230898842483       0.73426633677553610     
   3.1124758603917613       0.73067879570505478     
   3.1251802766212617       0.72708788658103463     
   3.1379365493788032       0.72349403025232750     
   3.1507448903309023       0.71989764063800987     
   3.1636055120080444       0.71629912478209012     
   3.1765186278082207       0.71269888290889238     
   3.1894844520004644       0.70909730847907537     
   3.2025031997284015       0.70549478824624989     
   3.2155750870138298       0.70189170231414655     
   3.2287003307602982       0.69828842419430570     
   3.2418791487567020       0.69468532086424806     
   3.2551117596809069       0.69108275282609177     
   3.2683983831033703       0.68748107416557747     
   3.2817392394907818       0.68388063261147847     
   3.2951345502097307       0.68028176959534481     
   3.3085845375303724       0.67668482031157040     
   3.3220894246301196       0.67309011377773265     
   3.3356494355973410       0.66949797289519286     
   3.3492647954350852       0.66590871450991029     
   3.3629357300648142       0.66232264947345409     
   3.3766624663301439       0.65874008270418627     
   3.3904452320006189       0.65516131324857307     
   3.4042842557754875       0.65158663434261732     
   3.4181797672874907       0.64801633347338561     
   3.4321319971066844       0.64445069244058617     
   3.4461411767442565       0.64088998741819403     
   3.4602075386563675       0.63733448901610046     
   3.4743313162480152       0.63378446234174612     
   3.4885127438769019       0.63024016706173902     
   3.5027520568573265       0.62670185746341878     
   3.5170494914640815       0.62316978251636279     
   3.5314052849363842       0.61964418593379855     
   3.5458196754818094       0.61612530623391892     
   3.5602929022802345       0.61261337680107042     
   3.5748252054878202       0.60910862594680482     
   3.5894168262409902       0.60561127697077444     
   3.6040680066604258       0.60212154822145514     
   3.6187789898550959       0.59863965315667922     
   3.6335500199262847       0.59516580040396905     
   3.6483813419716364       0.59170019382065164     
   3.6632732020892336       0.58824303255374155     
   3.6782258473816740       0.58479451109958069     
   3.6932395259601685       0.58135481936321953     
   3.7083144869486642       0.57792414271753045     
   3.7234509804879772       0.57450266206203715     
   3.7386492577399353       0.57109055388145635     
   3.7539095708915569       0.56768799030392980     
   3.7692321731592284       0.56429513915894525     
   3.7846173187929102       0.56091216403493560     
   3.8000652630803460       0.55753922433654468     
   3.8155762623513128       0.55417647534154313     
   3.8311505739818670       0.55082406825740504     
   3.8467884563986092       0.54748215027751757     
   3.8624901690829847       0.54415086463702544     
   3.8782559725755825       0.54083035066830332     
   3.8940861284804527       0.53752074385604387     
   3.9099808994694594       0.53422217589195709     
   3.9259405492866346       0.53093477472908035     
   3.9419653427525452       0.52765866463568312     
   3.9580555457687030       0.52439396624876800     
   3.9742114253219660       0.52114079662715684     
   3.9904332494889743       0.51789926930416696     
   4.0067212874405893       0.51466949433986287     
   4.0230758094463717       0.51145157837287847     
   4.0394970868790629       0.50824562467182033     
   4.0559853922190783       0.50505173318622665     
   4.0725409990590427       0.50187000059709719     
   4.0891641821083224       0.49870052036697682     
   4.1058552171975808       0.49554338278960680     
   4.1226143812833644       0.49239867503911633     
   4.1394419524526915       0.48926648121877753     
   4.1563382099276636       0.48614688240930642     
   4.1733034340701094       0.48303995671670785     
   4.1903379063862296       0.47994577931967142     
   4.2074419095312638       0.47686442251651195     
   4.2246157273141920       0.47379595577164835     
   4.2418596447024361       0.47074044576162866     
   4.2591739478265858       0.46769795642069439     
   4.2765589239851547       0.46466854898588672     
   4.2940148616493437       0.46165228204168823     
   4.3115420504678283       0.45864921156420907     
   4.3291407812715565       0.45565939096491181     
   4.3468113460785895       0.45268287113386990     
   4.3645540380989400       0.44971970048257121     
   4.3823691517394279       0.44676992498626189     
   4.4002569826085844       0.44383358822582147     
   4.4182178275215458       0.44091073142919002     
   4.4362519845049730       0.43800139351232970     
   4.4543597528020111       0.43510561111972895     
   4.4725414328772475       0.43222341866445180     
   4.4907973264216903       0.42935484836773130     
   4.5091277363577875       0.42649993029810795     
   4.5275329668444471       0.42365869241011278     
   4.5460133232820850       0.42083116058250503     
   4.5645691123176864       0.41801735865605272     
   4.5832006418499045       0.41521730847086991     
   4.6019082210341660       0.41243102990330438     
   4.6206921602877928       0.40965854090238468     
   4.6395527712951647       0.40689985752581848     
   4.6584903670128890       0.40415499397555638     
   4.6775052616749795       0.40142396263291391     
   4.6965977707980926       0.39870677409325805     
   4.7157682111867478       0.39600343720025938     
   4.7350169009385850       0.39331395907971600     
   4.7543441594496505       0.39063834517294199     
   4.7737503074196939       0.38797659926973660     
   4.7932356668574805       0.38532872354092518     
   4.8128005610861475       0.38269471857047882     
   4.8324453147485658       0.38007458338721672     
   4.8521702538127149       0.37746831549609483     
   4.8719757055771122       0.37487591090907602     
   4.8918619986762248       0.37229736417559561     
   4.9118294630859394       0.36973266841261437     
   4.9318784301290162       0.36718181533427641     
   4.9520092324806102       0.36464479528115268     
   4.9722222041737796       0.36212159724909737     
   4.9925176806050207       0.35961220891770512     
   5.0128959985398502       0.35711661667837397     
   5.0333574961183860       0.35463480566198324     
   5.0539025128609465       0.35216675976618472     
   5.0745313896737043       0.34971246168230813     
   5.0952444688543324       0.34727189292189165     
   5.1160420940976774       0.34484503384283444     
   5.1369246105014765       0.34243186367517536     
   5.1578923645720769       0.34003236054650321     
   5.1789457042301867       0.33764650150700037     
   5.2000849788166388       0.33527426255412679     
   5.2213105390982024       0.33291561865693697     
   5.2426227372734004       0.33057054378004636     
   5.2640219269783390       0.32823901090724644     
   5.2855084632925946       0.32592099206476277     
   5.3070827027450962       0.32361645834417607     
   5.3287450033200381       0.32132537992499144     
   5.3504957244628288       0.31904772609687665     
   5.3723352270860527       0.31678346528155726     
   5.3942638735754480       0.31453256505438487     
   5.4162820277959387       0.31229499216557111     
   5.4383900550976607       0.31007071256109958     
   5.4605883223220175       0.30785969140331376     
   5.4828771978077846       0.30566189309118535     
   5.5052570513972130       0.30347728128026824     
   5.5277282544421542       0.30130581890233821     
   5.5502911798102446       0.29914746818472648     
   5.5729462018910780       0.29700219066934508     
   5.5956936966024218       0.29486994723141069     
   5.6185340413964466       0.29275069809786991     
   5.6414676152660075       0.29064440286552945     
   5.6644947987509173       0.28855102051889275     
   5.6876159739442613       0.28647050944770963     
   5.7108315244987482       0.28440282746423656     
   5.7341418356330687       0.28234793182022072     
   5.7575472941382806       0.28030577922359751     
   5.7810482883842447       0.27827632585492007     
   5.8046452083260549       0.27625952738350867     
   5.8283384455105089       0.27425533898333809     
   5.8521283930826149       0.27226371534865124     
   5.8760154457921070       0.27028461070931714     
