  0.10000000000000001        5.6659618968540659E-002
  0.10040817718110437        8.1354348691786482E-002
  0.10081802044832047       0.12233103369885456     
  0.10122953660223166       0.17679723754450294     
  0.10164273247117964       0.24105324617482637     
  0.10205761491137796       0.31076034858190782     
  0.10247419080702558       0.38124645196202944     
  0.10289246707042120       0.44782704790631311     
  0.10331245064207799       0.50611935350845949     
  0.10373414849083867       0.55232877320362295     
  0.10415756761399117       0.58348949292586494     
  0.10458271503738485       0.59764477615274758     
  0.10500959781554686       0.59395707166313638     
  0.10543822303179938       0.57274302202725047     
  0.10586859779837712       0.53543352850580739     
  0.10630072925654524       0.48446384648346308     
  0.10673462457671801       0.42310295698498346     
  0.10717029095857759       0.35523493930494832     
  0.10760773563119364       0.28510757851224855     
  0.10804696585314330       0.21706487384421913     
  0.10848798891263144       0.15528043885753740     
  0.10893081212761184       0.10350804232310951     
  0.10937544284590843        6.4863834978106882E-002
  0.10982188844533726        4.1652299176634822E-002
  0.11027015633382903        3.5244843591794583E-002
  0.11072025394955184        4.6016465446355292E-002
  0.11117218876103470        7.3342249680009575E-002
  0.11162596826729153       0.11565189405176390     
  0.11208159999794542       0.17053714890347815     
  0.11253909151335369       0.23490421797771055     
  0.11299845040473337       0.30516092195930833     
  0.11345968429428700       0.37742687529430430     
  0.11392280083532935       0.44775411913046947     
  0.11438780771241415       0.51234559289704662     
  0.11485471264146174       0.56775947526094384     
  0.11532352336988719       0.61108870556498607     
  0.11579424767672861       0.64010680240552187     
  0.11626689337277650       0.65337329739444305     
  0.11674146830070313       0.65029455645805168     
  0.11721798033519278       0.63113832064718367     
  0.11769643738307244       0.59700281952518397     
  0.11817684738344295       0.54974366025759247     
  0.11865921830781066       0.49186375974493513     
  0.11914355816021997       0.42637327331704666     
  0.11962987497738581       0.35662771533903004     
  0.12011817682882717       0.28615322581097580     
  0.12060847181700105       0.21846820152169655     
  0.12110076807743671       0.15691029558794733     
  0.12159507377887094       0.10447713385135748     
  0.12209139712338332        6.3688059049874512E-002
  0.12258974634653247        3.6472867803763798E-002
  0.12309012971749274        2.4091935728302372E-002
  0.12359255553919130        2.7090422461001573E-002
  0.12409703214844603        4.5287501822914633E-002
  0.12460356791610375        7.7799859635867996E-002
  0.12511217124717913       0.12309712197898615     
  0.12562285058099434       0.17908548787404399     
  0.12613561439131882       0.24321469694127695     
  0.12665047118650996       0.31260260366541670     
  0.12716742950965446       0.38417107879617940     
  0.12768649793870987       0.45478672242528029     
  0.12820768508664696       0.52139994470381601     
  0.12873099960159279       0.58117632764442451     
  0.12925645016697404       0.63161479201284543     
  0.12978404550166117       0.67064791470434104     
  0.13031379436011306       0.69672072530149443     
  0.13084570553252231       0.70884540282968822     
  0.13137978784496107       0.70663044086037741     
  0.13191605015952751       0.69028399805225971     
  0.13245450137449291       0.66059225240253883     
  0.13299515042444918       0.61887458670568840     
  0.13353800628045717       0.56691831267466131     
  0.13408307795019572       0.50689636255078130     
  0.13463037447811083       0.44127191915144748     
  0.13517990494556581       0.37269430641432455     
  0.13573167847099218       0.30389061956273578     
  0.13628570421004074       0.23755754222687353     
  0.13684199135573349       0.17625758978861694     
  0.13740054913861643       0.12232365278288337     
  0.13796138682691236        7.7775215377399842E-002
  0.13852451372667493        4.4249019491678254E-002
  0.13908993918194296        2.2946265069746286E-002
  0.13965767257489561        1.4597712416318021E-002
  0.14022772332600780        1.9447314027149165E-002
  0.14080010089420669        3.7254280151002184E-002
  0.14137481477702879        6.7312801017646917E-002
  0.14195187451077720       0.10848803246306260     
  0.14253128967068007       0.15926641974943667     
  0.14311306987104958       0.21781800141347052     
  0.14369722476544117       0.28206801098450041     
  0.14428376404681392       0.34977488467535467     
  0.14487269744769149       0.41861168837519402     
  0.14546403474032335       0.48624799392375451     
  0.14605778573684705       0.55042935537490945     
  0.14665396028945119       0.60905175016366409     
  0.14725256829053859       0.66022864455333341     
  0.14785361967289068       0.70234870228363544     
  0.14845712440983222       0.73412256352841077     
  0.14906309251539690       0.75461756108295808     
  0.14967153404449324       0.76327969517344130     
  0.15028245909307170       0.75994264110027676     
  0.15089587779829214       0.74482399994640258     
  0.15151180033869191       0.71850940825300580     
  0.15213023693435482       0.68192548628623906     
  0.15275119784708088       0.63630291687838625     
  0.15337469338055626       0.58313120075920710     
  0.15400073388052446       0.52410682513692008     
  0.15462932973495802       0.46107670776114573     
  0.15526049137423079       0.39597883879511875     
  0.15589422927129087       0.33078203963910446     
  0.15653055394183482       0.26742669535659724     
  0.15716947594448166       0.20776820114308903     
  0.15781100588094832       0.15352470023619058     
  0.15845515439622559       0.10623048867870155     
  0.15910193217875471        6.7196229963627063E-002
  0.15975134996060453        3.7476868712867595E-002
  0.16040341851764989        1.7847866115599187E-002
  0.16105814866975027        8.7901095937241713E-003
  0.16171555128092935        1.0483583301379773E-002
  0.16237563725955523        2.2809632140218916E-002
  0.16303841755852153        4.5361416647449415E-002
  0.16370390317542910        7.7461945050194436E-002
  0.16437210515276834       0.11818888654172444     
  0.16504303457810285       0.16640521983734324     
  0.16571670258425286       0.22079465556305522     
  0.16639312034948034       0.27990069113231020     
  0.16707229909767446       0.34216811250212242     
  0.16775425009853762       0.40598574759321182     
  0.16843898466777257       0.46972929933272023     
  0.16912651416727026       0.53180313957526604     
  0.16981685000529834       0.59068002527682961     
  0.17051000363669019       0.64493780142847490     
  0.17120598656303537       0.69329227723506126     
  0.17190481033287031       0.73462559845795883     
  0.17260648654186983       0.76800958525994822     
  0.17331102683303970       0.79272365686464952     
  0.17401844289690985       0.80826711760409997     
  0.17472874647172817       0.81436572946722363     
  0.17544194934365545       0.81097264041808481     
  0.17615806334696094       0.79826387228176621     
  0.17687710036421864       0.77662869412276825     
  0.17759907232650440       0.74665531449846334     
  0.17832399121359424       0.70911241701512373     
  0.17905186905416270       0.66492713703569328     
  0.17978271792598266       0.61516013249465062     
  0.18051654995612570       0.56097843837525763     
  0.18125337732116351       0.50362681277000354     
  0.18199321224736950       0.44439828327493747     
  0.18273606701092207       0.38460458683209253     
  0.18348195393810826       0.32554716542385509     
  0.18423088540552804       0.26848933588971968     
  0.18498287384029991       0.21463019643435610     
  0.18573793172026712       0.16508076712293884     
  0.18649607157420448       0.12084278889487554     
  0.18725730598202642        8.2790527480193443E-002
  0.18802164757499584        5.1655847159924551E-002
  0.18878910903593346        2.8016736589151270E-002
  0.18955970309942835        1.2289386804975044E-002
  0.19033344255204943        4.7238418308659380E-003
  0.19111034023255730        5.4031665486566904E-003
  0.19189040903211749        1.4246006126798827E-002
  0.19267366189451438        3.1012347442431865E-002
  0.19346011181636599        5.5312236565455475E-002
  0.19424977184733941        8.6617158208342593E-002
  0.19504265509036750       0.12427374358287868     
  0.19583877470186650       0.16751944262151830     
  0.19663814389195391       0.21549977508568763     
  0.19744077592466802       0.26728676256982642     
  0.19824668411818794       0.32189813951537372     
  0.19905588184505443       0.37831694561356588     
  0.19986838253239200       0.43551111380415053     
  0.20068419966213161       0.49245268676048981     
  0.20150334677123438       0.54813631949314523     
  0.20232583745191612       0.60159675563863946     
  0.20315168535187320       0.65192499922192138     
  0.20398090417450848       0.69828294125875767     
  0.20481350767915915       0.73991624056929872     
  0.20564950968132489       0.77616529969070558     
  0.20648892405289709       0.80647421892763826     
  0.20733176472238896       0.83039765353263462     
  0.20817804567516671       0.84760553999587840     
  0.20902778095368180       0.85788569674759385     
  0.20988098465770355       0.86114434161923403     
  0.21073767094455342       0.85740460263932450     
  0.21159785402933992       0.84680312971335825     
  0.21246154818519422       0.82958494210252853     
  0.21332876774350720       0.80609667011127872     
  0.21419952709416737       0.77677836884549811     
  0.21507384068579924       0.74215409722322989     
  0.21595172302600341       0.70282146659972611     
  0.21683318868159726       0.65944037047440496     
  0.21771825227885655       0.61272110991193607     
  0.21860692850375804       0.56341212872633095     
  0.21949923210222347       0.51228756839022160     
  0.22039517788036408       0.46013484532975302     
  0.22129478070472614       0.40774244307258223     
  0.22219805550253774       0.35588809898133977     
  0.22310501726195672       0.30532755039840920     
  0.22401568103231900       0.25678398832740890     
  0.22493006192438844       0.21093834866760686     
  0.22584817511060773       0.16842055187814697     
  0.22677003582534988       0.12980178215085048     
  0.22769565936517111        9.5587877068539440E-002
  0.22862506108906488        6.6213878656129044E-002
  0.22955825641871638        4.2039777006161572E-002
  0.23049526083875860        2.3347458563876100E-002
  0.23143608989702943        1.0338852944153709E-002
  0.23238075920482931        3.1352550471135388E-003
  0.23332928443718048        1.7777834316318186E-003
  0.23428168133308711        6.2289215533939402E-003
  0.23523796569579644        1.6375075700316377E-002
  0.23619815339306083        3.2030072354177985E-002
  0.23716226035740115        5.2939508332441765E-002
  0.23813030258637141        7.8785859447536799E-002
  0.23910229614282377       0.10919424756295049     
  0.24007825715517533       0.14373876180079348     
  0.24105820181767584       0.18194922721448870     
  0.24204214639067612       0.22331831341220343     
  0.24303010720089804       0.26730887631214584     
  0.24402210064170560       0.31336142832445435     
  0.24501814317337661       0.36090163566810141     
  0.24601825132337590       0.40934774611561442     
  0.24702244168662996       0.45811785607781319     
  0.24803073092580163       0.50663693245268626     
  0.24904313577156709       0.55434351192365061     
  0.25005967302289334       0.60069600825723468     
  0.25108035954731700       0.64517856647624272     
  0.25210521228122396       0.68730641143199245     
  0.25313424823013059       0.72663064713438796     
  0.25416748446896609       0.76274247209373391     
  0.25520493814235545       0.79527678476403418     
  0.25624662646490398       0.82391516184405378     
  0.25729256672148348       0.84838820058864339     
  0.25834277626751834       0.86847722431930152     
  0.25939727252927380       0.88401535792060915     
  0.26045607300414547       0.89488798719981522     
  0.26151919526094891       0.90103262251446825     
  0.26258665694021183       0.90243819299157524     
  0.26365847575446660       0.89914380293706020     
  0.26473466948854396       0.89123698664205842     
  0.26581525599986822       0.87885150171891213     
  0.26690025321875377       0.86216470433988746     
  0.26798967914870253       0.84139455231002480     
  0.26908355186670235       0.81679628379443991     
  0.27018188952352734       0.78865882075926574     
  0.27128471034403900       0.75730094680078619     
  0.27239203262748851       0.72306730906073746     
  0.27350387474782023       0.68632429339412471     
  0.27462025515397709       0.64745582090984910     
  0.27574119237020622       0.60685911248868352     
  0.27686670499636645       0.56494046594287928     
  0.27799681170823720       0.52211108816686069     
  0.27913153125782791       0.47878302198691880     
  0.28027088247368953       0.43536520449999117     
  0.28141488426122702       0.39225969054653276     
  0.28256355560301261       0.34985807163892324     
  0.28371691555910122       0.30853811721146729     
  0.28487498326734656       0.26866066151712864     
  0.28603777794371876       0.23056675591196929     
  0.28720531888262307       0.19457510268235401     
  0.28837762545721990       0.16097978301972460     
  0.28955471711974690       0.13004828826851988     
  0.29073661340184104       0.10201986019614417     
  0.29192333391486291        7.7104142788181562E-002
  0.29311489835022253        5.5480144982832824E-002
  0.29431132647970543        3.7295510847146662E-002
  0.29551263815580109        2.2666090982526366E-002
  0.29671885331203263        1.1675806443465442E-002
  0.29792999196328690        4.3767941730727955E-003
  0.29914607420614708        7.8982091045309843E-004
  0.30036712021922612        9.0495071426355267E-004
  0.30159315026350136        4.6824496765862644E-003
  0.30282418468265071        1.2053910071833984E-002
  0.30406024390339059        2.2923575094802251E-002
  0.30530134843581452        3.7169844485544612E-002
  0.30654751887373349        5.4646940710228020E-002
  0.30779877589501764        7.5186714958189627E-002
  0.30905514026193970        9.8600572016326549E-002
  0.31031663282151906       0.12468149308132470     
  0.31158327450586787       0.15320613575608211     
  0.31285508633253861       0.18393699083532278     
  0.31413208940487242       0.21662457600288310     
  0.31541430491234945       0.25100964722540597     
  0.31670175413094059       0.28682540941821888     
  0.31799445842346041       0.32379970886507903     
  0.31929243923992134       0.36165719087801573     
  0.32059571811789023       0.40012140727247836     
  0.32190431668284508       0.43891685939097724     
  0.32321825664853443       0.47777096362144056     
  0.32453755981733712       0.51641592761039679     
  0.32586224808062436       0.55459052665268460     
  0.32719234341912323       0.59204177103576838     
  0.32852786790328065       0.62852645641626692     
  0.32986884369363056       0.66381259059755904     
  0.33121529304116082       0.69768069135013666     
  0.33256723828768275       0.72992495116115652     
  0.33392470186620210       0.76035426600807843     
  0.33528770630129073       0.78879312641517696     
  0.33665627420946076       0.81508237016510177     
  0.33803042829953994       0.83907979709368052     
  0.33941019137304806       0.86066064739075421     
  0.34079558632457546       0.87971794575815165     
  0.34218663614216327       0.89616271463509267     
  0.34358336390768413       0.90992406048852403     
  0.34498579279722608       0.92094913787975063     
  0.34639394608147639       0.92920299665773787     
  0.34780784712610791       0.93466831819381180     
  0.34922751939216706       0.93734504706195643     
  0.35065298643646264       0.93724992498471182     
  0.35208427191195729       0.93441593420803926     
  0.35352139956815942       0.92889165774134530     
  0.35496439325151735       0.92074056410345928     
  0.35641327690581565       0.91004022435440035     
  0.35786807457257153       0.89688146926930412     
  0.35932881039143427       0.88136749452806118     
  0.36079550860058590       0.86361292175584192     
  0.36226819353714296       0.84374282315906413     
  0.36374688963756052       0.82189171736273492     
  0.36523162143803800       0.79820254387226430     
  0.36672241357492547       0.77282562335962368     
  0.36821929078513355       0.74591761071466678     
  0.36972227790654283       0.71764044751098255     
  0.37123139987841652       0.68816032021632090     
  0.37274668174181458       0.65764663013401026     
  0.37426814864000829       0.62627098069807585     
  0.37579582581889864       0.59420618736409636     
  0.37732973862743413       0.56162531494486045     
  0.37886991251803198       0.52870074683667878     
  0.38041637304700071       0.49560329017346016     
  0.38196914587496344       0.46250132053338711     
  0.38352825676728425       0.42955996941077146     
  0.38509373159449567       0.39694035725603261     
  0.38666559633272773       0.36479887448214043     
  0.38824387706413899       0.33328651243859519     
  0.38982859997734975       0.30254824596653751     
  0.39141979136787586       0.27272246877236628     
  0.39301747763856587       0.24394048249423417     
  0.39462168530003849       0.21632603998750088     
  0.39623244097112265       0.18999494302285291     
  0.39784977137929967       0.16505469427555364     
  0.39947370336114574       0.14160420318699418     
  0.40110426386277853       0.11973354500128142     
  0.40274147994030307        9.9523772020333690E-002
  0.40438537876026137        8.1046775881604027E-002
  0.40603598760008325        6.4365199443003229E-002
  0.40769333384853856        4.9532396660368350E-002
  0.40935744500619187        3.6592438663407445E-002
  0.41102834868585908        2.5580164076819178E-002
  0.41270607261306486        1.6521271493537659E-002
  0.41439064462650332        9.4324518866309992E-003
  0.41608209267850005        4.3215586448682730E-003
  0.41778044483547516        1.1878128336082483E-003
  0.41948572927840988        2.2041217005996927E-005
  0.42119797430331363        8.0694452884133572E-004
  0.42291720832169355        3.5173934467609413E-003
  0.42464345986102636        8.1207497075977964E-003
  0.42637675756523108        1.4577209798942392E-002
  0.42811713019514508        2.2840168673264882E-002
  0.42986460662900056        3.2856600954904835E-002
  0.43161921586290408        4.4567457146084566E-002
  0.43338098701131811        5.7908072385010723E-002
  0.43514994930754325        7.2808585366005985E-002
  0.43692613210420378        8.9194365097736039E-002
  0.43870956487373508       0.10698644324987117     
  0.44050027720887197       0.12610194992018342     
  0.44229829882313998       0.14645455074216152     
  0.44410365955134889       0.16795488334700837     
  0.44591638935008682       0.19051099129224514     
  0.44773651829821842       0.21402875367171037     
  0.44956407659738296       0.23841230872728281     
  0.45139909457249600       0.26356446989080196     
  0.45324160267225266       0.28938713279442907     
  0.45509163146963244       0.31578167189867923     
  0.45694921166240710       0.34264932549865623     
  0.45881437407364939       0.36989156798019529     
  0.46068714965224478       0.39741046830827043     
  0.46256756947340538       0.42510903383919707     
  0.46445566473918498       0.45289153865588083     
  0.46635146677899686       0.48066383573082794     
  0.46825500705013429       0.50833365232478134     
  0.47016631713829160       0.53581086812877654     
  0.47208542875808879       0.56300777575475114     
  0.47401237375359806       0.58983932327303956     
  0.47594718409887132       0.61622333858518685     
  0.47788989189847175       0.64208073550639555     
  0.47984052938800570       0.66733570151374977     
  0.48179912893465782       0.69191586719406573     
  0.48376572303772875       0.71575245749862881     
  0.48574034432917323       0.73878042498075547     
  0.48772302557414277       0.76093856525691639     
  0.48971379967152823       0.78216961499168891     
  0.49171269965450648       0.80242033276266378     
  0.49371975869108847       0.82164156321199122     
  0.49573501008466908       0.83978828493803004     
  0.49775848727458005       0.85681964262246157     
  0.49979022383664523       0.87269896392612145     
  0.50183025348373689       0.88739376172020257     
  0.50387861006633561       0.90087572224899359     
  0.50593532757309234       0.91312067984556911     
  0.50800044013139123       0.92410857884342612     
  0.51007398200791731       0.93382342334470114     
  0.51215598760922409       0.94225321551977614     
  0.51424649148230461       0.94938988312370276     
  0.51634552831516523       0.95522919692226171     
  0.51845313293740036       0.95977067872466848     
  0.52056934032077162       0.96301750072124526     
  0.52269418557978653       0.96497637682279924     
  0.52482770397228251       0.96565744669431886     
  0.52696993090001132       0.96507415316897516     
  0.52912090190922667       0.96324311371952431     
  0.53128065269127367       0.96018398665320925     
  0.53344921908318188       0.95591933268330753     
  0.53562663706825886       0.95047447251576977     
  0.53781294277668812       0.94387734107304144     
  0.54000817248612853       0.93615833895940115     
  0.54221236262231554       0.92735018175309025     
  0.54442554975966673       0.91748774769023533     
  0.54664777062188774       0.90660792428443548     
  0.54887906208258186       0.89474945440375975     
  0.55111946116586275       0.88195278230413210     
  0.55336900504696696       0.86825990009474241     
  0.55562773105287300       0.85371419508721813     
  0.55789567666291884       0.83836029845622528     
  0.56017287950942463       0.82224393561461473     
  0.56245937737831742       0.80541177868181435     
  0.56475520820975744       0.78791130139956134     
  0.56706041009876806       0.76979063682451954     
  0.56937502129586803       0.75109843810312316     
  0.57169908020770599       0.73188374260970790     
  0.57403262539769728       0.71219583970535738     
  0.57637569558666502       0.69208414235135862     
  0.57872832965348131       0.67159806278830247     
  0.58109056663571335       0.65078689246927068     
  0.58346244573027040       0.62969968641377860     
  0.58584400629405475       0.60838515212768873     
  0.58823528784461476       0.58689154321375936     
  0.59063633006079996       0.56526655777741408     
  0.59304717278342045       0.54355724171304998     
  0.59546785601590702       0.52180989693769320     
  0.59789841992497528       0.50006999462094970     
  0.60033890484129260       0.47838209344323002     
  0.60278935126014666       0.45678976289796647     
  0.60524979984211758       0.43533551163815098     
  0.60772029141375294       0.41406072085283496     
  0.61020086696824494       0.39300558264547980     
  0.61269156766611022       0.37220904337302640     
  0.61519243483587394       0.35170875189231343     
  0.61770350997475421       0.33154101264911695     
  0.62022483474935197       0.31174074353451686     
  0.62275645099634114       0.29234143842333005     
  0.62529840072316345       0.27337513430050997     
  0.62785072610872605       0.25487238287287495     
  0.63041346950409982       0.23686222655620803     
  0.63298667343322390       0.21937217872071324     
  0.63557038059361004       0.20242820807185813     
  0.63816463385705124       0.18605472703804471     
  0.64076947627033398       0.17027458403181728     
  0.64338495105595150       0.15510905944716891     
  0.64601110161282127       0.14057786525189364     
  0.64864797151700582       0.12669914803107751     
  0.65129560452243462       0.11348949533531005     
  0.65395404456163087       0.10096394518546170     
  0.65662333574644061        8.9135998584457199E-002
  0.65930352236876377        7.8017634885678810E-002
  0.66199464890129045        6.7619329867210087E-002
  0.66469675999823752        5.7950076361247382E-002
  0.66740990049609028        4.9017407288417525E-002
  0.67013411541434675        4.0827420947658233E-002
  0.67286944995626363        3.3384808413509881E-002
  0.67561594950960757        2.6692882894250425E-002
  0.67837365964740748        2.0753610906201980E-002
  0.68114262612871068        1.5567645121681850E-002
  0.68392289489934310        1.1134358750572337E-002
  0.68671451209267076        7.4518813181294608E-003
  0.68951752403036504        4.5171357045884486E-003
  0.69233197722317286        2.3258763152894657E-003
  0.69515791837168661        8.7272825328532644E-004
  0.69799539436711988        1.5122736995043518E-004
  0.70084445229208592        1.5386107266068816E-004
  0.70370513942137802        8.7210977240559373E-004
  0.70657750322275481        2.2964888580423448E-003
  0.70946159135772713        4.4165910878452008E-003
  0.71235745168234910        7.2211292930323134E-003
  0.71526513224801314        1.0697979292030424E-002
  0.71818468130224533        1.4834222918403306E-002
  0.72111614728950835        1.9616191069490529E-002
  0.72405957885200312        2.5029506687006986E-002
  0.72701502483047720        3.1059127585065571E-002
  0.72998253426503557        3.7689389045237109E-002
  0.73296215639595286        4.4904046102439588E-002
  0.73595394066449149        5.2686315449618770E-002
  0.73895793671372234        6.1018916893258668E-002
  0.74197419438934753        6.9884114295828748E-002
  0.74500276374052765        7.9263755945313097E-002
  0.74804369502071344        8.9139314295875183E-002
  0.75109703868847777        9.9491925027630934E-002
  0.75416284540835488       0.11030242537729362     
  0.75724116605167924       0.12155139169518514     
  0.76033205169743068       0.13321917618776480     
  0.76343555363308235       0.14528594280837448     
  0.76655172335545019       0.15773170226235878     
  0.76968061257154952       0.17053634609610691     
  0.77282227319945096       0.18367967984279021     
  0.77597675736914307       0.19714145520079973     
  0.77914411742339751       0.21090140122385126     
  0.78232440591863694       0.22493925450479868     
  0.78551767562580699       0.23923478833792378     
  0.78872397953125306       0.25376784084729809     
  0.79194337083759792       0.26851834207137737     
  0.79517590296462559       0.28346633999657067     
  0.79842162955016782       0.29859202553484876     
  0.80168060445099321       0.31387575644282695     
  0.80495288174370172       0.32929808018193030     
  0.80823851572562166       0.34483975572128356     
  0.81153756091571005       0.36048177428702166     
  0.81485007205545901       0.37620537906349139     
  0.81817610410980179       0.39199208385365614     
  0.82151571226802678       0.40782369070761815     
  0.82486895194469190       0.42368230652978389     
  0.82823587878054472       0.43955035867657288     
  0.83161654864344625       0.45541060955805268     
  0.83501101762929653       0.47124617025799820     
  0.83841934206296653       0.48704051318820896     
  0.84184157849923302       0.50277748379385778     
  0.84527778372371576       0.51844131132772031     
  0.84872801475382054       0.53401661871202799     
  0.85219232883968588       0.54948843150749838     
  0.85567078346513115       0.56484218600986003     
  0.85916343634861292       0.58006373649484688     
  0.86267034544418009       0.59513936163321923     
  0.86619156894243732       0.61005577009793921     
  0.86972716527151039       0.62480010538601261     
  0.87327719309801433       0.63935994987794986     
  0.87684171132802924       0.65372332815808765     
  0.88042077910807537       0.66787870961930529     
  0.88401445582609561       0.68181501037582826     
  0.88762280111244185       0.69552159450802620     
  0.89124587484086226       0.70898827466311254     
  0.89488373712949654       0.72220531203580818     
  0.89853644834187318       0.73516341575293653     
  0.90220406908791040       0.74785374168590757     
  0.90588666022492215       0.76026789071497314     
  0.90958428285862880       0.77239790646897755     
  0.91329699834416944       0.78423627256415163     
  0.91702486828712149       0.79577590936534059     
  0.92076795454452198       0.80701017029276478     
  0.92452631922589401       0.81793283769718905     
  0.92830002469427830       0.82853811832604585     
  0.93208913356726641       0.83882063840274945     
  0.93589370871804145       0.84877543834111480     
  0.93971381327641990       0.85839796711636240     
  0.94354951062989978       0.86768407631387379     
  0.94740086442471305       0.87663001387640982     
  0.95126793856688030       0.88523241757007431     
  0.95515079722327212       0.89348830818889491     
  0.95904950482267404       0.90139508251742573     
  0.96296412605685466       0.90895050607028094     
  0.96689472588163972       0.91615270562709139     
  0.97084136951799027       0.92300016158083831     
  0.97480412245308368       0.92949170011704152     
  0.97878305044140190       0.93562648524080971     
  0.98277821950582100       0.94140401066819168     
  0.98678969593870736       0.94682409159783754     
  0.99081754630301844       0.95188685637840631     
  0.99486183743340539       0.95659273808667811     
  0.99892263643732426       0.96094246603080347     
   1.0030000106961476       0.96493705719262202     
   1.0070940278662834       0.96857780762245949     
   1.0112047558802988       0.97186628379931739     
   1.0153322629480441       0.97480431396884770     
   1.0194766175577885       0.97739397947103379     
   1.0236378884773538       0.97963760606896466     
   1.0278161447552574       0.98153775528963227     
   1.0320114557218547       0.98309721578717113     
   1.0362238909904942       0.98431899473852136     
   1.0404535204586696       0.98520630928092523     
   1.0447004143091787       0.98576257800038136     
   1.0489646430112913       0.98599141247951316     
   1.0532462773219167       0.98589660891302200     
   1.0575453882867758       0.98548213979837818     
   1.0618620472415838       0.98475214570899261     
   1.0661963258132321       0.98371092715668784     
   1.0705482959209747       0.98236293654987683     
   1.0749180297776255       0.98071277025344950     
   1.0793055998907541       0.97876516075598374     
   1.0837110790638902       0.97652496894950513     
   1.0881345403977287       0.97399717652665452     
   1.0925760572913470       0.97118687849975216     
   1.0970357034434204       0.96809927584590472     
   1.1015135528534441       0.96473966828195257     
   1.1060096798229635       0.96111344717272340     
   1.1105241589568067       0.95722608857574243     
   1.1150570651643195       0.95308314642523395     
   1.1196084736606120       0.94869024585795170     
   1.1241784599678060       0.94405307668308169     
   1.1287670999162849       0.93917738699819087     
   1.1333744696459565       0.93406897695290891     
   1.1380006456075142       0.92873369266179440     
   1.1426457045637044       0.92317742026756389     
   1.1473097235906025       0.91740608015563951     
   1.1519927800788912       0.91142562132073035     
   1.1566949517351428       0.90524201588596309     
   1.1614163165831117       0.89886125377482662     
   1.1661569529650266       0.89228933753604367     
   1.1709169395428922       0.88553227732125617     
   1.1756963552997917       0.87859608601524153     
   1.1804952795412009       0.87148677451819867     
   1.1853137918963028       0.86421034717947898     
   1.1901519723193061       0.85677279738199463     
   1.1950099010907769       0.84918010327634419     
   1.1998876588189678       0.84143822366362075     
   1.2047853264411541       0.83355309402568434     
   1.2097029852249803       0.82553062270155741     
   1.2146407167698074       0.81737668720852652     
   1.2195986030080641       0.80909713070638656     
   1.2245767262066105       0.80069775860315096     
   1.2295751689681005       0.79218433530051036     
   1.2345940142323542       0.78356258107715859     
   1.2396333452777308       0.77483816910811198     
   1.2446932457225151       0.76601672261795317     
   1.2497737995263021       0.75710381216599698     
   1.2548750909913893       0.74810495306119917     
   1.2599972047641785       0.73902560290462482     
   1.2651402258365791       0.72987115925722768     
   1.2703042395474162       0.72064695743066054     
   1.2754893315838498       0.71135826839874472     
   1.2806955879827961       0.70201029682725258     
   1.2859230951323521       0.69260817921959150     
   1.2911719397732333       0.68315698217591847     
   1.2964422090002106       0.67366170076326659     
   1.3017339902635547       0.66412725699416586     
   1.3070473713704895       0.65455849841127955     
   1.3123824404866489       0.64496019677553718     
   1.3177392861375357       0.63533704685523851     
   1.3231179972099965       0.62569366531360837     
   1.3285186629536925       0.61603458969227420     
   1.3339413729825829       0.60636427748814226     
   1.3393862172764077       0.59668710532114044     
   1.3448532861821869       0.58700736819031984     
   1.3503426704157151       0.57732927881580287     
   1.3558544610630672       0.56765696706409430     
   1.3613887495821120       0.55799447945426861     
   1.3669456278040288       0.54834577874255730     
   1.3725251879348284       0.53871474358293492     
   1.3781275225568879       0.52910516826122289     
   1.3837527246304846       0.51952076250036194     
   1.3894008874953359       0.50996515133445941     
   1.3950721048721533       0.50044187504924109     
   1.4007664708641934       0.49095438918663170     
   1.4064840799588225       0.48150606461113732     
   1.4122250270290799       0.47210018763577599     
   1.4179894073352572       0.46273996020533514     
   1.4237773165264773       0.45342850013475389     
   1.4295888506422783       0.44416884140046897     
   1.4354241061142121       0.43496393448258963     
   1.4412831797674421       0.42581664675582787     
   1.4471661688223481       0.41672976292710207     
   1.4530731708961429       0.40770598551781279     
   1.4590042840044910       0.39874793538880748     
   1.4649596065631323       0.38985815230609244     
   1.4709392373895191       0.38103909554537141     
   1.4769432757044543       0.37229314453356377     
   1.4829718211337348       0.36362259952547860     
   1.4890249737098105       0.35502968231382748     
   1.4951028338734396       0.34651653697087292     
   1.5012055024753554       0.33808523061996210     
   1.5073330807779428       0.32973775423531626     
   1.5134856704569155       0.32147602346840931     
   1.5196633736030056       0.31330187949939048     
   1.5258662927236537       0.30521708991196583     
   1.5320945307447145       0.29722334959024765     
   1.5383481910121630       0.28932228163610885     
   1.5446273772938062       0.28151543830559367     
   1.5509321937810101       0.27380430196301653     
   1.5572627450904259       0.26619028605137462     
   1.5636191362657244       0.25867473607778924     
   1.5700014727793419       0.25125893061266580     
   1.5764098605342303       0.24394408230136932     
   1.5828444058656099       0.23673133888719777     
   1.5893052155427401       0.22962178424448787     
   1.5957923967706868       0.22261643942074472     
   1.6023060571921037       0.21571626368668306     
   1.6088463048890147       0.20892215559315208     
   1.6154132483846122       0.20223495403389113     
   1.6220069966450557       0.19565543931317064     
   1.6286276590812767       0.18918433421734460     
   1.6352753455508005       0.18282230508938802     
   1.6419501663595648       0.17656996290557270     
   1.6486522322637496       0.17042786435339452     
   1.6553816544716176       0.16439651290995538     
   1.6621385446453594       0.15847635991999309     
   1.6689230149029417       0.15266780567282912     
   1.6757351778199741       0.14697120047748169     
   1.6825751464315746       0.14138684573525617     
   1.6894430342342412       0.13591499500916226     
   1.6963389551877424       0.13055585508948075     
   1.7032630237170037       0.12530958705490147     
   1.7102153547140044       0.12017630732864737     
   1.7171960635396897       0.11515608872898475     
   1.7242052660258809       0.11024896151365304     
   1.7312430784771990       0.10545491441764832     
   1.7383096176729915       0.10077389568391482     
   1.7454050008692747        9.6205814086467223E-002
   1.7525293458006783        9.1750539945525400E-002
   1.7596827706823941        8.7407906134230329E-002
   1.7668653942121444        8.3177709076576178E-002
   1.7740773355721486        7.9059709736163497E-002
   1.7813187144310982        7.5053634595456664E-002
   1.7885896509461472        7.1159176625197107E-002
   1.7958902657649043        6.7375996243673963E-002
   1.8032206800274309        6.3703722265574747E-002
   1.8105810153682576        6.0141952840131019E-002
   1.8179713939183981        5.6690256378335357E-002
   1.8253919383073787        5.3348172468960509E-002
   1.8328427716652678        5.0115212783218399E-002
   1.8403240176247260        4.6990861967807107E-002
   1.8478358003230537        4.3974578526209118E-002
   1.8553782444042495        4.1065795688048690E-002
   1.8629514750210820        3.8263922266367434E-002
   1.8705556178371661        3.5568343502685229E-002
   1.8781907990290427        3.2978421899721999E-002
   1.8858571452882809        3.0493498041662459E-002
   1.8935547838235744        2.8112891401896656E-002
   1.9012838423628520        2.5835901138123618E-002
   1.9090444491554013        2.3661806874765046E-002
   1.9168367329739937        2.1589869472630530E-002
   1.9246608231170197        1.9619331785786343E-002
   1.9325168494106386        1.7749419405591271E-002
   1.9404049422109304        1.5979341391865853E-002
   1.9483252324060565        1.4308290991212669E-002
   1.9562778514184365        1.2735446342432510E-002
   1.9642629312069249        1.1259971169088834E-002
   1.9722806042690040        9.8810154591972843E-003
   1.9803310036429771        8.5977161320935913E-003
   1.9884142629101824        7.4091976924770542E-003
   1.9965305161972071        6.3145728716933469E-003
   2.0046798981781091        5.3129432562971646E-003
   2.0128625440766581        4.4033999039245764E-003
   2.0210785896685763        3.5850239465746725E-003
   2.0293281712837890        2.8568871813248187E-003
   2.0376114258086915        2.2180526485798824E-003
   2.0459284906884188        1.6675751979223774E-003
   2.0542795039291217        1.2045020416412422E-003
   2.0626646041002639        8.2787329604139259E-004
   2.0710839303369175        5.3672251061676057E-004
   2.0795376223420732        3.3007718518407447E-004
   2.0880258203889532        2.0695927509284395E-004
   2.0965486653233478        1.6638568460114467E-004
   2.1051062985659468        2.0736874853677367E-004
   2.1136988621146831        3.2891670236345760E-004
   2.1223264985470975        5.3003414075647459E-004
   2.1309893510226989        8.0972246481914034E-004
   2.1396875632853374        1.1669803180605065E-003
   2.1484212796655959        1.6008040112601707E-003
   2.1571906450831819        2.1101879363530918E-003
   2.1659958050493291        2.6941249694595326E-003
   2.1748369056692178        3.3516068632026830E-003
   2.1837140936443968        4.0816246284394175E-003
   2.1926275162752127        4.8831689055559568E-003
   2.2015773214632635        5.7552303254474468E-003
   2.2105636577138457        6.6967998603463252E-003
   2.2195866741384194        7.7068691646199339E-003
   2.2286465204570853        8.7844309056988035E-003
   2.2377433470010675        9.9284790852591787E-003
   2.2468773047152077        1.1138009350828648E-002
   2.2560485451604677        1.2412019297941890E-002
   2.2652572205164492        1.3749508762997964E-002
   2.2745034835839171        1.5149480106978253E-002
   2.2837874877873303        1.6610938490142613E-002
   2.2931093871773944        1.8132892137897372E-002
   2.3024693364336155        1.9714352597922202E-002
   2.3118674908668622        2.1354334988768708E-002
   2.3213040064219506        2.3051858240021539E-002
   2.3307790396802273        2.4805945324209433E-002
   2.3402927478621649        2.6615623480585326E-002
   2.3498452888299783        2.8479924430945158E-002
   2.3594368210902377        3.0397884587607171E-002
   2.3690675037965030        3.2368545253725012E-002
   2.3787374967519588        3.4390952816046427E-002
   2.3884469604120731        3.6464158930298196E-002
   2.3981960558872570        3.8587220699305980E-002
   2.4079849449455333        4.0759200844016075E-002
   2.4178137900152290        4.2979167867548296E-002
   2.4276827541876669        4.5246196212431977E-002
   2.4375920012198664        4.7559366411136783E-002
   2.4475416955372706        4.9917765230079958E-002
   2.4575320022364697        5.2320485807209050E-002
   2.4675630870879357        5.4766627783317423E-002
   2.4776351165387829        5.7255297427213248E-002
   2.4877482577155234        5.9785607754899717E-002
   2.4979026784268394        6.2356678642853880E-002
   2.5080985471663721        6.4967636935596373E-002
   2.5183360331155162        6.7617616547625103E-002
   2.5286153061462220        7.0305758559872311E-002
   2.5389365368238228        7.3031211310803701E-002
   2.5492998964098588        7.5793130482287085E-002
   2.5597055568649218        7.8590679180346124E-002
   2.5701536908515048        8.1423028010933263E-002
   2.5806444717368717        8.4289355150834466E-002
   2.5911780735959340        8.7188846413827070E-002
   2.6017546712141315        9.0120695312207122E-002
   2.6123744400903441        9.3084103113807437E-002
   2.6230375564397970        9.6078278894610736E-002
   2.6337441971969815        9.9102439587083757E-002
   2.6444945400185995       0.10215581002432883     
   2.6552887632865070       0.10523762298017758     
   2.6661270461106703       0.10834711920531848     
   2.6770095683321458       0.11148354745958344     
   2.6879365105260575       0.11464616454048004     
   2.6989080540045989       0.11783423530808168     
   2.7099243808200328       0.12104703270637573     
   2.7209856737677236       0.12428383778117358     
   2.7320921163891634       0.12754393969466948     
   2.7432438929750149       0.13082663573675213     
   2.7544411885681774       0.13413123133317184     
   2.7656841889668535       0.13745704005063475     
   2.7769730807276272       0.14080338359893785     
   2.7883080511685678       0.14416959183022027     
   2.7996892883723348       0.14755500273543276     
   2.8111169811892935       0.15095896243808726     
   2.8225913192406575       0.15438082518540752     
   2.8341124929216317       0.15781995333693299     
   2.8456806934045655       0.16127571735066859     
   2.8572961126421350       0.16474749576687031     
   2.8689589433705232       0.16823467518953572     
   2.8806693791126143       0.17173665026566542     
   2.8924276141812122       0.17525282366240458     
   2.9042338436822610       0.17878260604210205     
   2.9160882635180831       0.18232541603538355     
   2.9279910703906258       0.18588068021229975     
   2.9399424618047334       0.18944783305162261     
   2.9519426360714194       0.19302631690836380     
   2.9639917923111532       0.19661558197956019     
   2.9760901304571732       0.20021508626842943     
   2.9882378512587997       0.20382429554692050     
   3.0004351562847607       0.20744268331674309     
   3.0126822479265480       0.21106973076894719     
   3.0249793294017673       0.21470492674207531     
   3.0373266047575087       0.21834776767899278     
   3.0497242788737404       0.22199775758241203     
   3.0621725574667020       0.22565440796920155     
   3.0746716470923223       0.22931723782350422     
   3.0872217551496384       0.23298577354873973     
   3.0998230898842483       0.23665954891853302     
   3.1124758603917613       0.24033810502662367     
   3.1251802766212617       0.24402099023580004     
   3.1379365493788032       0.24770776012592066     
   3.1507448903309023       0.25139797744104797     
   3.1636055120080444       0.25509121203576091     
   3.1765186278082207       0.25878704082068493     
   3.1894844520004644       0.26248504770727732     
   3.2025031997284015       0.26618482355191109     
   3.2155750870138298       0.26988596609931859     
   3.2287003307602982       0.27358807992540046     
   3.2418791487567020       0.27729077637947352     
   3.2551117596809069       0.28099367352597193     
   3.2683983831033703       0.28469639608565778     
   3.2817392394907818       0.28839857537635283     
   3.2951345502097307       0.29209984925326338     
   3.3085845375303724       0.29579986204888875     
   3.3220894246301196       0.29949826451258998     
   3.3356494355973410       0.30319471374981333     
   3.3492647954350852       0.30688887316102909     
   3.3629357300648142       0.31058041238040535     
   3.3766624663301439       0.31426900721423112     
   3.3904452320006189       0.31795433957915697     
   3.4042842557754875       0.32163609744023902     
   3.4181797672874907       0.32531397474883106     
   3.4321319971066844       0.32898767138036611     
   3.4461411767442565       0.33265689307202928     
   3.4602075386563675       0.33632135136034969     
   3.4743313162480152       0.33998076351875828     
   3.4885127438769019       0.34363485249510606     
   3.5027520568573265       0.34728334684918316     
   3.5170494914640815       0.35092598069025160     
   3.5314052849363842       0.35456249361462178     
   3.5458196754818094       0.35819263064328322     
   3.5602929022802345       0.36181614215961699     
   3.5748252054878202       0.36543278384720457     
   3.5894168262409902       0.36904231662775211     
   3.6040680066604258       0.37264450659914994     
   3.6187789898550959       0.37623912497368439     
   3.6335500199262847       0.37982594801641401     
   3.6483813419716364       0.38340475698373000     
   3.6632732020892336       0.38697533806211970     
   3.6782258473816740       0.39053748230713747     
   3.6932395259601685       0.39409098558261035     
   3.7083144869486642       0.39763564850007749     
   3.7234509804879772       0.40117127635849270     
   3.7386492577399353       0.40469767908418630     
   3.7539095708915569       0.40821467117111399     
   3.7692321731592284       0.41172207162139129     
   3.7846173187929102       0.41521970388613316     
   3.8000652630803460       0.41870739580660354     
   3.8155762623513128       0.42218497955569390     
   3.8311505739818670       0.42565229157972795     
   3.8467884563986092       0.42910917254061243     
   3.8624901690829847       0.43255546725833915     
   3.8782559725755825       0.43599102465384221     
   3.8940861284804527       0.43941569769222955     
   3.9099808994694594       0.44282934332638635     
   3.9259405492866346       0.44623182244095860     
   3.9419653427525452       0.44962299979673037     
   3.9580555457687030       0.45300274397539331     
   3.9742114253219660       0.45637092732472428     
   3.9904332494889743       0.45972742590416515     
   4.0067212874405893       0.46307211943081483     
   4.0230758094463717       0.46640489122584983     
   4.0394970868790629       0.46972562816135588     
   4.0559853922190783       0.47303422060759781     
   4.0725409990590427       0.47633056238071503     
   4.0891641821083224       0.47961455069086079     
   4.1058552171975808       0.48288608609076833     
   4.1226143812833644       0.48614507242477789     
   4.1394419524526915       0.48939141677829512     
   4.1563382099276636       0.49262502942770636     
   4.1733034340701094       0.49584582379074638     
   4.1903379063862296       0.49905371637731721     
   4.2074419095312638       0.50224862674076320     
   4.2246157273141920       0.50543047742960867     
   4.2418596447024361       0.50859919393975050     
   4.2591739478265858       0.51175470466711781     
   4.2765589239851547       0.51489694086078797     
   4.2940148616493437       0.51802583657657120     
   4.3115420504678283       0.52114132863106022     
   4.3291407812715565       0.52424335655613685     
   4.3468113460785895       0.52733186255395847     
   4.3645540380989400       0.53040679145239888     
   4.3823691517394279       0.53346809066095591     
   4.4002569826085844       0.53651571012713717     
   4.4182178275215458       0.53954960229329285     
   4.4362519845049730       0.54256972205393073     
   4.4543597528020111       0.54557602671348682     
   4.4725414328772475       0.54856847594456370     
   4.4907973264216903       0.55154703174663133     
   4.5091277363577875       0.55451165840519012     
   4.5275329668444471       0.55746232245139760     
   4.5460133232820850       0.56039899262215231     
   4.5645691123176864       0.56332163982063910     
   4.5832006418499045       0.56623023707733111     
   4.6019082210341660       0.56912475951144792     
   4.6206921602877928       0.57200518429286684     
   4.6395527712951647       0.57487149060448917     
   4.6584903670128890       0.57772365960505523     
   4.6775052616749795       0.58056167439240980     
   4.6965977707980926       0.58338551996721189     
   4.7157682111867478       0.58619518319709263     
   4.7350169009385850       0.58899065278125184     
   4.7543441594496505       0.59177191921549754     
   4.7737503074196939       0.59453897475772288     
   4.7932356668574805       0.59729181339381476     
   4.8128005610861475       0.60003043080400231     
   4.8324453147485658       0.60275482432962946     
   4.8521702538127149       0.60546499294035661     
   4.8719757055771122       0.60816093720178932     
   4.8918619986762248       0.61084265924352654     
   4.9118294630859394       0.61351016272763204     
   4.9318784301290162       0.61616345281751361     
   4.9520092324806102       0.61880253614722847     
   4.9722222041737796       0.62142742079118962     
   4.9925176806050207       0.62403811623428229     
   5.0128959985398502       0.62663463334238678     
   5.0333574961183860       0.62921698433330175     
   5.0539025128609465       0.63178518274806450     
   5.0745313896737043       0.63433924342266845     
   5.0952444688543324       0.63687918246017317     
   5.1160420940976774       0.63940501720319998     
   5.1369246105014765       0.64191676620681659     
   5.1578923645720769       0.64441444921180335     
   5.1789457042301867       0.64689808711829777     
   5.2000849788166388       0.64936770195981286     
   5.2213105390982024       0.65182331687763406     
   5.2426227372734004       0.65426495609558044     
   5.2640219269783390       0.65669264489512991     
   5.2855084632925946       0.65910640959091471     
   5.3070827027450962       0.66150627750656543     
   5.3287450033200381       0.66389227695092212     
   5.3504957244628288       0.66626443719458706     
   5.3723352270860527       0.66862278844683343     
   5.3942638735754480       0.67096736183285621     
   5.4162820277959387       0.67329818937136743     
   5.4383900550976607       0.67561530395252722     
   5.4605883223220175       0.67791873931621160     
   5.4828771978077846       0.68020853003061355     
   5.5052570513972130       0.68248471147116851     
   5.5277282544421542       0.68474731979980963     
   5.5502911798102446       0.68699639194453987     
   5.5729462018910780       0.68923196557932576     
   5.5956936966024218       0.69145407910430434     
   5.6185340413964466       0.69366277162630219     
   5.6414676152660075       0.69585808293966089     
   5.6644947987509173       0.69804005350736797     
   5.6876159739442613       0.70020872444249038     
   5.7108315244987482       0.70236413748990367     
   5.7341418356330687       0.70450633500831539     
   5.7575472941382806       0.70663535995258364     
   5.7810482883842447       0.70875125585631582     
   5.8046452083260549       0.71085406681476182     
   5.8283384455105089       0.71294383746797796     
   5.8521283930826149       0.71502061298427821     
   5.8760154457921070       0.71708443904395347     
