  0.10000000000000001       0.29768631223324610     
  0.10040817718110437       0.32697164661636813     
  0.10081802044832047       0.35621944712710779     
  0.10122953660223166       0.38324890048074067     
  0.10164273247117964       0.40608905357233477     
  0.10205761491137796       0.42311070048025701     
  0.10247419080702558       0.43312906088395731     
  0.10289246707042120       0.43547146864248992     
  0.10331245064207799       0.43000704632458980     
  0.10373414849083867       0.41713813644572739     
  0.10415756761399117       0.39775589598881450     
  0.10458271503738485       0.37316476667808918     
  0.10500959781554686       0.34498237461497461     
  0.10543822303179938       0.31502269669188326     
  0.10586859779837712       0.28517101013371626     
  0.10630072925654524       0.25725921250815392     
  0.10673462457671801       0.23294960045877877     
  0.10717029095857759       0.21363419905201408     
  0.10760773563119364       0.20035533994328106     
  0.10804696585314330       0.19375151377416389     
  0.10848798891263144       0.19403069750119933     
  0.10893081212761184       0.20097150786933682     
  0.10937544284590843       0.21395077687288977     
  0.10982188844533726       0.23199458752442981     
  0.11027015633382903       0.25384853183530298     
  0.11072025394955184       0.27806201686468340     
  0.11117218876103470       0.30308088260587712     
  0.11162596826729153       0.32734241534541092     
  0.11208159999794542       0.34936702602488734     
  0.11253909151335369       0.36784137820200835     
  0.11299845040473337       0.38168854066527241     
  0.11345968429428700       0.39012173957265150     
  0.11392280083532935       0.39267942084968593     
  0.11438780771241415       0.38924052988011748     
  0.11485471264146174       0.38002009897097350     
  0.11532352336988719       0.36554633681285642     
  0.11579424767672861       0.34662138107718221     
  0.11626689337277650       0.32426866050213859     
  0.11674146830070313       0.29967038517011269     
  0.11721798033519278       0.27409902637178041     
  0.11769643738307244       0.24884675776596241     
  0.11817684738344295       0.22515671780100657     
  0.11865921830781066       0.20415964125031813     
  0.11914355816021997       0.18681892613287221     
  0.11962987497738581       0.17388658888737293     
  0.12011817682882717       0.16587185723414935     
  0.12060847181700105       0.16302340002250973     
  0.12110076807743671       0.16532543895582424     
  0.12159507377887094       0.17250726777679048     
  0.12209139712338332       0.18406505476923601     
  0.12258974634653247       0.19929425251726723     
  0.12309012971749274       0.21733050579123780     
  0.12359255553919130       0.23719664757285008     
  0.12409703214844603       0.25785321026160946     
  0.12460356791610375       0.27824985236117566     
  0.12511217124717913       0.29737520213829499     
  0.12562285058099434       0.31430283493394101     
  0.12613561439131882       0.32823141155481017     
  0.12665047118650996       0.33851738984872082     
  0.12716742950965446       0.34469915665742029     
  0.12768649793870987       0.34651188874967559     
  0.12820768508664696       0.34389291559471508     
  0.12873099960159279       0.33697780215727741     
  0.12925645016697404       0.32608777707195191     
  0.12978404550166117       0.31170948463614534     
  0.13031379436011306       0.29446832582231930     
  0.13084570553252231       0.27509686570157754     
  0.13137978784496107       0.25439991805934620     
  0.13191605015952751       0.23321797220699003     
  0.13245450137449291       0.21239060524726053     
  0.13299515042444918       0.19272143164715555     
  0.13353800628045717       0.17494598979021936     
  0.13408307795019572       0.15970376306265599     
  0.13463037447811083       0.14751529313433404     
  0.13517990494556581       0.13876507826503567     
  0.13573167847099218       0.13369067260269624     
  0.13628570421004074       0.13237812595536946     
  0.13684199135573349       0.13476363884407058     
  0.13740054913861643       0.14064106483183691     
  0.13796138682691236       0.14967467954286562     
  0.13852451372667493       0.16141645991157672     
  0.13908993918194296       0.17532698251416934     
  0.13965767257489561       0.19079895880037429     
  0.14022772332600780       0.20718237818417509     
  0.14080010089420669       0.22381022599178413     
  0.14137481477702879       0.24002377933006813     
  0.14195187451077720       0.25519655580770995     
  0.14253128967068007       0.26875609242795051     
  0.14311306987104958       0.28020285881882956     
  0.14369722476544117       0.28912575375058430     
  0.14428376404681392       0.29521378990884389     
  0.14487269744769149       0.29826373254125743     
  0.14546403474032335       0.29818361660758302     
  0.14605778573684705       0.29499221871993953     
  0.14665396028945119       0.28881469945698079     
  0.14725256829053859       0.27987475441121079     
  0.14785361967289068       0.26848371534464255     
  0.14845712440983222       0.25502712381158610     
  0.14906309251539690       0.23994935725251729     
  0.14967153404449324       0.22373692149508681     
  0.15028245909307170       0.20690103431005866     
  0.15089587779829214       0.18996011342989738     
  0.15151180033869191       0.17342275118002112     
  0.15213023693435482       0.15777170907315080     
  0.15275119784708088       0.14344940226140865     
  0.15337469338055626       0.13084526878906524     
  0.15400073388052446       0.12028533544515929     
  0.15462932973495802       0.11202420400225557     
  0.15526049137423079       0.10623959197214082     
  0.15589422927129087       0.10302947374281507     
  0.15653055394183482       0.10241178383420599     
  0.15716947594448166       0.10432656642554040     
  0.15781100588094832       0.10864038627050954     
  0.15845515439622559       0.11515275720276610     
  0.15910193217875471       0.12360429677539170     
  0.15975134996060453       0.13368627986145803     
  0.16040341851764989       0.14505124052891227     
  0.16105814866975027       0.15732426005129996     
  0.16171555128092935       0.17011457902431132     
  0.16237563725955523       0.18302718240852472     
  0.16303841755852153       0.19567402682926549     
  0.16370390317542910       0.20768460834461511     
  0.16437210515276834       0.21871560470094015     
  0.16504303457810285       0.22845936729497757     
  0.16571670258425286       0.23665108307561136     
  0.16639312034948034       0.24307447387979333     
  0.16707229909767446       0.24756594869420090     
  0.16775425009853762       0.25001717165132487     
  0.16843898466777257       0.25037605391911216     
  0.16912651416727026       0.24864621989561347     
  0.16981685000529834       0.24488503631838734     
  0.17051000363669019       0.23920032627428101     
  0.17120598656303537       0.23174591807437858     
  0.17190481033287031       0.22271620116068330     
  0.17260648654186983       0.21233987744317903     
  0.17331102683303970       0.20087310671371406     
  0.17401844289690985       0.18859224919529460     
  0.17472874647172817       0.17578640715594404     
  0.17544194934365545       0.16274996126472527     
  0.17615806334696094       0.14977528651645472     
  0.17687710036421864       0.13714581770463732     
  0.17759907232650440       0.12512961624035165     
  0.17832399121359424       0.11397356929493210     
  0.17905186905416270       0.10389832949738322     
  0.17978271792598266        9.5094079448542160E-002
  0.18051654995612570        8.7717180805400780E-002
  0.18125337732116351        8.1887743283270031E-002
  0.18199321224736950        7.7688125211843373E-002
  0.18273606701092207        7.5162354791417377E-002
  0.18348195393810826        7.4316440385099422E-002
  0.18423088540552804        7.5119519432496520E-002
  0.18498287384029991        7.7505779181845980E-002
  0.18573793172026712        8.1377068632031382E-002
  0.18649607157420448        8.6606109996011288E-002
  0.18725730598202642        9.3040209709394459E-002
  0.18802164757499584       0.10050536350800360     
  0.18878910903593346       0.10881064731678408     
  0.18955970309942835       0.11775278550208441     
  0.19033344255204943       0.12712079026279480     
  0.19111034023255730       0.13670057035392488     
  0.19189040903211749       0.14627941369670261     
  0.19267366189451438       0.15565025645545008     
  0.19346011181636599       0.16461566056024307     
  0.19424977184733941       0.17299143212497370     
  0.19504265509036750       0.18060982445094698     
  0.19583877470186650       0.18732228102146070     
  0.19663814389195391       0.19300168579967714     
  0.19744077592466802       0.19754409997515771     
  0.19824668411818794       0.20086997582000640     
  0.19905588184505443       0.20292484929572974     
  0.19986838253239200       0.20367952330657632     
  0.20068419966213161       0.20312976286412596     
  0.20150334677123438       0.20129553178195564     
  0.20232583745191612       0.19821980775983608     
  0.20315168535187320       0.19396701877631820     
  0.20398090417450848       0.18862114854816192     
  0.20481350767915915       0.18228356242407531     
  0.20564950968132489       0.17507060747360123     
  0.20648892405289709       0.16711104174770636     
  0.20733176472238896       0.15854334778443954     
  0.20817804567516671       0.14951298448700689     
  0.20902778095368180       0.14016962960380822     
  0.20988098465770355       0.13066446229269210     
  0.21073767094455342       0.12114753176601777     
  0.21159785402933992       0.11176525390595041     
  0.21246154818519422       0.10265807313020342     
  0.21332876774350720        9.3958321797460304E-002
  0.21419952709416737        8.5788304186973002E-002
  0.21507384068579924        7.8258626682227314E-002
  0.21595172302600341        7.1466790342362779E-002
  0.21683318868159726        6.5496056657642215E-002
  0.21771825227885655        6.0414592048666622E-002
  0.21860692850375804        5.6274891665271311E-002
  0.21949923210222347        5.3113478341795015E-002
  0.22039517788036408        5.0950868231451681E-002
  0.22129478070472614        4.9791790723419396E-002
  0.22219805550253774        4.9625646780578028E-002
  0.22310501726195672        5.0427186851178585E-002
  0.22401568103231900        5.2157387021230781E-002
  0.22493006192438844        5.4764500093372429E-002
  0.22584817511060773        5.8185256800330779E-002
  0.22677003582534988        6.2346191376457388E-002
  0.22769565936517111        6.7165065201134189E-002
  0.22862506108906488        7.2552362168567211E-002
  0.22955825641871638        7.8412829799292649E-002
  0.23049526083875860        8.4647040854652383E-002
  0.23143608989702943        9.1152951307941613E-002
  0.23238075920482931        9.7827431923509539E-002
  0.23332928443718048       0.10456775235457828     
  0.23428168133308711       0.11127299854777904     
  0.23523796569579644       0.11784540629310394     
  0.23619815339306083       0.12419159593843228     
  0.23716226035740115       0.13022369555553454     
  0.23813030258637141       0.13586034215889975     
  0.23910229614282377       0.14102755290160471     
  0.24007825715517533       0.14565946046826364     
  0.24105820181767584       0.14969890912141362     
  0.24204214639067612       0.15309791000555392     
  0.24303010720089804       0.15581795634687054     
  0.24402210064170560       0.15783020108463389     
  0.24501814317337661       0.15911550121421242     
  0.24601825132337590       0.15966433469699717     
  0.24702244168662996       0.15947659718845419     
  0.24803073092580163       0.15856128704449080     
  0.24904313577156709       0.15693608808416651     
  0.25005967302289334       0.15462686041240534     
  0.25108035954731700       0.15166705024150823     
  0.25210521228122396       0.14809703009929615     
  0.25313424823013059       0.14396338108118678     
  0.25416748446896609       0.13931812890226905     
  0.25520493814235545       0.13421794544367030     
  0.25624662646490398       0.12872332727730776     
  0.25729256672148348       0.12289776230733630     
  0.25834277626751834       0.11680689519919829     
  0.25939727252927380       0.11051770169268889     
  0.26045607300414547       0.10409768122869741     
  0.26151919526094891        9.7614076575303854E-002
  0.26258665694021183        9.1133128332563068E-002
  0.26365847575446660        8.4719371341257635E-002
  0.26473466948854396        7.8434979133254271E-002
  0.26581525599986822        7.2339161653368081E-002
  0.26690025321875377        6.6487620567658751E-002
  0.26798967914870253        6.0932065562687245E-002
  0.26908355186670235        5.5719794145474323E-002
  0.27018188952352734        5.0893336584606721E-002
  0.27128471034403900        4.6490166798073961E-002
  0.27239203262748851        4.2542479200704426E-002
  0.27350387474782023        3.9077030780213295E-002
  0.27462025515397709        3.6115046981430837E-002
  0.27574119237020622        3.3672189347753581E-002
  0.27686670499636645        3.1758582300602772E-002
  0.27799681170823720        3.0378895934216714E-002
  0.27913153125782791        2.9532481265777781E-002
  0.28027088247368953        2.9213554010301922E-002
  0.28141488426122702        2.9411422645585543E-002
  0.28256355560301261        3.0110756293744684E-002
  0.28371691555910122        3.1291887770784864E-002
  0.28487498326734656        3.2931147041784167E-002
  0.28603777794371876        3.5001220263848040E-002
  0.28720531888262307        3.7471529598537598E-002
  0.28837762545721990        4.0308629026370016E-002
  0.28955471711974690        4.3476611494060985E-002
  0.29073661340184104        4.6937522866276185E-002
  0.29192333391486291        5.0651778333240333E-002
  0.29311489835022253        5.4578577139120968E-002
  0.29431132647970543        5.8676311739052037E-002
  0.29551263815580109        6.2902967760458312E-002
  0.29671885331203263        6.7216511432403106E-002
  0.29792999196328690        7.1575261450710803E-002
  0.29914607420614708        7.5938242562307343E-002
  0.30036712021922612        8.0265518475561251E-002
  0.30159315026350136        8.4518502030503873E-002
  0.30282418468265071        8.8660240890180653E-002
  0.30406024390339059        9.2655677338582459E-002
  0.30530134843581452        9.6471881088643519E-002
  0.30654751887373349       0.10007825431293417     
  0.30779877589501764       0.10344670840737767     
  0.30905514026193970       0.10655181228249309     
  0.31031663282151906       0.10937091224539114     
  0.31158327450586787       0.11188422378748737     
  0.31285508633253861       0.11407489582634275     
  0.31413208940487242       0.11592904816414792     
  0.31541430491234945       0.11743578311952060     
  0.31670175413094059       0.11858717246279368     
  0.31799445842346041       0.11937822093779264     
  0.31929243923992134       0.11980680778504096     
  0.32059571811789023       0.11987360779265535     
  0.32190431668284508       0.11958199349223461     
  0.32321825664853443       0.11893792018831215     
  0.32453755981733712       0.11794979556214813     
  0.32586224808062436       0.11662833562455489     
  0.32719234341912323       0.11498640880902686     
  0.32852786790328065       0.11303886999667634     
  0.32986884369363056       0.11080238624946374     
  0.33121529304116082       0.10829525599912630     
  0.33256723828768275       0.10553722339718044     
  0.33392470186620210       0.10254928947775743     
  0.33528770630129073        9.9353521720913676E-002
  0.33665627420946076        9.5972863530825417E-002
  0.33803042829953994        9.2430945062085990E-002
  0.33941019137304806        8.8751896739417205E-002
  0.34079558632457546        8.4960166722684527E-002
  0.34218663614216327        8.1080343471289867E-002
  0.34358336390768413        7.7136984460962468E-002
  0.34498579279722608        7.3154452002661796E-002
  0.34639394608147639        6.9156757008813435E-002
  0.34780784712610791        6.5167411447307130E-002
  0.34922751939216706        6.1209290119478316E-002
  0.35065298643646264        5.7304502295487975E-002
  0.35208427191195729        5.3474273639805885E-002
  0.35352139956815942        4.9738838761592255E-002
  0.35496439325151735        4.6117344630227437E-002
  0.35641327690581565        4.2627765005559259E-002
  0.35786807457257153        3.9286825946157788E-002
  0.35932881039143427        3.6109942377221801E-002
  0.36079550860058590        3.3111165623262474E-002
  0.36226819353714296        3.0303141739398083E-002
  0.36374688963756052        2.7697080409322804E-002
  0.36523162143803800        2.5302734117841341E-002
  0.36672241357492547        2.3128387251404814E-002
  0.36821929078513355        2.1180854731344761E-002
  0.36972227790654283        1.9465489741488831E-002
  0.37123139987841652        1.7986200074474722E-002
  0.37274668174181458        1.6745472589273169E-002
  0.37426814864000829        1.5744405246046259E-002
  0.37579582581889864        1.4982746163326774E-002
  0.37732973862743413        1.4458939126451305E-002
  0.37886991251803198        1.4170174964932392E-002
  0.38041637304700071        1.4112448209848229E-002
  0.38196914587496344        1.4280618440047119E-002
  0.38352825676728425        1.4668475727767083E-002
  0.38509373159449567        1.5268809599876032E-002
  0.38666559633272773        1.6073480940049505E-002
  0.38824387706413899        1.7073496269533091E-002
  0.38982859997734975        1.8259083859383456E-002
  0.39141979136787586        1.9619771144965645E-002
  0.39301747763856587        2.1144462933690815E-002
  0.39462168530003849        2.2821519919234069E-002
  0.39623244097112265        2.4638837039493162E-002
  0.39784977137929967        2.6583921241052716E-002
  0.39947370336114574        2.8643968239645295E-002
  0.40110426386277853        3.0805937893799290E-002
  0.40274147994030307        3.3056627837275546E-002
  0.40438537876026137        3.5382745044811911E-002
  0.40603598760008325        3.7770975034877738E-002
  0.40769333384853856        4.0208048442382127E-002
  0.40935744500619187        4.2680804723430638E-002
  0.41102834868585908        4.5176252783037968E-002
  0.41270607261306486        4.7681628345094651E-002
  0.41439064462650332        5.0184447911639785E-002
  0.41608209267850005        5.2672559185524534E-002
  0.41778044483547516        5.5134187856717642E-002
  0.41948572927840988        5.7557980677700030E-002
  0.42119797430331363        5.9933044777560493E-002
  0.42291720832169355        6.2248983187394191E-002
  0.42464345986102636        6.4495926571453449E-002
  0.42637675756523108        6.6664561179029594E-002
  0.42811713019514508        6.8746153051354064E-002
  0.42986460662900056        7.0732568535723336E-002
  0.43161921586290408        7.2616291175675224E-002
  0.43338098701131811        7.4390435061293114E-002
  0.43514994930754325        7.6048754737602170E-002
  0.43692613210420378        7.7585651781573478E-002
  0.43870956487373508        7.8996178169472797E-002
  0.44050027720887197        8.0276036566178210E-002
  0.44229829882313998        8.1421577676717025E-002
  0.44410365955134889        8.2429794807650586E-002
  0.44591638935008682        8.3298315792072475E-002
  0.44773651829821842        8.4025392436998719E-002
  0.44956407659738296        8.4609887655785324E-002
  0.45139909457249600        8.5051260451018476E-002
  0.45324160267225266        8.5349548915101880E-002
  0.45509163146963244        8.5505351416596362E-002
  0.45694921166240710        8.5519806140285134E-002
  0.45881437407364939        8.5394569148009650E-002
  0.46068714965224478        8.5131791125617307E-002
  0.46256756947340538        8.4734092978916140E-002
  0.46445566473918498        8.4204540438429717E-002
  0.46635146677899686        8.3546617829023867E-002
  0.46825500705013429        8.2764201156223613E-002
  0.47016631713829160        8.1861530656258077E-002
  0.47208542875808879        8.0843182951692141E-002
  0.47401237375359806        7.9714042948914640E-002
  0.47594718409887132        7.8479275607844207E-002
  0.47788989189847175        7.7144297708019630E-002
  0.47984052938800570        7.5714749728833339E-002
  0.48179912893465782        7.4196467955044115E-002
  0.48376572303772875        7.2595456911985476E-002
  0.48574034432917323        7.0917862228028067E-002
  0.48772302557414277        6.9169944014971521E-002
  0.48971379967152823        6.7358050850119131E-002
  0.49171269965450648        6.5488594436891034E-002
  0.49371975869108847        6.3568025013985105E-002
  0.49573501008466908        6.1602807576314707E-002
  0.49775848727458005        5.9599398964287197E-002
  0.49979022383664523        5.7564225871451734E-002
  0.50183025348373689        5.5503663814160831E-002
  0.50387861006633561        5.3424017100677422E-002
  0.50593532757309234        5.1331499831143781E-002
  0.50800044013139123        4.9232217954019539E-002
  0.51007398200791731        4.7132152399005138E-002
  0.51215598760922409        4.5037143301112116E-002
  0.51424649148230461        4.2952875325434847E-002
  0.51634552831516523        4.0884864097311520E-002
  0.51845313293740036        3.8838443737965252E-002
  0.52056934032077162        3.6818755501374714E-002
  0.52269418557978653        3.4830737504045410E-002
  0.52482770397228251        3.2879115535550424E-002
  0.52696993090001132        3.0968394934162043E-002
  0.52912090190922667        2.9102853508628058E-002
  0.53128065269127367        2.7286535484124550E-002
  0.53344921908318188        2.5523246447676042E-002
  0.53562663706825886        2.3816549265832043E-002
  0.53781294277668812        2.2169760945146114E-002
  0.54000817248612853        2.0585950404003472E-002
  0.54221236262231554        1.9067937122583822E-002
  0.54442554975966673        1.7618290636209968E-002
  0.54664777062188774        1.6239330836030345E-002
  0.54887906208258186        1.4933129039885983E-002
  0.55111946116586275        1.3701509795324963E-002
  0.55336900504696696        1.2546053376040898E-002
  0.55562773105287300        1.1468098932497483E-002
  0.55789567666291884        1.0468748257190933E-002
  0.56017287950942463        9.5488701248275763E-003
  0.56245937737831742        8.7091051677062291E-003
  0.56475520820975744        7.9498712467415116E-003
  0.56706041009876806        7.2713692788471743E-003
  0.56937502129586803        6.6735894818247907E-003
  0.57169908020770599        6.1563179984320850E-003
  0.57403262539769728        5.7191438619570226E-003
  0.57637569558666502        5.3614662663691304E-003
  0.57872832965348131        5.0825021049614415E-003
  0.58109056663571335        4.8812937423162103E-003
  0.58346244573027040        4.7567169854253952E-003
  0.58584400629405475        4.7074892208599957E-003
  0.58823528784461476        4.7321776860007290E-003
  0.59063633006079996        4.8292078435142223E-003
  0.59304717278342045        4.9968718294693994E-003
  0.59546785601590702        5.2333369467391228E-003
  0.59789841992497528        5.5366541766081745E-003
  0.60033890484129260        5.9047666828026188E-003
  0.60278935126014666        6.3355182834787180E-003
  0.60524979984211758        6.8266618680244348E-003
  0.60772029141375294        7.3758677368639530E-003
  0.61020086696824494        7.9807318437787253E-003
  0.61269156766611022        8.6387839215844031E-003
  0.61519243483587394        9.3474954733183679E-003
  0.61770350997475421        1.0104287612388706E-002
  0.62022483474935197        1.0906538736422305E-002
  0.62275645099634114        1.1751592020809144E-002
  0.62529840072316345        1.2636762719175923E-002
  0.62785072610872605        1.3559345259237944E-002
  0.63041346950409982        1.4516620123649925E-002
  0.63298667343322390        1.5505860506636888E-002
  0.63557038059361004        1.6524338738287597E-002
  0.63816463385705124        1.7569332469484729E-002
  0.64076947627033398        1.8638130611481687E-002
  0.64338495105595150        1.9728039025136083E-002
  0.64601110161282127        2.0836385955781821E-002
  0.64864797151700582        2.1960527210639860E-002
  0.65129560452243462        2.3097851076549082E-002
  0.65395404456163087        2.4245782976642698E-002
  0.65662333574644061        2.5401789865392280E-002
  0.65930352236876377        2.6563384362198503E-002
  0.66199464890129045        2.7728128624424017E-002
  0.66469675999823752        2.8893637961434022E-002
  0.66740990049609028        3.0057584191845094E-002
  0.67013411541434675        3.1217698746771202E-002
  0.67286944995626363        3.2371775522408094E-002
  0.67561594950960757        3.3517673485805803E-002
  0.67837365964740748        3.4653319038151199E-002
  0.68114262612871068        3.5776708140318372E-002
  0.68392289489934310        3.6885908205834463E-002
  0.68671451209267076        3.7979059766776201E-002
  0.68951752403036504        3.9054377918431436E-002
  0.69233197722317286        4.0110153548851120E-002
  0.69515791837168661        4.1144754359676655E-002
  0.69799539436711988        4.2156625684851068E-002
  0.70084445229208592        4.3144291114017817E-002
  0.70370513942137802        4.4106352927576829E-002
  0.70657750322275481        4.5041492350504739E-002
  0.70946159135772713        4.5948469632152898E-002
  0.71235745168234910        4.6826123959329759E-002
  0.71526513224801314        4.7673373210024128E-002
  0.71818468130224533        4.8489213555169719E-002
  0.72111614728950835        4.9272718915865099E-002
  0.72405957885200312        5.0023040283454931E-002
  0.72701502483047720        5.0739404909857344E-002
  0.72998253426503557        5.1421115375475127E-002
  0.73296215639595286        5.2067548541972083E-002
  0.73595394066449149        5.2678154397116372E-002
  0.73895793671372234        5.3252454798802834E-002
  0.74197419438934753        5.3790042125263754E-002
  0.74500276374052765        5.4290577838358417E-002
  0.74804369502071344        5.4753790966703041E-002
  0.75109703868847777        5.5179476515265828E-002
  0.75416284540835488        5.5567493807903906E-002
  0.75724116605167924        5.5917764769157684E-002
  0.76033205169743068        5.6230272151460300E-002
  0.76343555363308235        5.6505057713744117E-002
  0.76655172335545019        5.6742220357252474E-002
  0.76968061257154952        5.6941914224179282E-002
  0.77282227319945096        5.7104346764578956E-002
  0.77597675736914307        5.7229776776793889E-002
  0.77914411742339751        5.7318512426457517E-002
  0.78232440591863694        5.7370909248937930E-002
  0.78551767562580699        5.7387368139886798E-002
  0.78872397953125306        5.7368333338366120E-002
  0.79194337083759792        5.7314290406827340E-002
  0.79517590296462559        5.7225764212017485E-002
  0.79842162955016782        5.7103316910697255E-002
  0.80168060445099321        5.6947545943853373E-002
  0.80495288174370172        5.6759082042902434E-002
  0.80823851572562166        5.6538587251185497E-002
  0.81153756091571005        5.6286752963868730E-002
  0.81485007205545901        5.6004297989175889E-002
  0.81817610410980179        5.5691966633698034E-002
  0.82151571226802678        5.5350526814345262E-002
  0.82486895194469190        5.4980768199328192E-002
  0.82823587878054472        5.4583500380386243E-002
  0.83161654864344625        5.4159551078310705E-002
  0.83501101762929653        5.3709764383646136E-002
  0.83841934206296653        5.3234999034294753E-002
  0.84184157849923302        5.2736126731593225E-002
  0.84527778372371576        5.2214030496279727E-002
  0.84872801475382054        5.1669603065625049E-002
  0.85219232883968588        5.1103745332857262E-002
  0.85567078346513115        5.0517364829879147E-002
  0.85916343634861292        4.9911374254138920E-002
  0.86267034544418009        4.9286690040393988E-002
  0.86619156894243732        4.8644230977985321E-002
  0.86972716527151039        4.7984916874119710E-002
  0.87327719309801433        4.7309667263552527E-002
  0.87684171132802924        4.6619400164950121E-002
  0.88042077910807537        4.5915030884114638E-002
  0.88401445582609561        4.5197470864154474E-002
  0.88762280111244185        4.4467626582592783E-002
  0.89124587484086226        4.3726398495319500E-002
  0.89488373712949654        4.2974680027208091E-002
  0.89853644834187318        4.2213356609143264E-002
  0.90220406908791040        4.1443304761130825E-002
  0.90588666022492215        4.0665391221090294E-002
  0.90958428285862880        3.9880472118869671E-002
  0.91329699834416944        3.9089392194961332E-002
  0.91702486828712149        3.8292984063335159E-002
  0.92076795454452198        3.7492067517763975E-002
  0.92452631922589401        3.6687448880957443E-002
  0.92830002469427830        3.5879920395783256E-002
  0.93208913356726641        3.5070259657809980E-002
  0.93589370871804145        3.4259229088369425E-002
  0.93971381327641990        3.3447575447303868E-002
  0.94354951062989978        3.2636029384531660E-002
  0.94740086442471305        3.1825305029537072E-002
  0.95126793856688030        3.1016099617868307E-002
  0.95515079722327212        3.0209093153704521E-002
  0.95904950482267404        2.9404948107533139E-002
  0.96296412605685466        2.8604309147968274E-002
  0.96689472588163972        2.7807802906721323E-002
  0.97084136951799027        2.7016037775729019E-002
  0.97480412245308368        2.6229603735435193E-002
  0.97878305044140190        2.5449072213214897E-002
  0.98277821950582100        2.4674995970927958E-002
  0.98678969593870736        2.3907909020586579E-002
  0.99081754630301844        2.3148326567120153E-002
  0.99486183743340539        2.2396744977226740E-002
  0.99892263643732426        2.1653641773299578E-002
   1.0030000106961476        2.0919475651426558E-002
   1.0070940278662834        2.0194686522463898E-002
   1.0112047558802988        1.9479695575197110E-002
   1.0153322629480441        1.8774905360610078E-002
   1.0194766175577885        1.8080699896293139E-002
   1.0236378884773538        1.7397444790036295E-002
   1.0278161447552574        1.6725487381663771E-002
   1.0320114557218547        1.6065156902184911E-002
   1.0362238909904942        1.5416764649326077E-002
   1.0404535204586696        1.4780604178611075E-002
   1.0447004143091787        1.4156951509002353E-002
   1.0489646430112913        1.3546065342344586E-002
   1.0532462773219167        1.2948187295702960E-002
   1.0575453882867758        1.2363542145789472E-002
   1.0618620472415838        1.1792338084665052E-002
   1.0661963258132321        1.1234766985929826E-002
   1.0705482959209747        1.0691004680631626E-002
   1.0749180297776255        1.0161211242143338E-002
   1.0793055998907541        9.6455312792802159E-003
   1.0837110790638902        9.1440942369490925E-003
   1.0881345403977287        8.6570147036406763E-003
   1.0925760572913470        8.1843927250979630E-003
   1.0970357034434204        7.7263141235148899E-003
   1.1015135528534441        7.2828508216386889E-003
   1.1060096798229635        6.8540611711715039E-003
   1.1105241589568067        6.4399902848869053E-003
   1.1150570651643195        6.0406703718983885E-003
   1.1196084736606120        5.6561210755356446E-003
   1.1241784599678060        5.2863498133069713E-003
   1.1287670999162849        4.9313521184455485E-003
   1.1333744696459565        4.5911119825558988E-003
   1.1380006456075142        4.2656021988995334E-003
   1.1426457045637044        3.9547847058755007E-003
   1.1473097235906025        3.6586109302723124E-003
   1.1519927800788912        3.3770221298867215E-003
   1.1566949517351428        3.1099497351229099E-003
   1.1614163165831117        2.8573156892040216E-003
   1.1661569529650266        2.6190327866467251E-003
   1.1709169395428922        2.3950050096663371E-003
   1.1756963552997917        2.1851278621979569E-003
   1.1804952795412009        1.9892887012355484E-003
   1.1853137918963028        1.8073670652076898E-003
   1.1901519723193061        1.6392349991254289E-003
   1.1950099010907769        1.4847573762520379E-003
   1.1998876588189678        1.3437922160618523E-003
   1.2047853264411541        1.2161909982687479E-003
   1.2097029852249803        1.1017989727200150E-003
   1.2146407167698074        1.0004554649657897E-003
   1.2195986030080641        9.1199417732818443E-004
   1.2245767262066105        8.3624348530609953E-004
   1.2295751689681005        7.7302672916751934E-004
   1.2345940142323542        7.2216250059023695E-004
   1.2396333452777308        6.8346492422765182E-004
   1.2446932457225151        6.5674393408457661E-004
   1.2497737995263021        6.4180554460238712E-004
   1.2548750909913893        6.3845211636188223E-004
   1.2599972047641785        6.4648261632322453E-004
   1.2651402258365791        6.6569287253321480E-004
   1.2703042395474162        6.9587582323888536E-004
   1.2754893315838498        7.3682176035642748E-004
   1.2806955879827961        7.8831856725391017E-004
   1.2859230951323521        8.5015195081339541E-004
   1.2911719397732333        9.2210566774827973E-004
   1.2964422090002106        1.0039617451580805E-003
   1.3017339902635547        1.0955006953115836E-003
   1.3070473713704895        1.1965017246554511E-003
   1.3123824404866489        1.3067429370534397E-003
   1.3177392861375357        1.4260015312668444E-003
   1.3231179972099965        1.5540539926940239E-003
   1.3285186629536925        1.6906762793919006E-003
   1.3339413729825829        1.8356440024088396E-003
   1.3393862172764077        1.9887326004625078E-003
   1.3448532861821869        2.1497175090030660E-003
   1.3503426704157151        2.3183743237043947E-003
   1.3558544610630672        2.4944789584332369E-003
   1.3613887495821120        2.6778077977475719E-003
   1.3669456278040288        2.8681378439822606E-003
   1.3725251879348284        3.0652468589809304E-003
   1.3781275225568879        3.2689135005392975E-003
   1.3837527246304846        3.4789174536248892E-003
   1.3894008874953359        3.6950395564451875E-003
   1.3950721048721533        3.9170619214352817E-003
   1.4007664708641934        4.1447680512409837E-003
   1.4064840799588225        4.3779429497740573E-003
   1.4122250270290799        4.6163732284199340E-003
   1.4179894073352572        4.8598472074789789E-003
   1.4237773165264773        5.1081550129246558E-003
   1.4295888506422783        5.3610886685622212E-003
   1.4354241061142121        5.6184421836762786E-003
   1.4412831797674421        5.8800116362519288E-003
   1.4471661688223481        6.1455952518597763E-003
   1.4530731708961429        6.4149934782929390E-003
   1.4590042840044910        6.6880090560461035E-003
   1.4649596065631323        6.9644470847275552E-003
   1.4709392373895191        7.2441150854952209E-003
   1.4769432757044543        7.5268230596072273E-003
   1.4829718211337348        7.8123835431794381E-003
   1.4890249737098105        8.1006116582413683E-003
   1.4951028338734396        8.3913251601819630E-003
   1.5012055024753554        8.6843444816766396E-003
   1.5073330807779428        8.9794927731872316E-003
   1.5134856704569155        9.2765959401257189E-003
   1.5196633736030056        9.5754826767721866E-003
   1.5258662927236537        9.8759844970368431E-003
   1.5320945307447145        1.0177935762156733E-002
   1.5383481910121630        1.0481173705414435E-002
   1.5446273772938062        1.0785538453968017E-002
   1.5509321937810101        1.1090873047879490E-002
   1.5572627450904259        1.1397023456428009E-002
   1.5636191362657244        1.1703838591793206E-002
   1.5700014727793419        1.2011170320194435E-002
   1.5764098605342303        1.2318873470568394E-002
   1.5828444058656099        1.2626805840868078E-002
   1.5893052155427401        1.2934828202065516E-002
   1.5957923967706868        1.3242804299936940E-002
   1.6023060571921037        1.3550600854711561E-002
   1.6088463048890147        1.3858087558660154E-002
   1.6154132483846122        1.4165137071701844E-002
   1.6220069966450557        1.4471625015103434E-002
   1.6286276590812767        1.4777429963346040E-002
   1.6352753455508005        1.5082433434232167E-002
   1.6419501663595648        1.5386519877304237E-002
   1.6486522322637496        1.5689576660645525E-002
   1.6553816544716176        1.5991494056131560E-002
   1.6621385446453594        1.6292165223201004E-002
   1.6689230149029417        1.6591486191210206E-002
   1.6757351778199741        1.6889355840437777E-002
   1.6825751464315746        1.7185675881802472E-002
   1.6894430342342412        1.7480350835354996E-002
   1.6963389551877424        1.7773288007606469E-002
   1.7032630237170037        1.8064397467750837E-002
   1.7102153547140044        1.8353592022840155E-002
   1.7171960635396897        1.8640787191969207E-002
   1.7242052660258809        1.8925901179523637E-002
   1.7312430784771990        1.9208854847546156E-002
   1.7383096176729915        1.9489571687272920E-002
   1.7454050008692747        1.9767977789890472E-002
   1.7525293458006783        2.0044001816563854E-002
   1.7596827706823941        2.0317574967782831E-002
   1.7668653942121444        2.0588630952074177E-002
   1.7740773355721486        2.0857105954125370E-002
   1.7813187144310982        2.1122938602363455E-002
   1.7885896509461472        2.1386069936032582E-002
   1.7958902657649043        2.1646443371811860E-002
   1.8032206800274309        2.1904004670013612E-002
   1.8105810153682576        2.2158701900401822E-002
   1.8179713939183981        2.2410485407667716E-002
   1.8253919383073787        2.2659307776600704E-002
   1.8328427716652678        2.2905123796988620E-002
   1.8403240176247260        2.3147890428283052E-002
   1.8478358003230537        2.3387566764061535E-002
   1.8553782444042495        2.3624113996320303E-002
   1.8629514750210820        2.3857495379627294E-002
   1.8705556178371661        2.4087676195165449E-002
   1.8781907990290427        2.4314623714695560E-002
   1.8858571452882809        2.4538307164466366E-002
   1.8935547838235744        2.4758697689097602E-002
   1.9012838423628520        2.4975768315463023E-002
   1.9090444491554013        2.5189493916596955E-002
   1.9168367329739937        2.5399851175648622E-002
   1.9246608231170197        2.5606818549906634E-002
   1.9325168494106386        2.5810376234915930E-002
   1.9404049422109304        2.6010506128707075E-002
   1.9483252324060565        2.6207191796158866E-002
   1.9562778514184365        2.6400418433512821E-002
   1.9642629312069249        2.6590172833057667E-002
   1.9722806042690040        2.6776443348001541E-002
   1.9803310036429771        2.6959219857548299E-002
   1.9884142629101824        2.7138493732193496E-002
   1.9965305161972071        2.7314257799255795E-002
   2.0046798981781091        2.7486506308656792E-002
   2.0128625440766581        2.7655234898963824E-002
   2.0210785896685763        2.7820440563708509E-002
   2.0293281712837890        2.7982121617991986E-002
   2.0376114258086915        2.8140277665389839E-002
   2.0459284906884188        2.8294909565166351E-002
   2.0542795039291217        2.8446019399808283E-002
   2.0626646041002639        2.8593610442888440E-002
   2.0710839303369175        2.8737687127266966E-002
   2.0795376223420732        2.8878255013639290E-002
   2.0880258203889532        2.9015320759437774E-002
   2.0965486653233478        2.9148892088095645E-002
   2.1051062985659468        2.9278977758677945E-002
   2.1136988621146831        2.9405587535886832E-002
   2.1223264985470975        2.9528732160447158E-002
   2.1309893510226989        2.9648423319876029E-002
   2.1396875632853374        2.9764673619642530E-002
   2.1484212796655959        2.9877496554721088E-002
   2.1571906450831819        2.9986906481542088E-002
   2.1659958050493291        3.0092918590343607E-002
   2.1748369056692178        3.0195548877927161E-002
   2.1837140936443968        3.0294814120819274E-002
   2.1926275162752127        3.0390731848842133E-002
   2.2015773214632635        3.0483320319094464E-002
   2.2105636577138457        3.0572598490344306E-002
   2.2195866741384194        3.0658585997834407E-002
   2.2286465204570853        3.0741303128501929E-002
   2.2377433470010675        3.0820770796612187E-002
   2.2468773047152077        3.0897010519806534E-002
   2.2560485451604677        3.0970044395564941E-002
   2.2652572205164492        3.1039895078082646E-002
   2.2745034835839171        3.1106585755559732E-002
   2.2837874877873303        3.1170140127903395E-002
   2.2931093871773944        3.1230582384841523E-002
   2.3024693364336155        3.1287937184446113E-002
   2.3118674908668622        3.1342229632065260E-002
   2.3213040064219506        3.1393485259661326E-002
   2.3307790396802273        3.1441730005554162E-002
   2.3402927478621649        3.1486990194566342E-002
   2.3498452888299783        3.1529292518568577E-002
   2.3594368210902377        3.1568664017422733E-002
   2.3690675037965030        3.1605132060319271E-002
   2.3787374967519588        3.1638724327507063E-002
   2.3884469604120731        3.1669468792411760E-002
   2.3981960558872570        3.1697393704140403E-002
   2.4079849449455333        3.1722527570367968E-002
   2.4178137900152290        3.1744899140603480E-002
   2.4276827541876669        3.1764537389831919E-002
   2.4375920012198664        3.1781471502527192E-002
   2.4475416955372706        3.1795730857034951E-002
   2.4575320022364697        3.1807345010318219E-002
   2.4675630870879357        3.1816343683065122E-002
   2.4776351165387829        3.1822756745152031E-002
   2.4877482577155234        3.1826614201460067E-002
   2.4979026784268394        3.1827946178039662E-002
   2.5080985471663721        3.1826782908619740E-002
   2.5183360331155162        3.1823154721456269E-002
   2.5286153061462220        3.1817092026517432E-002
   2.5389365368238228        3.1808625302999341E-002
   2.5492998964098588        3.1797785087169329E-002
   2.5597055568649218        3.1784601960531490E-002
   2.5701536908515048        3.1769106538310637E-002
   2.5806444717368717        3.1751329458249426E-002
   2.5911780735959340        3.1731301369715206E-002
   2.6017546712141315        3.1709052923110936E-002
   2.6123744400903441        3.1684614759586407E-002
   2.6230375564397970        3.1658017501045022E-002
   2.6337441971969815        3.1629291740441191E-002
   2.6444945400185995        3.1598468032364518E-002
   2.6552887632865070        3.1565576883905253E-002
   2.6661270461106703        3.1530648745797279E-002
   2.6770095683321458        3.1493714003833662E-002
   2.6879365105260575        3.1454802970550123E-002
   2.6989080540045989        3.1413945877172188E-002
   2.7099243808200328        3.1371172865821133E-002
   2.7209856737677236        3.1326513981974280E-002
   2.7320921163891634        3.1279999167175630E-002
   2.7432438929750149        3.1231658251991413E-002
   2.7544411885681774        3.1181520949206690E-002
   2.7656841889668535        3.1129616847258783E-002
   2.7769730807276272        3.1075975403902327E-002
   2.7883080511685678        3.1020625940102242E-002
   2.7996892883723348        3.0963597634150138E-002
   2.8111169811892935        3.0904919515999399E-002
   2.8225913192406575        3.0844620461815010E-002
   2.8341124929216317        3.0782729188733940E-002
   2.8456806934045655        3.0719274249831820E-002
   2.8572961126421350        3.0654284029290983E-002
   2.8689589433705232        3.0587786737767065E-002
   2.8806693791126143        3.0519810407948905E-002
   2.8924276141812122        3.0450382890308058E-002
   2.9042338436822610        3.0379531849034049E-002
   2.9160882635180831        3.0307284758151046E-002
   2.9279910703906258        3.0233668897812357E-002
   2.9399424618047334        3.0158711350768499E-002
   2.9519426360714194        3.0082438999005177E-002
   2.9639917923111532        3.0004878520547326E-002
   2.9760901304571732        2.9926056386425370E-002
   2.9882378512587997        2.9845998857800041E-002
   3.0004351562847607        2.9764731983242101E-002
   3.0126822479265480        2.9682281596163318E-002
   3.0249793294017673        2.9598673312394790E-002
   3.0373266047575087        2.9513932527909955E-002
   3.0497242788737404        2.9428084416687469E-002
   3.0621725574667020        2.9341153928712040E-002
   3.0746716470923223        2.9253165788108375E-002
   3.0872217551496384        2.9164144491405971E-002
   3.0998230898842483        2.9074114305930938E-002
   3.1124758603917613        2.8983099268321683E-002
   3.1251802766212617        2.8891123183165390E-002
   3.1379365493788032        2.8798209621751884E-002
   3.1507448903309023        2.8704381920942247E-002
   3.1636055120080444        2.8609663182148502E-002
   3.1765186278082207        2.8514076270422177E-002
   3.1894844520004644        2.8417643813647649E-002
   3.2025031997284015        2.8320388201838853E-002
   3.2155750870138298        2.8222331586535022E-002
   3.2287003307602982        2.8123495880293902E-002
   3.2418791487567020        2.8023902756278519E-002
   3.2551117596809069        2.7923573647936017E-002
   3.2683983831033703        2.7822529748764896E-002
   3.2817392394907818        2.7720792012168441E-002
   3.2951345502097307        2.7618381151391855E-002
   3.3085845375303724        2.7515317639540633E-002
   3.3220894246301196        2.7411621709677154E-002
   3.3356494355973410        2.7307313354993954E-002
   3.3492647954350852        2.7202412329060288E-002
   3.3629357300648142        2.7096938146140725E-002
   3.3766624663301439        2.6990910081582494E-002
   3.3904452320006189        2.6884347172269951E-002
   3.4042842557754875        2.6777268217143862E-002
   3.4181797672874907        2.6669691777783232E-002
   3.4321319971066844        2.6561636179047370E-002
   3.4461411767442565        2.6453119509776704E-002
   3.4602075386563675        2.6344159623549988E-002
   3.4743313162480152        2.6234774139495487E-002
   3.4885127438769019        2.6124980443154908E-002
   3.5027520568573265        2.6014795687398042E-002
   3.5170494914640815        2.5904236793385660E-002
   3.5314052849363842        2.5793320451579650E-002
   3.5458196754818094        2.5682063122797846E-002
   3.5602929022802345        2.5570481039312649E-002
   3.5748252054878202        2.5458590205990821E-002
   3.5894168262409902        2.5346406401473627E-002
   3.6040680066604258        2.5233945179394934E-002
   3.6187789898550959        2.5121221869636268E-002
   3.6335500199262847        2.5008251579617044E-002
   3.6483813419716364        2.4895049195618323E-002
   3.6632732020892336        2.4781629384138765E-002
   3.6782258473816740        2.4668006593281538E-002
   3.6932395259601685        2.4554195054170065E-002
   3.7083144869486642        2.4440208782392087E-002
   3.7234509804879772        2.4326061579470086E-002
   3.7386492577399353        2.4211767034357075E-002
   3.7539095708915569        2.4097338524956283E-002
   3.7692321731592284        2.3982789219663486E-002
   3.7846173187929102        2.3868132078930945E-002
   3.8000652630803460        2.3753379856851758E-002
   3.8155762623513128        2.3638545102762910E-002
   3.8311505739818670        2.3523640162866875E-002
   3.8467884563986092        2.3408677181869772E-002
   3.8624901690829847        2.3293668104635457E-002
   3.8782559725755825        2.3178624677854451E-002
   3.8940861284804527        2.3063558451726633E-002
   3.9099808994694594        2.2948480781656573E-002
   3.9259405492866346        2.2833402829960950E-002
   3.9419653427525452        2.2718335567586644E-002
   3.9580555457687030        2.2603289775838944E-002
   3.9742114253219660        2.2488276048118729E-002
   3.9904332494889743        2.2373304791667908E-002
   4.0067212874405893        2.2258386229322472E-002
   4.0230758094463717        2.2143530401271726E-002
   4.0394970868790629        2.2028747166823751E-002
   4.0559853922190783        2.1914046206175538E-002
   4.0725409990590427        2.1799437022187684E-002
   4.0891641821083224        2.1684928942162437E-002
   4.1058552171975808        2.1570531119624863E-002
   4.1226143812833644        2.1456252536105936E-002
   4.1394419524526915        2.1342102002927334E-002
   4.1563382099276636        2.1228088162987165E-002
   4.1733034340701094        2.1114219492545716E-002
   4.1903379063862296        2.1000504303011303E-002
   4.2074419095312638        2.0886950742724886E-002
   4.2246157273141920        2.0773566798743377E-002
   4.2418596447024361        2.0660360298620849E-002
   4.2591739478265858        2.0547338912187543E-002
   4.2765589239851547        2.0434510153325376E-002
   4.2940148616493437        2.0321881381740348E-002
   4.3115420504678283        2.0209459804730798E-002
   4.3291407812715565        2.0097252478951312E-002
   4.3468113460785895        1.9985266312171453E-002
   4.3645540380989400        1.9873508065029813E-002
   4.3823691517394279        1.9761984352781814E-002
   4.4002569826085844        1.9650701647041479E-002
   4.4182178275215458        1.9539666277517097E-002
   4.4362519845049730        1.9428884433739725E-002
   4.4543597528020111        1.9318362166784460E-002
   4.4725414328772475        1.9208105390984588E-002
   4.4907973264216903        1.9098119885637376E-002
   4.5091277363577875        1.8988411296702149E-002
   4.5275329668444471        1.8878985138489651E-002
   4.5460133232820850        1.8769846795342698E-002
   4.5645691123176864        1.8661001523308129E-002
   4.5832006418499045        1.8552454451798969E-002
   4.6019082210341660        1.8444210585247547E-002
   4.6206921602877928        1.8336274804748615E-002
   4.6395527712951647        1.8228651869692546E-002
   4.6584903670128890        1.8121346419388375E-002
   4.6775052616749795        1.8014362974676405E-002
   4.6965977707980926        1.7907705939530200E-002
   4.7157682111867478        1.7801379602647837E-002
   4.7350169009385850        1.7695388139032237E-002
   4.7543441594496505        1.7589735611560239E-002
   4.7737503074196939        1.7484425972540518E-002
   4.7932356668574805        1.7379463065260045E-002
   4.8128005610861475        1.7274850625518961E-002
   4.8324453147485658        1.7170592283153711E-002
   4.8521702538127149        1.7066691563548508E-002
   4.8719757055771122        1.6963151889134609E-002
   4.8918619986762248        1.6859976580877831E-002
   4.9118294630859394        1.6757168859753563E-002
   4.9318784301290162        1.6654731848210064E-002
   4.9520092324806102        1.6552668571618783E-002
   4.9722222041737796        1.6450981959712809E-002
   4.9925176806050207        1.6349674848012578E-002
   5.0128959985398502        1.6248749979239162E-002
   5.0333574961183860        1.6148210004714787E-002
   5.0539025128609465        1.6048057485750895E-002
   5.0745313896737043        1.5948294895023384E-002
   5.0952444688543324        1.5848924617935072E-002
   5.1160420940976774        1.5749948953965587E-002
   5.1369246105014765        1.5651370118008094E-002
   5.1578923645720769        1.5553190241693569E-002
   5.1789457042301867        1.5455411374701911E-002
   5.2000849788166388        1.5358035486060370E-002
   5.2213105390982024        1.5261064465428997E-002
   5.2426227372734004        1.5164500124373219E-002
   5.2640219269783390        1.5068344197623621E-002
   5.2855084632925946        1.4972598344322602E-002
   5.3070827027450962        1.4877264149258421E-002
   5.3287450033200381        1.4782343124086260E-002
   5.3504957244628288        1.4687836708536328E-002
   5.3723352270860527        1.4593746271609309E-002
   5.3942638735754480        1.4500073112758896E-002
   5.4162820277959387        1.4406818463061518E-002
   5.4383900550976607        1.4313983486373352E-002
   5.4605883223220175        1.4221569280474624E-002
   5.4828771978077846        1.4129576878201180E-002
   5.5052570513972130        1.4038007248563293E-002
   5.5277282544421542        1.3946861297852204E-002
   5.5502911798102446        1.3856139870733643E-002
   5.5729462018910780        1.3765843751329178E-002
   5.5956936966024218        1.3675973664284941E-002
   5.6185340413964466        1.3586530275827877E-002
   5.6414676152660075        1.3497514194809847E-002
   5.6644947987509173        1.3408925973739154E-002
   5.6876159739442613        1.3320766109800016E-002
   5.7108315244987482        1.3233035045859735E-002
   5.7341418356330687        1.3145733171463789E-002
   5.7575472941382806        1.3058860823818923E-002
   5.7810482883842447        1.2972418288764045E-002
   5.8046452083260549        1.2886405801729449E-002
   5.8283384455105089        1.2800823548683945E-002
   5.8521283930826149        1.2715671667070407E-002
   5.8760154457921070        1.2630950246729469E-002
