  0.10000000000000001       0.44027155256031758     
  0.10040817718110437       0.41768136502927106     
  0.10081802044832047       0.38485524130690968     
  0.10122953660223166       0.34402818708623073     
  0.10164273247117964       0.29797907741989538     
  0.10205761491137796       0.24983644437259092     
  0.10247419080702558       0.20286374336455595     
  0.10289246707042120       0.16023915057161631     
  0.10331245064207799       0.12484483960577324     
  0.10373414849083867        9.9079572702820237E-002
  0.10415756761399117        8.4706441985599262E-002
  0.10458271503738485        8.2744885979036870E-002
  0.10500959781554686        9.3412899822985229E-002
  0.10543822303179938       0.11612189056695041     
  0.10586859779837712       0.14952314197972014     
  0.10630072925654524       0.19160157504971209     
  0.10673462457671801       0.23980962313577703     
  0.10717029095857759       0.29123174901854931     
  0.10760773563119364       0.34276853315058098     
  0.10804696585314330       0.39132842550299385     
  0.10848798891263144       0.43401519280256007     
  0.10893081212761184       0.46829977416323265     
  0.10937544284590843       0.49216660227516917     
  0.10982188844533726       0.50422633894809077     
  0.11027015633382903       0.50378927035697885     
  0.11072025394955184       0.49089614970493317     
  0.11117218876103470       0.46630589836331232     
  0.11162596826729153       0.43144212068684917     
  0.11208159999794542       0.38830270645346787     
  0.11253909151335369       0.33933876390711992     
  0.11299845040473337       0.28731064914451099     
  0.11345968429428700       0.23512986919989681     
  0.11392280083532935       0.18569610513369805     
  0.11438780771241415       0.14173852920411054     
  0.11485471264146174       0.10567000900742608     
  0.11532352336988719        7.9461760370163503E-002
  0.11579424767672861        6.4544610535570784E-002
  0.11626689337277650        6.1741360295453962E-002
  0.11674146830070313        7.1232893943502351E-002
  0.11721798033519278        9.2558787829660608E-002
  0.11769643738307244       0.12465131707585830     
  0.11817684738344295       0.16590005199355709     
  0.11865921830781066       0.21424275375191920     
  0.11914355816021997       0.26727708867813543     
  0.11962987497738581       0.32238682864133883     
  0.12011817682882717       0.37687571716815127     
  0.12060847181700105       0.42810206266695727     
  0.12110076807743671       0.47360735744016907     
  0.12159507377887094       0.51123278276065776     
  0.12209139712338332       0.53921830037678009     
  0.12258974634653247       0.55628009239459264     
  0.12309012971749274       0.56166333002781532     
  0.12359255553919130       0.55516855888614847     
  0.12409703214844603       0.53715131585016229     
  0.12460356791610375       0.50849587498642890     
  0.12511217124717913       0.47056519845888040     
  0.12562285058099434       0.42513019273280589     
  0.12613561439131882       0.37428220078643976     
  0.12665047118650996       0.32033326944965618     
  0.12716742950965446       0.26570910148030280     
  0.12768649793870987       0.21283973075721779     
  0.12820768508664696       0.16405285362321051     
  0.12873099960159279       0.12147442782848125     
  0.12925645016697404        8.6940639299783462E-002
  0.12978404550166117        6.1924669575562613E-002
  0.13031379436011306        4.7480911566670558E-002
  0.13084570553252231        4.4208419495306295E-002
  0.13137978784496107        5.2234482367102153E-002
  0.13191605015952751        7.1218319925045362E-002
  0.13245450137449291       0.10037405363510389     
  0.13299515042444918       0.13851133645271693     
  0.13353800628045717       0.18409136203399656     
  0.13408307795019572       0.23529543850504553     
  0.13463037447811083       0.29010291892556728     
  0.13517990494556581       0.34637503828085192     
  0.13573167847099218       0.40194111652865894     
  0.13628570421004074       0.45468364388239468     
  0.13684199135573349       0.50261895740661222     
  0.13740054913861643       0.54397053157433295     
  0.13796138682691236       0.57723232026964255     
  0.13852451372667493       0.60122008160333806     
  0.13908993918194296       0.61510916593771769     
  0.13965767257489561       0.61845782716162556     
  0.14022772332600780       0.61121570339130926     
  0.14080010089420669       0.59371768308560535     
  0.14137481477702879       0.56666390536151234     
  0.14195187451077720       0.53108712114761758     
  0.14253128967068007       0.48830905004235164     
  0.14311306987104958       0.43988769525499766     
  0.14369722476544117       0.38755781844500969     
  0.14428376404681392       0.33316692402911929     
  0.14487269744769149       0.27860915859667768     
  0.14546403474032335       0.22575949880829732     
  0.14605778573684705       0.17641048687732278     
  0.14665396028945119       0.13221358530966554     
  0.14725256829053859        9.4626972889502281E-002
  0.14785361967289068        6.4871304322056803E-002
  0.14845712440983222        4.3894619790820211E-002
  0.14906309251539690        3.2347231664042388E-002
  0.14967153404449324        3.0567047287978086E-002
  0.15028245909307170        3.8575422246744061E-002
  0.15089587779829214        5.6083289675154073E-002
  0.15151180033869191        8.2506988876682966E-002
  0.15213023693435482       0.11699292972064966     
  0.15275119784708088       0.15844998537867655     
  0.15337469338055626       0.20558831031526437     
  0.15400073388052446       0.25696313653115782     
  0.15462932973495802       0.31102201041514654     
  0.15526049137423079       0.36615389490906702     
  0.15589422927129087       0.42073857506700285     
  0.15653055394183482       0.47319486603537736     
  0.15716947594448166       0.52202622626188622     
  0.15781100588094832       0.56586251959811962     
  0.15845515439622559       0.60349684136153303     
  0.15910193217875471       0.63391651832827445     
  0.15975134996060453       0.65632760375016641     
  0.16040341851764989       0.67017240853140314     
  0.16105814866975027       0.67513983158652624     
  0.16171555128092935       0.67116846947441577     
  0.16237563725955523       0.65844269159480517     
  0.16303841755852153       0.63738205720619756     
  0.16370390317542910       0.60862461977195625     
  0.16437210515276834       0.57300480906682050     
  0.16504303457810285       0.53152669942527964     
  0.16571670258425286       0.48533356178545761     
  0.16639312034948034       0.43567465700668084     
  0.16707229909767446       0.38387025843048211     
  0.16775425009853762       0.33127589374200511     
  0.16843898466777257       0.27924677152919208     
  0.16912651416727026       0.22910330881619084     
  0.16981685000529834       0.18209860506576525     
  0.17051000363669019       0.13938861890679555     
  0.17120598656303537       0.10200569963070948     
  0.17190481033287031        7.0836009967673585E-002
  0.17260648654186983        4.6601253503618503E-002
  0.17331102683303970        2.9844992990345272E-002
  0.17401844289690985        2.0923718245303174E-002
  0.17472874647172817        2.0002697621963789E-002
  0.17544194934365545        2.7056528146586659E-002
  0.17615806334696094        4.1874189001003544E-002
  0.17687710036421864        6.4068303327827911E-002
  0.17759907232650440        9.3088226164599164E-002
  0.17832399121359424       0.12823650306002987     
  0.17905186905416270       0.16868818553056256     
  0.17978271792598266       0.21351244648980089     
  0.18051654995612570       0.26169591122596686     
  0.18125337732116351       0.31216710712822476     
  0.18199321224736950       0.36382143753932550     
  0.18273606701092207       0.41554610090008448     
  0.18348195393810826       0.46624440455125138     
  0.18423088540552804       0.51485896175886370     
  0.18498287384029991       0.56039330915619201     
  0.18573793172026712       0.60193153816222167     
  0.18649607157420448       0.63865559629275082     
  0.18725730598202642       0.66985998085630027     
  0.18802164757499584       0.69496361657854044     
  0.18878910903593346       0.71351877854354173     
  0.18955970309942835       0.72521699089348912     
  0.19033344255204943       0.72989189853060654     
  0.19111034023255730       0.72751917230660823     
  0.19189040903211749       0.71821356672369430     
  0.19267366189451438       0.70222330204530381     
  0.19346011181636599       0.67992198915177127     
  0.19424977184733941       0.65179835489354332     
  0.19504265509036750       0.61844405770070698     
  0.19583877470186650       0.58053990759410323     
  0.19663814389195391       0.53884082147652179     
  0.19744077592466802       0.49415985379100236     
  0.19824668411818794       0.44735164459321380     
  0.19905588184505443       0.39929562220236436     
  0.19986838253239200       0.35087928638859167     
  0.20068419966213161       0.30298188113574770     
  0.20150334677123438       0.25645874407150487     
  0.20232583745191612       0.21212659341990325     
  0.20315168535187320       0.17074998357805635     
  0.20398090417450848       0.13302912793848626     
  0.20481350767915915        9.9589253158994639E-002
  0.20564950968132489        7.0971613497348901E-002
  0.20648892405289709        4.7626257818681059E-002
  0.20733176472238896        2.9906606149345871E-002
  0.20817804567516671        1.8065857838612864E-002
  0.20902778095368180        1.2255220082375885E-002
  0.20988098465770355        1.2523914278119708E-002
  0.21073767094455342        1.8820888860287190E-002
  0.21159785402933992        3.0998141277278624E-002
  0.21246154818519422        4.8815528905580337E-002
  0.21332876774350720        7.1946929166217213E-002
  0.21419952709416737        9.9987593052000542E-002
  0.21507384068579924       0.13246252375759116     
  0.21595172302600341       0.16883570312634180     
  0.21683318868159726       0.20851998312528283     
  0.21771825227885655       0.25088745741065122     
  0.21860692850375804       0.29528012908146206     
  0.21949923210222347       0.34102069472239616     
  0.22039517788036408       0.38742327155985129     
  0.22129478070472614       0.43380390371555738     
  0.22219805550253774       0.47949069483979911     
  0.22310501726195672       0.52383342752214523     
  0.22401568103231900       0.56621254448697744     
  0.22493006192438844       0.60604738235500888     
  0.22584817511060773       0.64280356536516114     
  0.22677003582534988       0.67599948358755291     
  0.22769565936517111       0.70521179751449437     
  0.22862506108906488       0.73007992820595424     
  0.22955825641871638       0.75030950912435768     
  0.23049526083875860       0.76567479217828771     
  0.23143608989702943       0.77602001608990812     
  0.23238075920482931       0.78125975981790674     
  0.23332928443718048       0.78137831724550111     
  0.23428168133308711       0.77642814154978212     
  0.23523796569579644       0.76652741850085526     
  0.23619815339306083       0.75185683732175201     
  0.23716226035740115       0.73265563562440916     
  0.23813030258637141       0.70921700130125820     
  0.23910229614282377       0.68188291909775156     
  0.24007825715517533       0.65103855294285329     
  0.24105820181767584       0.61710625701719413     
  0.24204214639067612       0.58053930905442630     
  0.24303010720089804       0.54181545857970115     
  0.24402210064170560       0.50143038078164981     
  0.24501814317337661       0.45989112359471435     
  0.24601825132337590       0.41770963144833345     
  0.24702244168662996       0.37539642413757873     
  0.24803073092580163       0.33345450350865036     
  0.24904313577156709       0.29237355425702438     
  0.25005967302289334       0.25262449823125088     
  0.25108035954731700       0.21465445434505681     
  0.25210521228122396       0.17888214864425350     
  0.25313424823013059       0.14569381136927850     
  0.25416748446896609       0.11543959010850116     
  0.25520493814235545        8.8430500454038580E-002
  0.25624662646490398        6.4935928046424535E-002
  0.25729256672148348        4.5181688612381615E-002
  0.25834277626751834        2.9348645639205556E-002
  0.25939727252927380        1.7571878756808688E-002
  0.26045607300414547        9.9403897728475923E-003
  0.26151919526094891        6.4973276756464023E-003
  0.26258665694021183        7.2407088224349363E-003
  0.26365847575446660        1.2124603996302647E-002
  0.26473466948854396        2.1060760064080461E-002
  0.26581525599986822        3.3920620610875266E-002
  0.26690025321875377        5.0537707168436627E-002
  0.26798967914870253        7.0710320489619796E-002
  0.26908355186670235        9.4204519738921133E-002
  0.27018188952352734       0.12075733645157025     
  0.27128471034403900       0.15008017963804918     
  0.27239203262748851       0.18186238844895591     
  0.27350387474782023       0.21577488933467501     
  0.27462025515397709       0.25147391559947685     
  0.27574119237020622       0.28860474862200564     
  0.27686670499636645       0.32680544175287918     
  0.27799681170823720       0.36571048996343369     
  0.27913153125782791       0.40495441066377924     
  0.28027088247368953       0.44417520369132912     
  0.28141488426122702       0.48301766124833034     
  0.28256355560301261       0.52113650149743840     
  0.28371691555910122       0.55819930256672201     
  0.28487498326734656       0.59388921682956453     
  0.28603777794371876       0.62790744847405899     
  0.28720531888262307       0.65997548052436317     
  0.28837762545721990       0.68983704059072470     
  0.28955471711974690       0.71725979767459858     
  0.29073661340184104       0.74203678531337125     
  0.29192333391486291       0.76398754919038270     
  0.29311489835022253       0.78295902003892293     
  0.29431132647970543       0.79882611521425306     
  0.29551263815580109       0.81149207468013262     
  0.29671885331203263       0.82088853934214934     
  0.29792999196328690       0.82697538164970896     
  0.29914607420614708       0.82974030017394218     
  0.30036712021922612       0.82919819144532991     
  0.30159315026350136       0.82539031369996807     
  0.30282418468265071       0.81838325833708447     
  0.30406024390339059       0.80826774583443806     
  0.30530134843581452       0.79515726360677952     
  0.30654751887373349       0.77918656383105200     
  0.30779877589501764       0.76051003960795915     
  0.30905514026193970       0.73929999799137547     
  0.31031663282151906       0.71574484840496422     
  0.31158327450586787       0.69004722478973179     
  0.31285508633253861       0.66242205949918043     
  0.31413208940487242       0.63309462649237314     
  0.31541430491234945       0.60229857078234683     
  0.31670175413094059       0.57027394039107604     
  0.31799445842346041       0.53726523625607003     
  0.31929243923992134       0.50351949464061230     
  0.32059571811789023       0.46928441563317419     
  0.32190431668284508       0.43480655029461923     
  0.32321825664853443       0.40032955793667313     
  0.32453755981733712       0.36609254390477841     
  0.32586224808062436       0.33232848710379354     
  0.32719234341912323       0.29926276535773871     
  0.32852786790328065       0.26711178554517767     
  0.32986884369363056       0.23608172430959024     
  0.33121529304116082       0.20636738401880056     
  0.33256723828768275       0.17815116754652327     
  0.33392470186620210       0.15160217438124454     
  0.33528770630129073       0.12687541953834414     
  0.33665627420946076       0.10411117576764883     
  0.33803042829953994        8.3434438615013429E-002
  0.33941019137304806        6.4954513017726770E-002
  0.34079558632457546        4.8764719293011953E-002
  0.34218663614216327        3.4942215619823372E-002
  0.34358336390768413        2.3547933418519001E-002
  0.34498579279722608        1.4626621402210101E-002
  0.34639394608147639        8.2069935091731612E-003
  0.34780784712610791        4.3019754271618870E-003
  0.34922751939216706        2.9090439881868497E-003
  0.35065298643646264        4.0106533452417253E-003
  0.35208427191195729        7.5747415394455632E-003
  0.35352139956815942        1.3555310825450523E-002
  0.35496439325151735        2.1893074942754671E-002
  0.35641327690581565        3.2516166398347597E-002
  0.35786807457257153        4.5340896759331312E-002
  0.35932881039143427        6.0272562939766516E-002
  0.36079550860058590        7.7206292501083101E-002
  0.36226819353714296        9.6027921066481947E-002
  0.36374688963756052       0.11661489507360476     
  0.36523162143803800       0.13883719325282592     
  0.36672241357492547       0.16255826041711482     
  0.36821929078513355       0.18763594738033434     
  0.36972227790654283       0.21392345107995928     
  0.37123139987841652       0.24127024926457447     
  0.37274668174181458       0.26952302441214082     
  0.37426814864000829       0.29852657186872938     
  0.37579582581889864       0.32812468753614921     
  0.37732973862743413       0.35816103078664902     
  0.37886991251803198       0.38847995864175733     
  0.38041637304700071       0.41892732761620849     
  0.38196914587496344       0.44935125999499093     
  0.38352825676728425       0.47960287167863264     
  0.38509373159449567       0.50953695909680685     
  0.38666559633272773       0.53901264305083196     
  0.38824387706413899       0.56789396769949974     
  0.38982859997734975       0.59605045324834904     
  0.39141979136787586       0.62335760123770756     
  0.39301747763856587       0.64969735164880904     
  0.39462168530003849       0.67495849135790253     
  0.39623244097112265       0.69903701376497795     
  0.39784977137929967       0.72183642970529649     
  0.39947370336114574       0.74326803001726860     
  0.40110426386277853       0.76325110038924959     
  0.40274147994030307       0.78171308933946804     
  0.40438537876026137       0.79858973039750336     
  0.40603598760008325       0.81382511975207317     
  0.40769333384853856       0.82737175080854530     
  0.40935744500619187       0.83919050726013811     
  0.41102834868585908       0.84925061641978150     
  0.41270607261306486       0.85752956468497077     
  0.41439064462650332       0.86401297711625014     
  0.41608209267850005       0.86869446320132737     
  0.41778044483547516       0.87157543095204593     
  0.41948572927840988       0.87266487154078232     
  0.42119797430331363       0.87197911672715311     
  0.42291720832169355       0.86954157135565302     
  0.42464345986102636       0.86538242322087844     
  0.42637675756523108       0.85953833259997559     
  0.42811713019514508       0.85205210374264329     
  0.42986460662900056       0.84297234058826465     
  0.43161921586290408       0.83235308894830784     
  0.43338098701131811       0.82025346735083227     
  0.43514994930754325       0.80673728869364614     
  0.43692613210420378       0.79187267479402224     
  0.43870956487373508       0.77573166585703401     
  0.44050027720887197       0.75838982681185918     
  0.44229829882313998       0.73992585238712716     
  0.44410365955134889       0.72042117271275563     
  0.44591638935008682       0.69995956114806535     
  0.44773651829821842       0.67862674594444583     
  0.44956407659738296       0.65651002725658747     
  0.45139909457249600       0.63369790091967637     
  0.45324160267225266       0.61027969031176810     
  0.45509163146963244       0.58634518752138032     
  0.45694921166240710       0.56198430494053553     
  0.45881437407364939       0.53728673830406259     
  0.46068714965224478       0.51234164209673139     
  0.46256756947340538       0.48723731815189963     
  0.46445566473918498       0.46206091816875139     
  0.46635146677899686       0.43689816078046040     
  0.46825500705013429       0.41183306371307832     
  0.47016631713829160       0.38694769148494135     
  0.47208542875808879       0.36232191900916683     
  0.47401237375359806       0.33803321137756220     
  0.47594718409887132       0.31415642002353500     
  0.47788989189847175       0.29076359538390573     
  0.47984052938800570       0.26792381610598215     
  0.48179912893465782       0.24570303477594255     
  0.48376572303772875       0.22416394007852899     
  0.48574034432917323       0.20336583523574017     
  0.48772302557414277       0.18336453251386017     
  0.48971379967152823       0.16421226353403501     
  0.49171269965450648       0.14595760507121397     
  0.49371975869108847       0.12864541998022472     
  0.49573501008466908       0.11231681284541398     
  0.49775848727458005        9.7009099912025387E-002
  0.49979022383664523        8.2755792823130142E-002
  0.50183025348373689        6.9586595655298941E-002
  0.50387861006633561        5.7527414719300035E-002
  0.50593532757309234        4.6600380568865771E-002
  0.50800044013139123        3.6823881640797015E-002
  0.51007398200791731        2.8212608933261548E-002
  0.51215598760922409        2.0777611116004333E-002
  0.51424649148230461        1.4526359456173553E-002
  0.51634552831516523        9.4628219363979658E-003
  0.51845313293740036        5.5875459375239744E-003
  0.52056934032077162        2.8977488568956320E-003
  0.52269418557978653        1.3874160340247134E-003
  0.52482770397228251        1.0474053588659569E-003
  0.52696993090001132        1.8655579435099881E-003
  0.52912090190922667        3.8268142457420439E-003
  0.53128065269127367        6.9133350425050269E-003
  0.53344921908318188        1.1104626662631005E-002
  0.53562663706825886        1.6377669901162642E-002
  0.53781294277668812        2.2707052052023717E-002
  0.54000817248612853        3.0065101511528067E-002
  0.54221236262231554        3.8422024422165343E-002
  0.54442554975966673        4.7746042844101916E-002
  0.54664777062188774        5.8003533960711839E-002
  0.54887906208258186        6.9159169844171225E-002
  0.55111946116586275        8.1176057327508544E-002
  0.55336900504696696        9.4015877550425592E-002
  0.55562773105287300       0.10763902476751694     
  0.55789567666291884       0.12200474402926378     
  0.56017287950942463       0.13707126736803354     
  0.56245937737831742       0.15279594814340428     
  0.56475520820975744       0.16913539322316862     
  0.56706041009876806       0.18604559269848175     
  0.56937502129586803       0.20348204685350596     
  0.57169908020770599       0.22139989013162187     
  0.57403262539769728       0.23975401186177653     
  0.57637569558666502       0.25849917352964474     
  0.57872832965348131       0.27759012239903746     
  0.58109056663571335       0.29698170130935025     
  0.58346244573027040       0.31662895449455869     
  0.58584400629405475       0.33648722928875385     
  0.58823528784461476       0.35651227360171878     
  0.59063633006079996       0.37666032906638686     
  0.59304717278342045       0.39688821977741540     
  0.59546785601590702       0.41715343655695875     
  0.59789841992497528       0.43741421669997510     
  0.60033890484129260       0.45762961916680167     
  0.60278935126014666       0.47775959520557987     
  0.60524979984211758       0.49776505440112545     
  0.60772029141375294       0.51760792616023388     
  0.61020086696824494       0.53725121665597708     
  0.61269156766611022       0.55665906126544018     
  0.61519243483587394       0.57579677254663097     
  0.61770350997475421       0.59463088381049001     
  0.62022483474935197       0.61312918835397012     
  0.62275645099634114       0.63126077442891226     
  0.62529840072316345       0.64899605602996835     
  0.62785072610872605       0.66630679959235839     
  0.63041346950409982       0.68316614669728026     
  0.63298667343322390       0.69954863288914426     
  0.63557038059361004       0.71543020271445368     
  0.63816463385705124       0.73078822109725583     
  0.64076947627033398       0.74560148117059888     
  0.64338495105595150       0.75985020868728559     
  0.64601110161282127       0.77351606313660803     
  0.64864797151700582       0.78658213569655011     
  0.65129560452243462       0.79903294415319492     
  0.65395404456163087       0.81085442492097193     
  0.65662333574644061       0.82203392229864236     
  0.65930352236876377       0.83256017509682567     
  0.66199464890129045       0.84242330077336147     
  0.66469675999823752       0.85161477721283230     
  0.66740990049609028       0.86012742228627670     
  0.67013411541434675       0.86795537132643819     
  0.67286944995626363       0.87509405265289442     
  0.67561594950960757       0.88154016128008827     
  0.67837365964740748       0.88729163093966035     
  0.68114262612871068       0.89234760454661166     
  0.68392289489934310       0.89670840323670664     
  0.68671451209267076       0.90037549410010909     
  0.68951752403036504       0.90335145673375716     
  0.69233197722317286       0.90563994873214393     
  0.69515791837168661       0.90724567023328884     
  0.69799539436711988       0.90817432763356487     
  0.70084445229208592       0.90843259658185793     
  0.70370513942137802       0.90802808436014981     
  0.70657750322275481       0.90696929175421181     
  0.70946159135772713       0.90526557451452594     
  0.71235745168234910       0.90292710450396152     
  0.71526513224801314       0.89996483062507138     
  0.71818468130224533       0.89639043961613329     
  0.72111614728950835       0.89221631680134184     
  0.72405957885200312       0.88745550687677199     
  0.72701502483047720       0.88212167480995385     
  0.72998253426503557       0.87622906692713720     
  0.73296215639595286       0.86979247225853651     
  0.73595394066449149       0.86282718420810411     
  0.73895793671372234       0.85534896261067794     
  0.74197419438934753       0.84737399623563892     
  0.74500276374052765       0.83891886579261143     
  0.74804369502071344       0.83000050749111198     
  0.75109703868847777       0.82063617720257132     
  0.75416284540835488       0.81084341526964965     
  0.75724116605167924       0.80064001200440782     
  0.76033205169743068       0.79004397391354375     
  0.76343555363308235       0.77907349068567922     
  0.76655172335545019       0.76774690297254156     
  0.76968061257154952       0.75608267099275817     
  0.77282227319945096       0.74409934398406330     
  0.77597675736914307       0.73181553052677295     
  0.77914411742339751       0.71924986975859562     
  0.78232440591863694       0.70642100349817460     
  0.78551767562580699       0.69334754929209275     
  0.78872397953125306       0.68004807439760095     
  0.79194337083759792       0.66654107071091573     
  0.79517590296462559       0.65284493064860494     
  0.79842162955016782       0.63897792398735154     
  0.80168060445099321       0.62495817566533396     
  0.80495288174370172       0.61080364454635117     
  0.80823851572562166       0.59653210314596949     
  0.81153756091571005       0.58216111831715667     
  0.81485007205545901       0.56770803289102345     
  0.81817610410980179       0.55318994826688139     
  0.82151571226802678       0.53862370794400127     
  0.82486895194469190       0.52402588198631272     
  0.82823587878054472       0.50941275240965500     
  0.83161654864344625       0.49480029948013532     
  0.83501101762929653       0.48020418891083932     
  0.83841934206296653       0.46563975994308959     
  0.84184157849923302       0.45112201429742549     
  0.84527778372371576       0.43666560597857462     
  0.84872801475382054       0.42228483191774752     
  0.85219232883968588       0.40799362343490841     
  0.85567078346513115       0.39380553850290256     
  0.85916343634861292       0.37973375479469462     
  0.86267034544418009       0.36579106349441881     
  0.86619156894243732       0.35198986385243564     
  0.86972716527151039       0.33834215846413701     
  0.87327719309801433       0.32485954925188659     
  0.87684171132802924       0.31155323412913494     
  0.88042077910807537       0.29843400432554390     
  0.88401445582609561       0.28551224235163941     
  0.88762280111244185       0.27279792058148028     
  0.89124587484086226       0.26030060043163650     
  0.89488373712949654       0.24802943211472345     
  0.89853644834187318       0.23599315494574863     
  0.90220406908791040       0.22420009817951364     
  0.90588666022492215       0.21265818235741354     
  0.90958428285862880       0.20137492114202948     
  0.91329699834416944       0.19035742361811056     
  0.91702486828712149       0.17961239703861553     
  0.92076795454452198       0.16914614999481217     
  0.92452631922589401       0.15896459598951423     
  0.92830002469427830       0.14907325739290478     
  0.93208913356726641       0.13947726976062272     
  0.93589370871804145       0.13018138649410033     
  0.93971381327641990       0.12118998382344667     
  0.94354951062989978       0.11250706609355608     
  0.94740086442471305       0.10413627133444170     
  0.95126793856688030        9.6080877097175790E-002
  0.95515079722327212        8.8343806537238473E-002
  0.95904950482267404        8.0927634727441272E-002
  0.96296412605685466        7.3834595183033688E-002
  0.96689472588163972        6.7066586582022206E-002
  0.97084136951799027        6.0625179664145351E-002
  0.97480412245308368        5.4511624292428562E-002
  0.97878305044140190        4.8726856661650872E-002
  0.98277821950582100        4.3271506638530639E-002
  0.98678969593870736        3.8145905218889289E-002
  0.99081754630301844        3.3350092087511524E-002
  0.99486183743340539        2.8883823266882727E-002
  0.99892263643732426        2.4746578841441935E-002
   1.0030000106961476        2.0937570744465242E-002
   1.0070940278662834        1.7455750595130472E-002
   1.0112047558802988        1.4299817573804463E-002
   1.0153322629480441        1.1468226324034065E-002
   1.0194766175577885        8.9591948701705070E-003
   1.0236378884773538        6.7707125400311733E-003
   1.0278161447552574        4.9005478824245639E-003
   1.0320114557218547        3.3462565698210299E-003
   1.0362238909904942        2.1051892768827072E-003
   1.0404535204586696        1.1744995259960380E-003
   1.0447004143091787        5.5115149137615347E-004
   1.0489646430112913        2.3192775372780255E-004
   1.0532462773219167        2.1343699785618755E-004
   1.0575453882867758        4.9212164602783766E-004
   1.0618620472415838        1.0642654202699133E-003
   1.0661963258132321        1.9260008271883974E-003
   1.0705482959209747        3.0733165592592864E-003
   1.0749180297776255        4.5020648069192207E-003
   1.0793055998907541        6.2079684761428174E-003
   1.0837110790638902        8.1866283065400690E-003
   1.0881345403977287        1.0433529885360459E-002
   1.0925760572913470        1.2944050553114202E-002
   1.0970357034434204        1.5713466196849435E-002
   1.1015135528534441        1.8736957927438774E-002
   1.1060096798229635        2.2009618637539828E-002
   1.1105241589568067        2.5526459437175925E-002
   1.1150570651643195        2.9282415964184523E-002
   1.1196084736606120        3.3272354567058932E-002
   1.1241784599678060        3.7491078357960485E-002
   1.1287670999162849        4.1933333133953671E-002
   1.1333744696459565        4.6593813164771382E-002
   1.1380006456075142        5.1467166845624163E-002
   1.1426457045637044        5.6548002213844248E-002
   1.1473097235906025        6.1830892328348916E-002
   1.1519927800788912        6.7310380511122425E-002
   1.1566949517351428        7.2980985450129460E-002
   1.1614163165831117        7.8837206163273887E-002
   1.1661569529650266        8.4873526823176282E-002
   1.1709169395428922        9.1084421442769750E-002
   1.1756963552997917        9.7464358421825548E-002
   1.1804952795412009       0.10400780495474893     
   1.1853137918963028       0.11070923130007476     
   1.1901519723193061       0.11756311491228665     
   1.1950099010907769       0.12456394443671923     
   1.1998876588189678       0.13170622356839043     
   1.2047853264411541       0.13898447477579570     
   1.2097029852249803       0.14639324289078839     
   1.2146407167698074       0.15392709856575501     
   1.2195986030080641       0.16158064159943836     
   1.2245767262066105       0.16934850413286179     
   1.2295751689681005       0.17722535371683723     
   1.2345940142323542       0.18520589625271316     
   1.2396333452777308       0.19328487880801570     
   1.2446932457225151       0.20145709230878667     
   1.2497737995263021       0.20971737411040700     
   1.2548750909913893       0.21806061044883199     
   1.2599972047641785       0.22648173877417557     
   1.2651402258365791       0.23497574996865223     
   1.2703042395474162       0.24353769045090942     
   1.2754893315838498       0.25216266416887273     
   1.2806955879827961       0.26084583448321069     
   1.2859230951323521       0.26958242594357879     
   1.2911719397732333       0.27836772595985942     
   1.2964422090002106       0.28719708637059327     
   1.3017339902635547       0.29606592491084560     
   1.3070473713704895       0.30496972658177046     
   1.3123824404866489       0.31390404492413709     
   1.3177392861375357       0.32286450319809540     
   1.3231179972099965       0.33184679547148516     
   1.3285186629536925       0.34084668761895776     
   1.3339413729825829       0.34986001823421625     
   1.3393862172764077       0.35888269945767493     
   1.3448532861821869       0.36791071772180778     
   1.3503426704157151       0.37694013441647473     
   1.3558544610630672       0.38596708647649991     
   1.3613887495821120       0.39498778689376396     
   1.3669456278040288       0.40399852515604523     
   1.3725251879348284       0.41299566761485396     
   1.3781275225568879       0.42197565778446577     
   1.3837527246304846       0.43093501657435918     
   1.3894008874953359       0.43987034245720757     
   1.3950721048721533       0.44877831157460768     
   1.4007664708641934       0.45765567778264565     
   1.4064840799588225       0.46649927263941571     
   1.4122250270290799       0.47530600533656026     
   1.4179894073352572       0.48407286257688836     
   1.4237773165264773       0.49279690840007889     
   1.4295888506422783       0.50147528395845420     
   1.4354241061142121       0.51010520724481045     
   1.4412831797674421       0.51868397277419098     
   1.4471661688223481       0.52720895122152600     
   1.4530731708961429       0.53567758901698681     
   1.4590042840044910       0.54408740790089094     
   1.4649596065631323       0.55243600443992957     
   1.4709392373895191       0.56072104950652046     
   1.4769432757044543       0.56894028772295302     
   1.4829718211337348       0.57709153687206094     
   1.4890249737098105       0.58517268727606075     
   1.4951028338734396       0.59318170114515334     
   1.5012055024753554       0.60111661189751153     
   1.5073330807779428       0.60897552345216033     
   1.5134856704569155       0.61675660949627942     
   1.5196633736030056       0.62445811272840435     
   1.5258662927236537       0.63207834407894159     
   1.5320945307447145       0.63961568190943474     
   1.5383481910121630       0.64706857119190853     
   1.5446273772938062       0.65443552266965077     
   1.5509321937810101       0.66171511200070887     
   1.5572627450904259       0.66890597888537995     
   1.5636191362657244       0.67600682617887420     
   1.5700014727793419       0.68301641899041265     
   1.5764098605342303       0.68993358376983671     
   1.5828444058656099       0.69675720738290836     
   1.5893052155427401       0.70348623617635242     
   1.5957923967706868       0.71011967503371831     
   1.6023060571921037       0.71665658642305841     
   1.6088463048890147       0.72309608943742798     
   1.6154132483846122       0.72943735882915861     
   1.6220069966450557       0.73567962403882070     
   1.6286276590812767       0.74182216821976998     
   1.6352753455508005       0.74786432725915331     
   1.6419501663595648       0.75380548879617681     
   1.6486522322637496       0.75964509123846558     
   1.6553816544716176       0.76538262277726843     
   1.6621385446453594       0.77101762040225819     
   1.6689230149029417       0.77654966891663280     
   1.6757351778199741       0.78197839995322560     
   1.6825751464315746       0.78730349099225183     
   1.6894430342342412       0.79252466438135227     
   1.6963389551877424       0.79764168635852251     
   1.7032630237170037       0.80265436607852603     
   1.7102153547140044       0.80756255464331173     
   1.7171960635396897       0.81236614413702124     
   1.7242052660258809       0.81706506666604151     
   1.7312430784771990       0.82165929340460675     
   1.7383096176729915       0.82614883364641967     
   1.7454050008692747       0.83053373386271945     
   1.7525293458006783       0.83481407676720354     
   1.7596827706823941       0.83898998038822004     
   1.7668653942121444       0.84306159714858819     
   1.7740773355721486       0.84702911295340177     
   1.7813187144310982       0.85089274628616607     
   1.7885896509461472       0.85465274731355878     
   1.7958902657649043       0.85830939699913100     
   1.8032206800274309       0.86186300622621614     
   1.8105810153682576       0.86531391493031429     
   1.8179713939183981       0.86866249124119077     
   1.8253919383073787       0.87190913063491604     
   1.8328427716652678       0.87505425509606138     
   1.8403240176247260       0.87809831229024327     
   1.8478358003230537       0.88104177474719647     
   1.8553782444042495       0.88388513905454325     
   1.8629514750210820       0.88662892506240332     
   1.8705556178371661       0.88927367509899913     
   1.8781907990290427       0.89181995319735485     
   1.8858571452882809       0.89426834433322389     
   1.8935547838235744       0.89661945367433471     
   1.9012838423628520       0.89887390584103755     
   1.9090444491554013       0.90103234417843481     
   1.9168367329739937       0.90309543004005699     
   1.9246608231170197       0.90506384208314106     
   1.9325168494106386       0.90693827557554119     
   1.9404049422109304       0.90871944171433072     
   1.9483252324060565       0.91040806695608500     
   1.9562778514184365       0.91200489235889814     
   1.9642629312069249       0.91351067293610466     
   1.9722806042690040       0.91492617702172574     
   1.9803310036429771       0.91625218564762456     
   1.9884142629101824       0.91748949193234020     
   1.9965305161972071       0.91863890048159347     
   2.0046798981781091       0.91970122680041955     
   2.0128625440766581       0.92067729671688348     
   2.0210785896685763       0.92156794581735035     
   2.0293281712837890       0.92237401889323156     
   2.0376114258086915       0.92309636939917383     
   2.0459284906884188       0.92373585892261600     
   2.0542795039291217       0.92429335666463097     
   2.0626646041002639       0.92476973893200920     
   2.0710839303369175       0.92516588864037008     
   2.0795376223420732       0.92548269482884737     
   2.0880258203889532       0.92572105218474821     
   2.0965486653233478       0.92588186058007560     
   2.1051062985659468       0.92596602461834498     
   2.1136988621146831       0.92597445319219485     
   2.1223264985470975       0.92590805905156126     
   2.1309893510226989       0.92576775838234504     
   2.1396875632853374       0.92555447039543282     
   2.1484212796655959       0.92526911692598202     
   2.1571906450831819       0.92491262204283864     
   2.1659958050493291       0.92448591166798599     
   2.1748369056692178       0.92398991320589041     
   2.1837140936443968       0.92342555518264102     
   2.1926275162752127       0.92279376689474046     
   2.2015773214632635       0.92209547806744008     
   2.2105636577138457       0.92133161852248058     
   2.2195866741384194       0.92050311785511663     
   2.2286465204570853       0.91961090512030363     
   2.2377433470010675       0.91865590852790135     
   2.2468773047152077       0.91763905514677202     
   2.2560485451604677       0.91656127061765313     
   2.2652572205164492       0.91542347887464792     
   2.2745034835839171       0.91422660187522087     
   2.2837874877873303       0.91297155933856178     
   2.2931093871773944       0.91165926849217782     
   2.3024693364336155       0.91029064382658664     
   2.3118674908668622       0.90886659685797400     
   2.3213040064219506       0.90738803589868089     
   2.3307790396802273       0.90585586583539568     
   2.3402927478621649       0.90427098791490190     
   2.3498452888299783       0.90263429953725816     
   2.3594368210902377       0.90094669405628758     
   2.3690675037965030       0.89920906058721461     
   2.3787374967519588       0.89742228382135192     
   2.3884469604120731       0.89558724384768051     
   2.3981960558872570       0.89370481598120177     
   2.4079849449455333       0.89177587059793728     
   2.4178137900152290       0.88980127297643086     
   2.4276827541876669       0.88778188314564332     
   2.4375920012198664       0.88571855573909586     
   2.4475416955372706       0.88361213985514786     
   2.4575320022364697       0.88146347892327026     
   2.4675630870879357       0.87927341057620789     
   2.4776351165387829       0.87704276652788493     
   2.4877482577155234       0.87477237245695183     
   2.4979026784268394       0.87246304789583373     
   2.5080985471663721       0.87011560612517846     
   2.5183360331155162       0.86773085407356576     
   2.5286153061462220       0.86530959222237547     
   2.5389365368238228       0.86285261451569095     
   2.5492998964098588       0.86036070827511979     
   2.5597055568649218       0.85783465411942861     
   2.5701536908515048       0.85527522588886340     
   2.5806444717368717       0.85268319057405872     
   2.5911780735959340       0.85005930824941833     
   2.6017546712141315       0.84740433201085541     
   2.6123744400903441       0.84471900791779919     
   2.6230375564397970       0.84200407493934259     
   2.6337441971969815       0.83926026490444749     
   2.6444945400185995       0.83648830245608252     
   2.6552887632865070       0.83368890500921056     
   2.6661270461106703       0.83086278271252212     
   2.6770095683321458       0.82801063841380351     
   2.6879365105260575       0.82513316762886235     
   2.6989080540045989       0.82223105851389422     
   2.7099243808200328       0.81930499184122263     
   2.7209856737677236       0.81635564097828328     
   2.7320921163891634       0.81338367186980309     
   2.7432438929750149       0.81038974302304989     
   2.7544411885681774       0.80737450549608536     
   2.7656841889668535       0.80433860288892489     
   2.7769730807276272       0.80128267133752284     
   2.7883080511685678       0.79820733951049994     
   2.7996892883723348       0.79511322860852673     
   2.8111169811892935       0.79200095236629098     
   2.8225913192406575       0.78887111705695401     
   2.8341124929216317       0.78572432149903593     
   2.8456806934045655       0.78256115706564533     
   2.8572961126421350       0.77938220769597166     
   2.8689589433705232       0.77618804990897905     
   2.8806693791126143       0.77297925281922564     
   2.8924276141812122       0.76975637815472464     
   2.9042338436822610       0.76651998027680435     
   2.9160882635180831       0.76327060620186915     
   2.9279910703906258       0.76000879562502266     
   2.9399424618047334       0.75673508094546071     
   2.9519426360714194       0.75344998729359236     
   2.9639917923111532       0.75015403255981916     
   2.9760901304571732       0.74684772742489791     
   2.9882378512587997       0.74353157539185666     
   3.0004351562847607       0.74020607281937179     
   3.0126822479265480       0.73687170895656762     
   3.0249793294017673       0.73352896597918782     
   3.0373266047575087       0.73017831902706254     
   3.0497242788737404       0.72682023624283754     
   3.0621725574667020       0.72345517881189858     
   3.0746716470923223       0.72008360100345059     
   3.0872217551496384       0.71670595021269590     
   3.0998230898842483       0.71332266700406166     
   3.1124758603917613       0.70993418515542694     
   3.1251802766212617       0.70654093170331655     
   3.1379365493788032       0.70314332698899040     
   3.1507448903309023       0.69974178470540893     
   3.1636055120080444       0.69633671194502034     
   3.1765186278082207       0.69292850924831950     
   3.1894844520004644       0.68951757065315677     
   3.2025031997284015       0.68610428374473498     
   3.2155750870138298       0.68268902970626988     
   3.2287003307602982       0.67927218337026851     
   3.2418791487567020       0.67585411327039813     
   3.2551117596809069       0.67243518169388794     
   3.2683983831033703       0.66901574473445269     
   3.2817392394907818       0.66559615234569525     
   3.2951345502097307       0.66217674839494056     
   3.3085845375303724       0.65875787071748737     
   3.3220894246301196       0.65533985117124360     
   3.3356494355973410       0.65192301569169808     
   3.3492647954350852       0.64850768434722017     
   3.3629357300648142       0.64509417139464009     
   3.3766624663301439       0.64168278533509715     
   3.3904452320006189       0.63827382897011298     
   3.4042842557754875       0.63486759945787719     
   3.4181797672874907       0.63146438836971019     
   3.4321319971066844       0.62806448174667551     
   3.4461411767442565       0.62466816015633342     
   3.4602075386563675       0.62127569874959376     
   3.4743313162480152       0.61788736731765148     
   3.4885127438769019       0.61450343034898536     
   3.5027520568573265       0.61112414708639795     
   3.5170494914640815       0.60774977158407339     
   3.5314052849363842       0.60438055276463065     
   3.5458196754818094       0.60101673447615789     
   3.5602929022802345       0.59765855554920966     
   3.5748252054878202       0.59430624985373870     
   3.5894168262409902       0.59096004635595889     
   3.6040680066604258       0.58762016917511017     
   3.6187789898550959       0.58428683764011347     
   3.6335500199262847       0.58096026634610465     
   3.6483813419716364       0.57764066521082147     
   3.6632732020892336       0.57432823953083922     
   3.6782258473816740       0.57102319003763091     
   3.6932395259601685       0.56772571295344987     
   3.7083144869486642       0.56443600004701033     
   3.7234509804879772       0.56115423868895609     
   3.7386492577399353       0.55788061190711491     
   3.7539095708915569       0.55461529844150903     
   3.7692321731592284       0.55135847279912675     
   3.7846173187929102       0.54811030530843452     
   3.8000652630803460       0.54487096217362363     
   3.8155762623513128       0.54164060552857862     
   3.8311505739818670       0.53841939349056034     
   3.8467884563986092       0.53520748021359399     
   3.8624901690829847       0.53200501594154959     
   3.8782559725755825       0.52881214706091551     
   3.8940861284804527       0.52562901615324242     
   3.9099808994694594       0.52245576204727118     
   3.9259405492866346       0.51929251987071257     
   3.9419653427525452       0.51613942110169420     
   3.9580555457687030       0.51299659361985062     
   3.9742114253219660       0.50986416175706650     
   3.9904332494889743       0.50674224634785192     
   4.0067212874405893       0.50363096477935376     
   4.0230758094463717       0.50053043104099737     
   4.0394970868790629       0.49744075577374469     
   4.0559853922190783       0.49436204631898084     
   4.0725409990590427       0.49129440676700553     
   4.0891641821083224       0.48823793800514059     
   4.1058552171975808       0.48519273776544175     
   4.1226143812833644       0.48215890067201322     
   4.1394419524526915       0.47913651828791975     
   4.1563382099276636       0.47612567916170284     
   4.1733034340701094       0.47312646887347831     
   4.1903379063862296       0.47013897008063615     
   4.2074419095312638       0.46716326256312357     
   4.2246157273141920       0.46419942326831565     
   4.2418596447024361       0.46124752635547034     
   4.2591739478265858       0.45830764323976908     
   4.2765589239851547       0.45537984263593340     
   4.2940148616493437       0.45246419060142812     
   4.3115420504678283       0.44956075057924078     
   4.3291407812715565       0.44666958344023866     
   4.3468113460785895       0.44379074752510211     
   4.3645540380989400       0.44092429868583904     
   4.3823691517394279       0.43807029032687461     
   4.4002569826085844       0.43522877344571204     
   4.4182178275215458       0.43239979667318207     
   4.4362519845049730       0.42958340631323771     
   4.4543597528020111       0.42677964638237803     
   4.4725414328772475       0.42398855864859902     
   4.4907973264216903       0.42121018266994659     
   4.5091277363577875       0.41844455583264029     
   4.5275329668444471       0.41569171338877675     
   4.5460133232820850       0.41295168849361613     
   4.5645691123176864       0.41022451224244050     
   4.5832006418499045       0.40751021370700269     
   4.6019082210341660       0.40480881997155199     
   4.6206921602877928       0.40212035616844771     
   4.6395527712951647       0.39944484551335407     
   4.6584903670128890       0.39678230934002257     
   4.6775052616749795       0.39413276713466966     
   4.6965977707980926       0.39149623656993304     
   4.7157682111867478       0.38887273353842949     
   4.7350169009385850       0.38626227218590120     
   4.7543441594496505       0.38366486494396063     
   4.7737503074196939       0.38108052256242880     
   4.7932356668574805       0.37850925414128100     
   4.8128005610861475       0.37595106716218496     
   4.8324453147485658       0.37340596751964994     
   4.8521702538127149       0.37087395955178015     
   4.8719757055771122       0.36835504607063546     
   4.8918619986762248       0.36584922839220535     
   4.9118294630859394       0.36335650636599320     
   4.9318784301290162       0.36087687840422394     
   4.9520092324806102       0.35841034151065759     
   4.9722222041737796       0.35595689130903740     
   4.9925176806050207       0.35351652207115325     
   5.0128959985398502       0.35108922674453247     
   5.0333574961183860       0.34867499697976556     
   5.0539025128609465       0.34627382315745375     
   5.0745313896737043       0.34388569441480210     
   5.0952444688543324       0.34151059867184030     
   5.1160420940976774       0.33914852265729373     
   5.1369246105014765       0.33679945193408622     
   5.1578923645720769       0.33446337092450051     
   5.1789457042301867       0.33214026293497800     
   5.2000849788166388       0.32983011018057895     
   5.2213105390982024       0.32753289380909018     
   5.2426227372734004       0.32524859392479494     
   5.2640219269783390       0.32297718961190225     
   5.2855084632925946       0.32071865895764301     
   5.3070827027450962       0.31847297907502681     
   5.3287450033200381       0.31624012612527758     
   5.3504957244628288       0.31402007533993237     
   5.3723352270860527       0.31181280104262549     
   5.3942638735754480       0.30961827667054459     
   5.4162820277959387       0.30743647479557490     
   5.4383900550976607       0.30526736714512415     
   5.4605883223220175       0.30311092462264078     
   5.4828771978077846       0.30096711732781695     
   5.5052570513972130       0.29883591457649272     
   5.5277282544421542       0.29671728492025684     
   5.5502911798102446       0.29461119616574333     
   5.5729462018910780       0.29251761539363985     
   5.5956936966024218       0.29043650897739570     
   5.6185340413964466       0.28836784260164650     
   5.6414676152660075       0.28631158128034490     
   5.6644947987509173       0.28426768937461599     
   5.6876159739442613       0.28223613061032538     
   5.7108315244987482       0.28021686809537094     
   5.7341418356330687       0.27820986433670425     
   5.7575472941382806       0.27621508125707556     
   5.7810482883842447       0.27423248021151203     
   5.8046452083260549       0.27226202200353089     
   5.8283384455105089       0.27030366690109214     
   5.8521283930826149       0.26835737465228721     
   5.8760154457921070       0.26642310450077555     
