  0.10000000000000001       0.79888198583999948     
  0.10040817718110437       0.75147542744838725     
  0.10081802044832047       0.68039786139922342     
  0.10122953660223166       0.59082240437862799     
  0.10164273247117964       0.48912206085985876     
  0.10205761491137796       0.38240400564230570     
  0.10247419080702558       0.27800796189314014     
  0.10289246707042120       0.18300425812463827     
  0.10331245064207799       0.10372553080266822     
  0.10373414849083867        4.5362203371618566E-002
  0.10415756761399117        1.1646212768071065E-002
  0.10458271503738485        4.6404630774686054E-003
  0.10500959781554686        2.4643710995128097E-002
  0.10543822303179938        7.0212592200304291E-002
  0.10586859779837712       0.13829482078360372     
  0.10630072925654524       0.22446071679149057     
  0.10673462457671801       0.32321453593079019     
  0.10717029095857759       0.42836288208535450     
  0.10760773563119364       0.53341495353988388     
  0.10804696585314330       0.63198856553547489     
  0.10848798891263144       0.71819674996966865     
  0.10893081212761184       0.78699210182543977     
  0.10937544284590843       0.83444968200288838     
  0.10982188844533726       0.85797389623836229     
  0.11027015633382903       0.85642000957436992     
  0.11072025394955184       0.83012647033505882     
  0.11117218876103470       0.78085965958654213     
  0.11162596826729153       0.71167773272780810     
  0.11208159999794542       0.62672460556139131     
  0.11253909151335369       0.53096864246918241     
  0.11299845040473337       0.42990308016052864     
  0.11345968429428700       0.32922658799167737     
  0.11392280083532935       0.23452261558192189     
  0.11438780771241415       0.15095536550989536     
  0.11485471264146174        8.2998464932740448E-002
  0.11532352336988719        3.4209852561477412E-002
  0.11579424767672861        7.0632375297932995E-003
  0.11626689337277650        2.8429354815112974E-003
  0.11674146830070313        2.1605162737151254E-002
  0.11721798033519278        6.2205184071623246E-002
  0.11769643738307244       0.12238625895259408     
  0.11817684738344295       0.19892328434265447     
  0.11865921830781066       0.28781152530421705     
  0.11914355816021997       0.38448895553791917     
  0.11962987497738581       0.48407955615569420     
  0.12011817682882717       0.58164445967124778     
  0.12060847181700105       0.67242805651517357     
  0.12110076807743671       0.75208704839483220     
  0.12159507377887094       0.81689185292813793     
  0.12209139712338332       0.86389163143744419     
  0.12258974634653247       0.89103640576374532     
  0.12309012971749274       0.89725212178796088     
  0.12359255553919130       0.88246697756875736     
  0.12409703214844603       0.84758973886032574     
  0.12460356791610375       0.79444300184766592     
  0.12511217124717913       0.72565633579470257     
  0.12562285058099434       0.64452586992721028     
  0.12613561439131882       0.55484812388872040     
  0.12665047118650996       0.46073668674611201     
  0.12716742950965446       0.36643071543843081     
  0.12768649793870987       0.27610416059202197     
  0.12820768508664696       0.19368416564106872     
  0.12873099960159279       0.12268627024958575     
  0.12925645016697404        6.6072939998689434E-002
  0.12978404550166117        2.6140609183794163E-002
  0.13031379436011306        4.4389357087512363E-003
  0.13084570553252231        1.7244014495567395E-003
  0.13137978784496107        1.7948821227163840E-002
  0.13191605015952751        5.2281816876462876E-002
  0.13245450137449291       0.10316493046645864     
  0.13299515042444918       0.16839384353639000     
  0.13353800628045717       0.24522417719816511     
  0.13408307795019572       0.33049559910831444     
  0.13463037447811083       0.42076847340900853     
  0.13517990494556581       0.51246706261976782     
  0.13573167847099218       0.60202331879756810     
  0.13628570421004074       0.68601556774318406     
  0.13684199135573349       0.76129686877840141     
  0.13740054913861643       0.82510849102737105     
  0.13796138682691236       0.87517474765735326     
  0.13852451372667493       0.90977633159104676     
  0.13908993918194296       0.92780025805972000     
  0.13965767257489561       0.92876549988176238     
  0.14022772332600780       0.91282436156186919     
  0.14080010089420669       0.88074054278700986     
  0.14137481477702879       0.83384565986893011     
  0.14195187451077720       0.77397669984719086     
  0.14253128967068007       0.70339745704310874     
  0.14311306987104958       0.62470743285478825     
  0.14369722476544117       0.54074195981195650     
  0.14428376404681392       0.45446743972452153     
  0.14487269744769149       0.36887556813069883     
  0.14546403474032335       0.28688026313325199     
  0.14605778573684705       0.21122074029764765     
  0.14665396028945119       0.14437379415155888     
  0.14725256829053859        8.8477881036967757E-002
  0.14785361967289068        4.5271069263521008E-002
  0.14845712440983222        1.6044353013492451E-002
  0.14906309251539690        1.6112384095946907E-003
  0.14967153404449324        2.2939248027527941E-003
  0.15028245909307170        1.7925841296714234E-002
  0.15089587779829214        4.7869775276944554E-002
  0.15151180033869191        9.1050361143906883E-002
  0.15213023693435482       0.14599929556662797     
  0.15275119784708088       0.21091131929842535     
  0.15337469338055626       0.28370876072815704     
  0.15400073388052446       0.36211227558962727     
  0.15462932973495802       0.44371534039922089     
  0.15526049137423079       0.52606006132176419     
  0.15589422927129087       0.60671193997122774     
  0.15653055394183482       0.68333138579524100     
  0.15716947594448166       0.75373997219413014     
  0.15781100588094832       0.81597969018406102     
  0.15845515439622559       0.86836374822098927     
  0.15910193217875471       0.90951778835502861     
  0.15975134996060453       0.93841072576758822     
  0.16040341851764989       0.95437475988707210     
  0.16105814866975027       0.95711444027118930     
  0.16171555128092935       0.94670498979780970     
  0.16237563725955523       0.92358038307426027     
  0.16303841755852153       0.88851194231223873     
  0.16370390317542910       0.84257844058783526     
  0.16437210515276834       0.78712888924727686     
  0.16504303457810285       0.72373932953857512     
  0.16571670258425286       0.65416504709716461     
  0.16639312034948034       0.58028968180165663     
  0.16707229909767446       0.50407271611141480     
  0.16775425009853762       0.42749679478380986     
  0.16843898466777257       0.35251626128873759     
  0.16912651416727026       0.28100819552156170     
  0.16981685000529834       0.21472710840195053     
  0.17051000363669019       0.15526429689859064     
  0.17120598656303537       0.10401269345105719     
  0.17190481033287031        6.2137862260831747E-002
  0.17260648654186983        3.0555607002005363E-002
  0.17331102683303970        9.9164654468819596E-003
  0.17401844289690985        5.9718125303413749E-004
  0.17472874647172817        2.6990662060775127E-003
  0.17544194934365545        1.6053001512436584E-002
  0.17615806334696094        4.0230677648616556E-002
  0.17687710036421864        7.4561541520740945E-002
  0.17759907232650440       0.11815480933598557     
  0.17832399121359424       0.16992581504242643     
  0.17905186905416270       0.22862589821852819     
  0.17978271792598266       0.29287499203877615     
  0.18051654995612570       0.36119605098917290     
  0.18125337732116351       0.43205045842408385     
  0.18199321224736950       0.50387357446121683     
  0.18273606701092207       0.57510962334078009     
  0.18348195393810826       0.64424517415390792     
  0.18423088540552804       0.70984053746816711     
  0.18498287384029991       0.77055848037436903     
  0.18573793172026712       0.82518975129151295     
  0.18649607157420448       0.87267500091542682     
  0.18725730598202642       0.91212278444143047     
  0.18802164757499584       0.94282343018907888     
  0.18878910903593346       0.96425865871011529     
  0.18955970309942835       0.97610693225813727     
  0.19033344255204943       0.97824460525051005     
  0.19111034023255730       0.97074303041620957     
  0.19189040903211749       0.95386185131759449     
  0.19267366189451438       0.92803877875514407     
  0.19346011181636599       0.89387620538400259     
  0.19424977184733941       0.85212505913665060     
  0.19504265509036750       0.80366633146877930     
  0.19583877470186650       0.74949074098736790     
  0.19663814389195391       0.69067700687574551     
  0.19744077592466802       0.62836921010260305     
  0.19824668411818794       0.56375371428018994     
  0.19905588184505443       0.49803610296685419     
  0.19986838253239200       0.43241856706669685     
  0.20068419966213161       0.36807814574386599     
  0.20150334677123438       0.30614618799005011     
  0.20232583745191612       0.24768936076120701     
  0.20315168535187320       0.19369248454935473     
  0.20398090417450848       0.14504342949240484     
  0.20481350767915915       0.10252025573695052     
  0.20564950968132489        6.6780731797970477E-002
  0.20648892405289709        3.8354315084606107E-002
  0.20733176472238896        1.7636630484835242E-002
  0.20817804567516671        4.8864367369810362E-003
  0.20902778095368180        2.2502697837309144E-004
  0.20988098465770355        3.6379699623697807E-003
  0.21073767094455342        1.4979062478630102E-002
  0.21159785402933992        3.3976331893225339E-002
  0.21246154818519422        6.0239900732357465E-002
  0.21332876774350720        9.3271503048905968E-002
  0.21419952709416737       0.13247542501737611     
  0.21507384068579924       0.17717062978885523     
  0.21595172302600341       0.22660381900603427     
  0.21683318868159726       0.27996318035352680     
  0.21771825227885655       0.33639257185704152     
  0.21860692850375804       0.39500589904320954     
  0.21949923210222347       0.45490145017840466     
  0.22039517788036408       0.51517596722869763     
  0.22129478070472614       0.57493824550464978     
  0.22219805550253774       0.63332207273439411     
  0.22310501726195672       0.68949833809718852     
  0.22401568103231900       0.74268616309548918     
  0.22493006192438844       0.79216292860211679     
  0.22584817511060773       0.83727309555755747     
  0.22677003582534988       0.87743574019852466     
  0.22769565936517111       0.91215074798547446     
  0.22862506108906488       0.94100363320450808     
  0.22955825641871638       0.96366897322379852     
  0.23049526083875860       0.97991246729667580     
  0.23143608989702943       0.98959164937088551     
  0.23238075920482931       0.99265530237437760     
  0.23332928443718048       0.98914163772851205     
  0.23428168133308711       0.97917531825585713     
  0.23523796569579644       0.96296341510586636     
  0.23619815339306083       0.94079039975834267     
  0.23716226035740115       0.91301228055750394     
  0.23813030258637141       0.88004999958665209     
  0.23910229614282377       0.84238221005329217     
  0.24007825715517533       0.80053755678168259     
  0.24105820181767584       0.75508658299375475     
  0.24204214639067612       0.70663338540935738     
  0.24303010720089804       0.65580713694037085     
  0.24402210064170560       0.60325359203198647     
  0.24501814317337661       0.54962668417034966     
  0.24601825132337590       0.49558031838983968     
  0.24702244168662996       0.44176045394065772     
  0.24803073092580163       0.38879756378581753     
  0.24904313577156709       0.33729954845307808     
  0.25005967302289334       0.28784517213690958     
  0.25108035954731700       0.24097807898708648     
  0.25210521228122396       0.19720143738739948     
  0.25313424823013059       0.15697324986405450     
  0.25416748446896609       0.12070235620413113     
  0.25520493814235545        8.8745147532585639E-002
  0.25624662646490398        6.1402999604895904E-002
  0.25729256672148348        3.8920424520106127E-002
  0.25834277626751834        2.1483931533646489E-002
  0.25939727252927380        9.2215797235429831E-003
  0.26045607300414547        2.2031979995433587E-003
  0.26151919526094891        4.4124138943921285E-004
  0.26258665694021183        3.8922467266624319E-003
  0.26365847575446660        1.2458845821542178E-002
  0.26473466948854396        2.5992289937773253E-002
  0.26581525599986822        4.4295435917425088E-002
  0.26690025321875377        6.7126141594053237E-002
  0.26798967914870253        9.4201016186918618E-002
  0.26908355186670235       0.12519947015485156     
  0.27018188952352734       0.15976800847365757     
  0.27128471034403900       0.19752471144713418     
  0.27239203262748851       0.23806384792554794     
  0.27350387474782023       0.28096056713828926     
  0.27462025515397709       0.32577561719802334     
  0.27574119237020622       0.37206004064799525     
  0.27686670499636645       0.41935980014678831     
  0.27799681170823720       0.46722029045908836     
  0.27913153125782791       0.51519069629028613     
  0.28027088247368953       0.56282815911162631     
  0.28141488426122702       0.60970171991538935     
  0.28256355560301261       0.65539600876398496     
  0.28371691555910122       0.69951465600189322     
  0.28487498326734656       0.74168340403663202     
  0.28603777794371876       0.78155290261957200     
  0.28720531888262307       0.81880117452748757     
  0.28837762545721990       0.85313574242299772     
  0.28955471711974690       0.88429541142168699     
  0.29073661340184104       0.91205170548502523     
  0.29192333391486291       0.93620995916426419     
  0.29311489835022253       0.95661006941803750     
  0.29431132647970543       0.97312691519617567     
  0.29551263815580109       0.98567045520872787     
  0.29671885331203263       0.99418551677039513     
  0.29792999196328690       0.99865129081805093     
  0.29914607420614708       0.99908055013768149     
  0.30036712021922612       0.99551860950474147     
  0.30159315026350136       0.98804204783964644     
  0.30282418468265071       0.97675721361124412     
  0.30406024390339059       0.96179853559175421     
  0.30530134843581452       0.94332666168485313     
  0.30654751887373349       0.92152644892448388     
  0.30779877589501764       0.89660482788731488     
  0.30905514026193970       0.86878856468970889     
  0.31031663282151906       0.83832194346521161     
  0.31158327450586787       0.80546439175582440     
  0.31285508633253861       0.77048807061649149     
  0.31413208940487242       0.73367545044313520     
  0.31541430491234945       0.69531689260760288     
  0.31670175413094059       0.65570825593540016     
  0.31799445842346041       0.61514854590978996     
  0.31929243923992134       0.57393762324757136     
  0.32059571811789023       0.53237398718176110     
  0.32190431668284508       0.49075264742234898     
  0.32321825664853443       0.44936309736249569     
  0.32453755981733712       0.40848739966870407     
  0.32586224808062436       0.36839839395433910     
  0.32719234341912323       0.32935803479796771     
  0.32852786790328065       0.29161586694480796     
  0.32986884369363056       0.25540764313118219     
  0.33121529304116082       0.22095408860897991     
  0.33256723828768275       0.18845981512869711     
  0.33392470186620210       0.15811238587352100     
  0.33528770630129073       0.13008153163085825     
  0.33665627420946076       0.10451851734673370     
  0.33803042829953994        8.1555657139115542E-002
  0.33941019137304806        6.1305974851199423E-002
  0.34079558632457546        4.3863006309266456E-002
  0.34218663614216327        2.9300738613922336E-002
  0.34358336390768413        1.7673681039766020E-002
  0.34498579279722608        9.0170614477995542E-003
  0.34639394608147639        3.3471415271755693E-003
  0.34780784712610791        6.6164367735625025E-004
  0.34922751939216706        9.4028191744115501E-004
  0.35065298643646264        4.1453888642456280E-003
  0.35208427191195729        1.0222630552495497E-002
  0.35352139956815942        1.9101800676373289E-002
  0.35496439325151735        3.0697685708498647E-002
  0.35641327690581565        4.4910992296695672E-002
  0.35786807457257153        6.1629328346771095E-002
  0.35932881039143427        8.0728229267119783E-002
  0.36079550860058590       0.10207222097379465     
  0.36226819353714296       0.12551591142874444     
  0.36374688963756052       0.15090510270446333     
  0.36523162143803800       0.17807791583105617     
  0.36672241357492547       0.20686592098207407     
  0.36821929078513355       0.23709526588912383     
  0.36972227790654283       0.26858779573748520     
  0.37123139987841652       0.30116215818181330     
  0.37274668174181458       0.33463488752813741     
  0.37426814864000829       0.36882146255135040     
  0.37579582581889864       0.40353733285338100     
  0.37732973862743413       0.43859890911072186     
  0.37886991251803198       0.47382451300969303     
  0.38041637304700071       0.50903528311832102     
  0.38196914587496344       0.54405603339312492     
  0.38352825676728425       0.57871606146445387     
  0.38509373159449567       0.61284990428186636     
  0.38666559633272773       0.64629803912998862     
  0.38824387706413899       0.67890752844230917     
  0.38982859997734975       0.71053260724388578     
  0.39141979136787586       0.74103521244215964     
  0.39301747763856587       0.77028545355632927     
  0.39462168530003849       0.79816202482883214     
  0.39623244097112265       0.82455255899635327     
  0.39784977137929967       0.84935392331131210     
  0.39947370336114574       0.87247245869754686     
  0.40110426386277853       0.89382416319521052     
  0.40274147994030307       0.91333482109934039     
  0.40438537876026137       0.93094007942422030     
  0.40603598760008325       0.94658547353114719     
  0.40769333384853856       0.96022640394094938     
  0.40935744500619187       0.97182806651465825     
  0.41102834868585908       0.98136533832657769     
  0.41270607261306486       0.98882262167392887     
  0.41439064462650332       0.99419364876712124     
  0.41608209267850005       0.99748124972485464     
  0.41778044483547516       0.99869708655968226     
  0.41948572927840988       0.99786135588303382     
  0.42119797430331363       0.99500246308484797     
  0.42291720832169355       0.99015667075291847     
  0.42464345986102636       0.98336772409161788     
  0.42637675756523108       0.97468645607990756     
  0.42811713019514508       0.96417037507536707     
  0.42986460662900056       0.95188323752550785     
  0.43161921586290408       0.93789460839069239     
  0.43338098701131811       0.92227941181581152     
  0.43514994930754325       0.90511747451124691     
  0.43692613210420378       0.88649306421871943     
  0.43870956487373508       0.86649442554526190     
  0.44050027720887197       0.84521331534976052     
  0.44229829882313998       0.82274453976218498     
  0.44410365955134889       0.79918549480665846     
  0.44591638935008682       0.77463571248680219     
  0.44773651829821842       0.74919641407601012     
  0.44956407659738296       0.72297007223752041     
  0.45139909457249600       0.69605998347975384     
  0.45324160267225266       0.66856985233238619     
  0.45509163146963244       0.64060338850850140     
  0.45694921166240710       0.61226391819851655     
  0.45881437407364939       0.58365401052324706     
  0.46068714965224478       0.55487512005649964     
  0.46256756947340538       0.52602724621297936     
  0.46445566473918498       0.49720861018516016     
  0.46635146677899686       0.46851535000355971     
  0.46825500705013429       0.44004123418903085     
  0.47016631713829160       0.41187739436358356     
  0.47208542875808879       0.38411207708770323     
  0.47401237375359806       0.35683041509833963     
  0.47594718409887132       0.33011421803166763     
  0.47788989189847175       0.30404178262957765     
  0.47984052938800570       0.27868772234825018     
  0.48179912893465782       0.25412281621125815     
  0.48376572303772875       0.23041387667858121     
  0.48574034432917323       0.20762363623679497     
  0.48772302557414277       0.18581065235427802     
  0.48971379967152823       0.16502923038890038     
  0.49171269965450648       0.14532936398403645     
  0.49371975869108847       0.12675669244179202     
  0.49573501008466908       0.10935247452032372     
  0.49775848727458005        9.3153578064433612E-002
  0.49979022383664523        7.8192484845691121E-002
  0.50183025348373689        6.4497309959585761E-002
  0.50387861006633561        5.2091835102780877E-002
  0.50593532757309234        4.0995555033249455E-002
  0.50800044013139123        3.1223736499591488E-002
  0.51007398200791731        2.2787488913261544E-002
  0.51215598760922409        1.5693846028377281E-002
  0.51424649148230461        9.9458578881752510E-003
  0.51634552831516523        5.5426922948334425E-003
  0.51845313293740036        2.4797450600798979E-003
  0.52056934032077162        7.4875829758588950E-004
  0.52269418557978653        3.3794602441909456E-004
  0.52482770397228251        1.2321263475980867E-003
  0.52696993090001132        3.4128595229007859E-003
  0.52912090190922667        6.8585911862920615E-003
  0.53128065269127367        1.1544800073533142E-002
  0.53344921908318188        1.7444149560486753E-002
  0.53562663706825886        2.4526642375204993E-002
  0.53781294277668812        3.2759777852862763E-002
  0.54000817248612853        4.2108711125898604E-002
  0.54221236262231554        5.2536413664038023E-002
  0.54442554975966673        6.4003834602268106E-002
  0.54664777062188774        7.6470062318888643E-002
  0.54887906208258186        8.9892485750614065E-002
  0.55111946116586275       0.10422695495699402     
  0.55336900504696696       0.11942794047212085     
  0.55562773105287300       0.13544869100764098     
  0.55789567666291884       0.15224138909714630     
  0.56017287950942463       0.16975730429832747     
  0.56245937737831742       0.18794694359537520     
  0.56475520820975744       0.20676019867005216     
  0.56706041009876806       0.22614648973577794     
  0.56937502129586803       0.24605490565439084     
  0.57169908020770599       0.26643434008033440     
  0.57403262539769728       0.28723362340165054     
  0.57637569558666502       0.30840165027121313     
  0.57872832965348131       0.32988750254507143     
  0.58109056663571335       0.35164056746772454     
  0.58346244573027040       0.37361065096617196     
  0.58584400629405475       0.39574808593624589     
  0.58823528784461476       0.41800383542519942     
  0.59063633006079996       0.44032959063464017     
  0.59304717278342045       0.46267786368688330     
  0.59546785601590702       0.48500207511615173     
  0.59789841992497528       0.50725663606344740     
  0.60033890484129260       0.52939702517056275     
  0.60278935126014666       0.55137986018432461     
  0.60524979984211758       0.57316296429720293     
  0.60772029141375294       0.59470542726416120     
  0.61020086696824494       0.61596766134902114     
  0.61269156766611022       0.63691145216570666     
  0.61519243483587394       0.65750000449121393     
  0.61770350997475421       0.67769798313778873     
  0.62022483474935197       0.69747154898148289     
  0.62275645099634114       0.71678839025326091     
  0.62529840072316345       0.73561774920701961     
  0.62785072610872605       0.75393044428616862     
  0.63041346950409982       0.77169888791724373     
  0.63298667343322390       0.78889710006470215     
  0.63557038059361004       0.80550071768650600     
  0.63816463385705124       0.82148700023438215     
  0.64076947627033398       0.83683483134672076     
  0.64338495105595150       0.85152471688514408     
  0.64601110161282127       0.86553877946850855     
  0.64864797151700582       0.87886074966010341     
  0.65129560452243462       0.89147595396531343     
  0.65395404456163087       0.90337129979798236     
  0.65662333574644061       0.91453525757420717     
  0.65930352236876377       0.92495784009223536     
  0.66199464890129045       0.93463057935678906     
  0.66469675999823752       0.94354650100516013     
  0.66740990049609028       0.95170009649128640     
  0.67013411541434675       0.95908729318232566     
  0.67286944995626363       0.96570542252030078     
  0.67561594950960757       0.97155318639916266     
  0.67837365964740748       0.97663062190499061     
  0.68114262612871068       0.98093906456430746     
  0.68392289489934310       0.98448111024232354     
  0.68671451209267076       0.98726057582974946     
  0.68951752403036504       0.98928245885322430     
  0.69233197722317286       0.99055289614084474     
  0.69515791837168661       0.99107912167039136     
  0.69799539436711988       0.99086942372394593     
  0.70084445229208592       0.98993310146850255     
  0.70370513942137802       0.98828042107803105     
  0.70657750322275481       0.98592257150816287     
  0.70946159135772713       0.98287162003041884     
  0.71235745168234910       0.97914046762846563     
  0.71526513224801314       0.97474280435455696     
  0.71818468130224533       0.96969306473984807     
  0.72111614728950835       0.96400638334787203     
  0.72405957885200312       0.95769855055604625     
  0.72701502483047720       0.95078596864565745     
  0.72998253426503557       0.94328560827642527     
  0.73296215639595286       0.93521496541738047     
  0.73595394066449149       0.92659201880151421     
  0.73895793671372234       0.91743518796743162     
  0.74197419438934753       0.90776329194704475     
  0.74500276374052765       0.89759550865428528     
  0.74804369502071344       0.88695133502572976     
  0.75109703868847777       0.87585054796016371     
  0.75416284540835488       0.86431316610023301     
  0.75724116605167924       0.85235941249555813     
  0.76033205169743068       0.84000967818306083     
  0.76343555363308235       0.82728448671670940     
  0.76655172335545019       0.81420445967540367     
  0.76968061257154952       0.80079028317442258     
  0.77282227319945096       0.78706267540262509     
  0.77597675736914307       0.77304235520445763     
  0.77914411742339751       0.75875001172283918     
  0.78232440591863694       0.74420627511614723     
  0.78551767562580699       0.72943168835968430     
  0.78872397953125306       0.71444668013942048     
  0.79194337083759792       0.69927153884326676     
  0.79517590296462559       0.68392638765265490     
  0.79842162955016782       0.66843116073498932     
  0.80168060445099321       0.65280558053527638     
  0.80495288174370172       0.63706913616321492     
  0.80823851572562166       0.62124106287000069     
  0.81153756091571005       0.60534032260734771     
  0.81485007205545901       0.58938558565936983     
  0.81817610410980179       0.57339521333646237     
  0.82151571226802678       0.55738724171864951     
  0.82486895194469190       0.54137936643457185     
  0.82823587878054472       0.52538892846085716     
  0.83161654864344625       0.50943290092545934     
  0.83501101762929653       0.49352787689737276     
  0.83841934206296653       0.47769005814412480     
  0.84184157849923302       0.46193524483744031     
  0.84527778372371576       0.44627882618670633     
  0.84872801475382054       0.43073577197897817     
  0.85219232883968588       0.41532062500363104     
  0.85567078346513115       0.40004749433915587     
  0.85916343634861292       0.38493004947899900     
  0.86267034544418009       0.36998151527294615     
  0.86619156894243732       0.35521466766004473     
  0.86972716527151039       0.34064183016888078     
  0.87327719309801433       0.32627487116060616     
  0.87684171132802924       0.31212520178996978     
  0.88042077910807537       0.29820377465949977     
  0.88401445582609561       0.28452108314178814     
  0.88762280111244185       0.27108716134486244     
  0.89124587484086226       0.25791158469565040     
  0.89488373712949654       0.24500347111649778     
  0.89853644834187318       0.23237148276992506     
  0.90220406908791040       0.22002382834687106     
  0.90588666022492215       0.20796826587386902     
  0.90958428285862880       0.19621210601482231     
  0.91329699834416944       0.18476221584332575     
  0.91702486828712149       0.17362502306169200     
  0.92076795454452198       0.16280652064325360     
  0.92452631922589401       0.15231227187475491     
  0.92830002469427830       0.14214741577608980     
  0.93208913356726641       0.13231667287500568     
  0.93589370871804145       0.12282435131477321     
  0.93971381327641990       0.11367435327332404     
  0.94354951062989978       0.10487018167272674     
  0.94740086442471305        9.6414947158401001E-002
  0.95126793856688030        8.8311375327910682E-002
  0.95515079722327212        8.0561814189664765E-002
  0.95904950482267404        7.3168241832392455E-002
  0.96296412605685466        6.6132274286719916E-002
  0.96689472588163972        5.9455173560722142E-002
  0.97084136951799027        5.3137855831851960E-002
  0.97480412245308368        4.7180899778149640E-002
  0.97878305044140190        4.1584555032188594E-002
  0.98277821950582100        3.6348750741752166E-002
  0.98678969593870736        3.1473104221748677E-002
  0.99081754630301844        2.6956929682424618E-002
  0.99486183743340539        2.2799247019474878E-002
  0.99892263643732426        1.8998790652162922E-002
   1.0030000106961476        1.5554018396113874E-002
   1.0070940278662834        1.2463120357958803E-002
   1.0112047558802988        9.7240278395343775E-003
   1.0153322629480441        7.3344222398649657E-003
   1.0194766175577885        5.2917439436541355E-003
   1.0236378884773538        3.5932011855315960E-003
   1.0278161447552574        2.2357788797936974E-003
   1.0320114557218547        1.2162474058669231E-003
   1.0362238909904942        5.3117134020892027E-004
   1.0404535204586696        1.7691812583784240E-004
   1.0447004143091787        1.4966667114567328E-004
   1.0489646430112913        4.4541587010839430E-004
   1.0532462773219167        1.0599930364563459E-003
   1.0575453882867758        1.9890622448023023E-003
   1.0618620472415838        3.2281325721580110E-003
   1.0661963258132321        4.7725662336842506E-003
   1.0705482959209747        6.6175866069271994E-003
   1.0749180297776255        8.7582861391955341E-003
   1.0793055998907541        1.1189634133113557E-002
   1.0837110790638902        1.3906484405763600E-002
   1.0881345403977287        1.6903582817197046E-002
   1.0925760572913470        2.0175574664446062E-002
   1.0970357034434204        2.3717011937514774E-002
   1.1015135528534441        2.7522360434145875E-002
   1.1060096798229635        3.1586006730507113E-002
   1.1105241589568067        3.5902265005227217E-002
   1.1150570651643195        4.0465383714514282E-002
   1.1196084736606120        4.5269552116400685E-002
   1.1241784599678060        5.0308906642403721E-002
   1.1287670999162849        5.5577537115172847E-002
   1.1333744696459565        6.1069492810976962E-002
   1.1380006456075142        6.6778788366071748E-002
   1.1426457045637044        7.2699409526287992E-002
   1.1473097235906025        7.8825318739362757E-002
   1.1519927800788912        8.5150460589781790E-002
   1.1566949517351428        9.1668767076072688E-002
   1.1614163165831117        9.8374162730732684E-002
   1.1661569529650266       0.10526056958311850     
   1.1709169395428922       0.11232191196583068     
   1.1756963552997917       0.11955212116527464     
   1.1804952795412009       0.12694513991727541     
   1.1853137918963028       0.13449492674872335     
   1.1901519723193061       0.14219546016641749     
   1.1950099010907769       0.15004074269439327     
   1.1998876588189678       0.15802480476113004     
   1.2047853264411541       0.16614170843818099     
   1.2097029852249803       0.17438555103187356     
   1.2146407167698074       0.18275046852981641     
   1.2195986030080641       0.19123063890404990     
   1.2245767262066105       0.19982028527281029     
   1.2295751689681005       0.20851367892288325     
   1.2345940142323542       0.21730514219466968     
   1.2396333452777308       0.22618905123212224     
   1.2446932457225151       0.23515983859979259     
   1.2497737995263021       0.24421199576925559     
   1.2548750909913893       0.25334007547729204     
   1.2599972047641785       0.26253869395818807     
   1.2651402258365791       0.27180253305260144     
   1.2703042395474162       0.28112634219546495     
   1.2754893315838498       0.29050494028543516     
   1.2806955879827961       0.29993321743840740     
   1.2859230951323521       0.30940613662766298     
   1.2911719397732333       0.31891873521322306     
   1.2964422090002106       0.32846612636300204     
   1.3017339902635547       0.33804350036834796     
   1.3070473713704895       0.34764612585660964     
   1.3123824404866489       0.35726935090330547     
   1.3177392861375357       0.36690860404654219     
   1.3231179972099965       0.37655939520627979     
   1.3285186629536925       0.38621731651104491     
   1.3339413729825829       0.39587804303471097     
   1.3393862172764077       0.40553733344589266     
   1.3448532861821869       0.41519103057258061     
   1.3503426704157151       0.42483506188452674     
   1.3558544610630672       0.43446543989593805     
   1.3613887495821120       0.44407826249100091     
   1.3669456278040288       0.45366971317471783     
   1.3725251879348284       0.46323606125152195     
   1.3781275225568879       0.47277366193415127     
   1.3837527246304846       0.48227895638514023     
   1.3894008874953359       0.49174847169334585     
   1.3950721048721533       0.50117882078788578     
   1.4007664708641934       0.51056670229174894     
   1.4064840799588225       0.51990890031743664     
   1.4122250270290799       0.52920228420682236     
   1.4179894073352572       0.53844380821750804     
   1.4237773165264773       0.54763051115781858     
   1.4295888506422783       0.55675951597258799     
   1.4354241061142121       0.56582802928185727     
   1.4412831797674421       0.57483334087453131     
   1.4471661688223481       0.58377282315903412     
   1.4530731708961429       0.59264393057295417     
   1.4590042840044910       0.60144419895361856     
   1.4649596065631323       0.61017124487149810     
   1.4709392373895191       0.61882276492833110     
   1.4769432757044543       0.62739653502177695     
   1.4829718211337348       0.63589040957836673     
   1.4890249737098105       0.64430232075653715     
   1.4951028338734396       0.65263027762140147     
   1.5012055024753554       0.66087236529294435     
   1.5073330807779428       0.66902674406926343     
   1.5134856704569155       0.67709164852639880     
   1.5196633736030056       0.68506538659634197     
   1.5258662927236537       0.69294633862465838     
   1.5320945307447145       0.70073295640923172     
   1.5383481910121630       0.70842376222150749     
   1.5446273772938062       0.71601734781161608     
   1.5509321937810101       0.72351237339873364     
   1.5572627450904259       0.73090756664793843     
   1.5636191362657244       0.73820172163484432     
   1.5700014727793419       0.74539369779921627     
   1.5764098605342303       0.75248241888875311     
   1.5828444058656099       0.75946687189417406     
   1.5893052155427401       0.76634610597671071     
   1.5957923967706868       0.77311923138908101     
   1.6023060571921037       0.77978541839096427     
   1.6088463048890147       0.78634389615997569     
   1.6154132483846122       0.79279395169910849     
   1.6220069966450557       0.79913492874156411     
   1.6286276590812767       0.80536622665384616     
   1.6352753455508005       0.81148729933800978     
   1.6419501663595648       0.81749765413386433     
   1.6486522322637496       0.82339685072192736     
   1.6553816544716176       0.82918450002790256     
   1.6621385446453594       0.83486026312940520     
   1.6689230149029417       0.84042385016563004     
   1.6757351778199741       0.84587501925064490     
   1.6825751464315746       0.85121357539094633     
   1.6894430342342412       0.85643936940787990     
   1.6963389551877424       0.86155229686553714     
   1.7032630237170037       0.86655229700465775     
   1.7102153547140044       0.87143935168308961     
   1.7171960635396897       0.87621348432330537     
   1.7242052660258809       0.88087475886746336     
   1.7312430784771990       0.88542327874044868     
   1.7383096176729915       0.88985918582135914     
   1.7454050008692747       0.89418265942382125     
   1.7525293458006783       0.89839391528552548     
   1.7596827706823941       0.90249320456735516     
   1.7668653942121444       0.90648081286244520     
   1.7740773355721486       0.91035705921548904     
   1.7813187144310982       0.91412229515260512     
   1.7885896509461472       0.91777690372203580     
   1.7958902657649043       0.92132129854594425     
   1.8032206800274309       0.92475592288355768     
   1.8105810153682576       0.92808124870587150     
   1.8179713939183981       0.93129777578214457     
   1.8253919383073787       0.93440603077834661     
   1.8328427716652678       0.93740656636776043     
   1.8403240176247260       0.94029996035389196     
   1.8478358003230537       0.94308681480581213     
   1.8553782444042495       0.94576775520609369     
   1.8629514750210820       0.94834342961143003     
   1.8705556178371661       0.95081450782605614     
   1.8781907990290427       0.95318168058803920     
   1.8858571452882809       0.95544565876854171     
   1.8935547838235744       0.95760717258409644     
   1.9012838423628520       0.95966697082194818     
   1.9090444491554013       0.96162582007852104     
   1.9168367329739937       0.96348450401100671     
   1.9246608231170197       0.96524382260212704     
   1.9325168494106386       0.96690459143805185     
   1.9404049422109304       0.96846764099948124     
   1.9483252324060565       0.96993381596588490     
   1.9562778514184365       0.97130397453286843     
   1.9642629312069249       0.97257898774264662     
   1.9722806042690040       0.97375973882758238     
   1.9803310036429771       0.97484712256674666     
   1.9884142629101824       0.97584204465544944     
   1.9965305161972071       0.97674542108768703     
   2.0046798981781091       0.97755817755141861     
   2.0128625440766581       0.97828124883663670     
   2.0210785896685763       0.97891557825611630     
   2.0293281712837890       0.97946211707877828     
   2.0376114258086915       0.97992182397557737     
   2.0459284906884188       0.98029566447780736     
   2.0542795039291217       0.98058461044774181     
   2.0626646041002639       0.98078963956148602     
   2.0710839303369175       0.98091173480395066     
   2.0795376223420732       0.98095188397581523     
   2.0880258203889532       0.98091107921238174     
   2.0965486653233478       0.98079031651418991     
   2.1051062985659468       0.98059059528926418     
   2.1136988621146831       0.98031291790688435     
   2.1223264985470975       0.97995828926272455     
   2.1309893510226989       0.97952771635525493     
   2.1396875632853374       0.97902220787324801     
   2.1484212796655959       0.97844277379426814     
   2.1571906450831819       0.97779042499399793     
   2.1659958050493291       0.97706617286626463     
   2.1748369056692178       0.97627102895360907     
   2.1837140936443968       0.97540600458828708     
   2.1926275162752127       0.97447211054351046     
   2.2015773214632635       0.97347035669482262     
   2.2105636577138457       0.97240175169143173     
   2.2195866741384194       0.97126730263737937     
   2.2286465204570853       0.97006801478235893     
   2.2377433470010675       0.96880489122207281     
   2.2468773047152077       0.96747893260795126     
   2.2560485451604677       0.96609113686608883     
   2.2652572205164492       0.96464249892525167     
   2.2745034835839171       0.96313401045379743     
   2.2837874877873303       0.96156665960536325     
   2.2931093871773944       0.95994143077316074     
   2.3024693364336155       0.95825930435273921     
   2.3118674908668622       0.95652125651305708     
   2.3213040064219506       0.95472825897571112     
   2.3307790396802273       0.95288127880218210     
   2.3402927478621649       0.95098127818893929     
   2.3498452888299783       0.94902921427025311     
   2.3594368210902377       0.94702603892858184     
   2.3690675037965030       0.94497269861236544     
   2.3787374967519588       0.94287013416109988     
   2.3884469604120731       0.94071928063753019     
   2.3981960558872570       0.93852106716683104     
   2.4079849449455333       0.93627641678262319     
   2.4178137900152290       0.93398624627968274     
   2.4276827541876669       0.93165146607321259     
   2.4375920012198664       0.92927298006452530     
   2.4475416955372706       0.92685168551300334     
   2.4575320022364697       0.92438847291420112     
   2.4675630870879357       0.92188422588395014     
   2.4776351165387829       0.91933982104833312     
   2.4877482577155234       0.91675612793939631     
   2.4979026784268394       0.91413400889647001     
   2.5080985471663721       0.91147431897295661     
   2.5183360331155162       0.90877790584847395     
   2.5286153061462220       0.90604560974621273     
   2.5389365368238228       0.90327826335539152     
   2.5492998964098588       0.90047669175868317     
   2.5597055568649218       0.89764171236448298     
   2.5701536908515048       0.89477413484391588     
   2.5806444717368717       0.89187476107244057     
   2.5911780735959340       0.88894438507595419     
   2.6017546712141315       0.88598379298126739     
   2.6123744400903441       0.88299376297084387     
   2.6230375564397970       0.87997506524168934     
   2.6337441971969815       0.87692846196827778     
   2.6444945400185995       0.87385470726940695     
   2.6552887632865070       0.87075454717888012     
   2.6661270461106703       0.86762871961990351     
   2.6770095683321458       0.86447795438309138     
   2.6879365105260575       0.86130297310799242     
   2.6989080540045989       0.85810448926801663     
   2.7099243808200328       0.85488320815868080     
   2.7209856737677236       0.85163982688906259     
   2.7320921163891634       0.84837503437638073     
   2.7432438929750149       0.84508951134359278     
   2.7544411885681774       0.84178393031993548     
   2.7656841889668535       0.83845895564429296     
   2.7769730807276272       0.83511524347133803     
   2.7883080511685678       0.83175344178032762     
   2.7996892883723348       0.82837419038647386     
   2.8111169811892935       0.82497812095483813     
   2.8225913192406575       0.82156585701660678     
   2.8341124929216317       0.81813801398772545     
   2.8456806934045655       0.81469519918978128     
   2.8572961126421350       0.81123801187305933     
   2.8689589433705232       0.80776704324170656     
   2.8806693791126143       0.80428287648091901     
   2.8924276141812122       0.80078608678608854     
   2.9042338436822610       0.79727724139382239     
   2.9160882635180831       0.79375689961479046     
   2.9279910703906258       0.79022561286830661     
   2.9399424618047334       0.78668392471859061     
   2.9519426360714194       0.78313237091264154     
   2.9639917923111532       0.77957147941966609     
   2.9760901304571732       0.77600177047198415     
   2.9882378512587997       0.77242375660736218     
   3.0004351562847607       0.76883794271271433     
   3.0126822479265480       0.76524482606910127     
   3.0249793294017673       0.76164489639798982     
   3.0373266047575087       0.75803863590869813     
   3.0497242788737404       0.75442651934697913     
   3.0621725574667020       0.75080901404469236     
   3.0746716470923223       0.74718657997051208     
   3.0872217551496384       0.74355966978161048     
   3.0998230898842483       0.73992872887628269     
   3.1124758603917613       0.73629419544745045     
   3.1251802766212617       0.73265650053700837     
   3.1379365493788032       0.72901606809096398     
   3.1507448903309023       0.72537331501531599     
   3.1636055120080444       0.72172865123265284     
   3.1765186278082207       0.71808247973939721     
   3.1894844520004644       0.71443519666368038     
   3.2025031997284015       0.71078719132379420     
   3.2155750870138298       0.70713884628718682     
   3.2287003307602982       0.70349053742995404     
   3.2418791487567020       0.69984263399681101     
   3.2551117596809069       0.69619549866147312     
   3.2683983831033703       0.69254948758745571     
   3.2817392394907818       0.68890495048921674     
   3.2951345502097307       0.68526223069363457     
   3.3085845375303724       0.68162166520178036     
   3.3220894246301196       0.67798358475095777     
   3.3356494355973410       0.67434831387697158     
   3.3492647954350852       0.67071617097660463     
   3.3629357300648142       0.66708746837027133     
   3.3766624663301439       0.66346251236481946     
   3.3904452320006189       0.65984160331644992     
   3.4042842557754875       0.65622503569373858     
   3.4181797672874907       0.65261309814072421     
   3.4321319971066844       0.64900607354004536     
   3.4461411767442565       0.64540423907609423     
   3.4602075386563675       0.64180786629817987     
   3.4743313162480152       0.63821722118365876     
   3.4885127438769019       0.63463256420102709     
   3.5027520568573265       0.63105415037294710     
   3.5170494914640815       0.62748222933919096     
   3.5314052849363842       0.62391704541947590     
   3.5458196754818094       0.62035883767617916     
   3.5602929022802345       0.61680783997691813     
   3.5748252054878202       0.61326428105695863     
   3.5894168262409902       0.60972838458146439     
   3.6040680066604258       0.60620036920754594     
   3.6187789898550959       0.60268044864610615     
   3.6335500199262847       0.59916883172346347     
   3.6483813419716364       0.59566572244274141     
   3.6632732020892336       0.59217132004500739     
   3.6782258473816740       0.58868581907014816     
   3.6932395259601685       0.58520940941747568     
   3.7083144869486642       0.58174227640603271     
   3.7234509804879772       0.57828460083461353     
   3.7386492577399353       0.57483655904146735     
   3.7539095708915569       0.57139832296367599     
   3.7692321731592284       0.56797006019621121     
   3.7846173187929102       0.56455193405063975     
   3.8000652630803460       0.56114410361348532     
   3.8155762623513128       0.55774672380422574     
   3.8311505739818670       0.55435994543292477     
   3.8467884563986092       0.55098391525749202     
   3.8624901690829847       0.54761877604054543     
   3.8782559725755825       0.54426466660589889     
   3.8940861284804527       0.54092172189464227     
   3.9099808994694594       0.53759007302081652     
   3.9259405492866346       0.53426984732668215     
   3.9419653427525452       0.53096116843757024     
   3.9580555457687030       0.52766415631630814     
   3.9742114253219660       0.52437892731722091     
   3.9904332494889743       0.52110559423970026     
   4.0067212874405893       0.51784426638133674     
   4.0230758094463717       0.51459504959060853     
   4.0394970868790629       0.51135804631912962     
   4.0559853922190783       0.50813335567344764     
   4.0725409990590427       0.50492107346638893     
   4.0891641821083224       0.50172129226795059     
   4.1058552171975808       0.49853410145573557     
   4.1226143812833644       0.49535958726492341     
   4.1394419524526915       0.49219783283778329     
   4.1563382099276636       0.48904891827272123     
   4.1733034340701094       0.48591292067285879     
   4.1903379063862296       0.48278991419414580     
   4.2074419095312638       0.47967997009300561     
   4.2246157273141920       0.47658315677350321     
   4.2418596447024361       0.47349953983405274     
   4.2591739478265858       0.47042918211363893     
   4.2765589239851547       0.46737214373757985     
   4.2940148616493437       0.46432848216280576     
   4.3115420504678283       0.46129825222266985     
   4.3291407812715565       0.45828150617128460     
   4.3468113460785895       0.45527829372738454     
   4.3645540380989400       0.45228866211771562     
   4.3823691517394279       0.44931265611995452     
   4.4002569826085844       0.44635031810515019     
   4.4182178275215458       0.44340168807970287     
   4.4362519845049730       0.44046680372686492     
   4.4543597528020111       0.43754570044777591     
   4.4725414328772475       0.43463841140203080     
   4.4907973264216903       0.43174496754777975     
   4.5091277363577875       0.42886539768136145     
   4.5275329668444471       0.42599972847647516     
   4.5460133232820850       0.42314798452288782     
   4.5645691123176864       0.42031018836468542     
   4.5832006418499045       0.41748636053805777     
   4.6019082210341660       0.41467651960863550     
   4.6206921602877928       0.41188068220836760     
   4.6395527712951647       0.40909886307194426     
   4.6584903670128890       0.40633107507277666     
   4.6775052616749795       0.40357732925852213     
   4.6965977707980926       0.40083763488616608     
   4.7157682111867478       0.39811199945666298     
   4.7350169009385850       0.39540042874913151     
   4.7543441594496505       0.39270292685461866     
   4.7737503074196939       0.39001949620942117     
   4.7932356668574805       0.38735013762798148     
   4.8128005610861475       0.38469485033534956     
   4.8324453147485658       0.38205363199921599     
   4.8521702538127149       0.37942647876152885     
   4.8719757055771122       0.37681338526968006     
   4.8918619986762248       0.37421434470727949     
   4.9118294630859394       0.37162934882451437     
   4.9318784301290162       0.36905838796809282     
   4.9520092324806102       0.36650145111078297     
   4.9722222041737796       0.36395852588054045     
   4.9925176806050207       0.36142959858924206     
   5.0128959985398502       0.35891465426101232     
   5.0333574961183860       0.35641367666015711     
   5.0539025128609465       0.35392664831870746     
   5.0745313896737043       0.35145355056356820     
   5.0952444688543324       0.34899436354328361     
   5.1160420940976774       0.34654906625442367     
   5.1369246105014765       0.34411763656758576     
   5.1578923645720769       0.34170005125302055     
   5.1789457042301867       0.33929628600589168     
   5.2000849788166388       0.33690631547115973     
   5.2213105390982024       0.33453011326810361     
   5.2426227372734004       0.33216765201447807     
   5.2640219269783390       0.32981890335031794     
   5.2855084632925946       0.32748383796137787     
   5.3070827027450962       0.32516242560223030     
   5.3287450033200381       0.32285463511900614     
   5.3504957244628288       0.32056043447179944     
   5.3723352270860527       0.31827979075672358     
   5.3942638735754480       0.31601267022763502     
   5.4162820277959387       0.31375903831751695     
   5.4383900550976607       0.31151885965953935     
   5.4605883223220175       0.30929209810778663     
   5.4828771978077846       0.30707871675766246     
   5.5052570513972130       0.30487867796597518     
   5.5277282544421542       0.30269194337070565     
   5.5502911798102446       0.30051847391046393     
   5.5729462018910780       0.29835822984362992     
   5.5956936966024218       0.29621117076719594     
   5.6185340413964466       0.29407725563529985     
   5.6414676152660075       0.29195644277746002     
   5.6644947987509173       0.28984868991651674     
   5.6876159739442613       0.28775395418627719     
   5.7108315244987482       0.28567219214887285     
   5.7341418356330687       0.28360335981183010     
   5.7575472941382806       0.28154741264486072     
   5.7810482883842447       0.27950430559636735     
   5.8046452083260549       0.27747399310967918     
   5.8283384455105089       0.27545642913901097     
   5.8521283930826149       0.27345156716515362     
   5.8760154457921070       0.27145936021089889     
