  0.10000000000000001       0.42203362629063590     
  0.10040817718110437       0.43094850584947209     
  0.10081802044832047       0.43186482936320669     
  0.10122953660223166       0.42476921028035852     
  0.10164273247117964       0.41021100187542525     
  0.10205761491137796       0.38924641025627194     
  0.10247419080702558       0.36334950054141557     
  0.10289246707042120       0.33429781343264509     
  0.10331245064207799       0.30404164909034592     
  0.10373414849083867       0.27456670610400369     
  0.10415756761399117       0.24775969078720048     
  0.10458271503738485       0.22528578958240686     
  0.10500959781554686       0.20848561908916408     
  0.10543822303179938       0.19829755882847211     
  0.10586859779837712       0.19520937561543159     
  0.10630072925654524       0.19924091781418421     
  0.10673462457671801       0.20995754255744001     
  0.10717029095857759       0.22651197652413690     
  0.10760773563119364       0.24771061788478738     
  0.10804696585314330       0.27209895390621225     
  0.10848798891263144       0.29805985570869109     
  0.10893081212761184       0.32391804756189180     
  0.10937544284590843       0.34804403097335879     
  0.10982188844533726       0.36895114374790083     
  0.11027015633382903       0.38538019749023211     
  0.11072025394955184       0.39636719158224182     
  0.11117218876103470       0.40129086298886107     
  0.11162596826729153       0.39989820868341736     
  0.11208159999794542       0.39230752029890797     
  0.11253909151335369       0.37898981349951411     
  0.11299845040473337       0.36073074233625024     
  0.11345968429428700       0.33857610007440819     
  0.11392280083532935       0.31376477748623238     
  0.11438780771241415       0.28765354977084046     
  0.11485471264146174       0.26163828417058621     
  0.11532352336988719       0.23707610886247282     
  0.11579424767672861       0.21521278166305433     
  0.11626689337277650       0.19711897882446427     
  0.11674146830070313       0.18363853353463808     
  0.11721798033519278       0.17535084071137372     
  0.11769643738307244       0.17254876225459123     
  0.11817684738344295       0.17523246778532875     
  0.11865921830781066       0.18311877960501255     
  0.11914355816021997       0.19566480112652784     
  0.11962987497738581       0.21210393183949319     
  0.12011817682882717       0.23149183663298645     
  0.12060847181700105       0.25275956110966658     
  0.12110076807743671       0.27477077577313402     
  0.12159507377887094       0.29638008970530261     
  0.12209139712338332       0.31648948911811448     
  0.12258974634653247       0.33410021120935829     
  0.12309012971749274       0.34835773649232971     
  0.12359255553919130       0.35858804643329772     
  0.12409703214844603       0.36432381856574958     
  0.12460356791610375       0.36531978819624744     
  0.12511217124717913       0.36155706507235041     
  0.12562285058099434       0.35323672778920545     
  0.12613561439131882       0.34076350440397224     
  0.12665047118650996       0.32472076502128888     
  0.12716742950965446       0.30583838610277120     
  0.12768649793870987       0.28495528712570184     
  0.12820768508664696       0.26297858328831436     
  0.12873099960159279       0.24084134347035632     
  0.12925645016697404       0.21946089534340565     
  0.12978404550166117       0.19969948801912366     
  0.13031379436011306       0.18232891873068818     
  0.13084570553252231       0.16800046793330436     
  0.13137978784496107       0.15722118257482787     
  0.13191605015952751       0.15033721650386317     
  0.13245450137449291       0.14752459632072107     
  0.13299515042444918       0.14878744588617471     
  0.13353800628045717       0.15396338720120489     
  0.13408307795019572       0.16273555154787417     
  0.13463037447811083       0.17465039243722746     
  0.13517990494556581       0.18914029832442192     
  0.13573167847099218       0.20554986288333066     
  0.13628570421004074       0.22316458594408531     
  0.13684199135573349       0.24124074858236536     
  0.13740054913861643       0.25903522866095896     
  0.13796138682691236       0.27583409377156254     
  0.13852451372667493       0.29097892082548377     
  0.13908993918194296       0.30388993810987652     
  0.13965767257489561       0.31408525827227468     
  0.14022772332600780       0.32119566082642770     
  0.14080010089420669       0.32497458176565441     
  0.14137481477702879       0.32530316742275756     
  0.14195187451077720       0.32219044214318027     
  0.14253128967068007       0.31576881782295169     
  0.14311306987104958       0.30628533214678011     
  0.14369722476544117       0.29408913687843485     
  0.14428376404681392       0.27961586450611642     
  0.14487269744769149       0.26336957891647828     
  0.14546403474032335       0.24590306280238189     
  0.14605778573684705       0.22779721161821959     
  0.14665396028945119       0.20964029256185707     
  0.14725256829053859       0.19200778968151552     
  0.14785361967289068       0.17544349593043126     
  0.14845712440983222       0.16044243354874174     
  0.14906309251539690       0.14743608966070595     
  0.14967153404449324       0.13678034876818332     
  0.15028245909307170       0.12874639227124421     
  0.15089587779829214       0.12351472150974391     
  0.15151180033869191       0.12117234909524338     
  0.15213023693435482       0.12171309711657233     
  0.15275119784708088       0.12504084331333210     
  0.15337469338055626       0.13097547014148225     
  0.15400073388052446       0.13926119884571359     
  0.15462932973495802       0.14957693264543087     
  0.15526049137423079       0.16154819077745405     
  0.15589422927129087       0.17476018868526116     
  0.15653055394183482       0.18877160883135177     
  0.15716947594448166       0.20312861068291321     
  0.15781100588094832       0.21737864621077155     
  0.15845515439622559       0.23108367723145681     
  0.15910193217875471       0.24383243132941915     
  0.15975134996060453       0.25525138194942631     
  0.16040341851764989       0.26501419346664778     
  0.16105814866975027       0.27284943150683993     
  0.16171555128092935       0.27854640041767642     
  0.16237563725955523       0.28195903159559904     
  0.16303841755852153       0.28300780650981755     
  0.16370390317542910       0.28167975508671927     
  0.16437210515276834       0.27802662220012897     
  0.16504303457810285       0.27216134118073676     
  0.16571670258425286       0.26425299260027296     
  0.16639312034948034       0.25452045845946475     
  0.16707229909767446       0.24322500593491406     
  0.16775425009853762       0.23066205089390446     
  0.16843898466777257       0.21715235957847678     
  0.16912651416727026       0.20303294751487150     
  0.16981685000529834       0.18864792833131849     
  0.17051000363669019       0.17433955243160448     
  0.17120598656303537       0.16043965716363948     
  0.17190481033287031       0.14726172712280050     
  0.17260648654186983       0.13509373647993789     
  0.17331102683303970       0.12419191569338339     
  0.17401844289690985       0.11477555362254065     
  0.17472874647172817       0.10702291385076668     
  0.17544194934365545       0.10106831184057970     
  0.17615806334696094        9.7000368208991605E-002
  0.17687710036421864        9.4861423663512662E-002
  0.17759907232650440        9.4648073621071055E-002
  0.17832399121359424        9.6312755777367726E-002
  0.17905186905416270        9.9766302326255274E-002
  0.17978271792598266       0.10488135045801185     
  0.18051654995612570       0.11149649039066357     
  0.18125337732116351       0.11942101960163692     
  0.18199321224736950       0.12844016511896542     
  0.18273606701092207       0.13832063260149266     
  0.18348195393810826       0.14881634130317700     
  0.18423088540552804       0.15967420762505719     
  0.18498287384029991       0.17063984649818573     
  0.18573793172026712       0.18146306895476438     
  0.18649607157420448       0.19190306554224940     
  0.18725730598202642       0.20173317830440357     
  0.18802164757499584       0.21074517847260782     
  0.18878910903593346       0.21875298235987214     
  0.18955970309942835       0.22559575381920316     
  0.19033344255204943       0.23114035762739704     
  0.19111034023255730       0.23528314392192234     
  0.19189040903211749       0.23795105902218502     
  0.19267366189451438       0.23910209231518062     
  0.19346011181636599       0.23872508212829877     
  0.19424977184733941       0.23683891544172248     
  0.19504265509036750       0.23349116674652803     
  0.19583877470186650       0.22875623021404046     
  0.19663814389195391       0.22273300653217215     
  0.19744077592466802       0.21554221125185169     
  0.19824668411818794       0.20732337527629308     
  0.19905588184505443       0.19823161025828989     
  0.19986838253239200       0.18843421221783588     
  0.20068419966213161       0.17810717575375445     
  0.20150334677123438       0.16743168892085106     
  0.20232583745191612       0.15659067531960497     
  0.20315168535187320       0.14576544535337763     
  0.20398090417450848       0.13513251311338709     
  0.20481350767915915       0.12486062912439592     
  0.20564950968132489       0.11510807239599530     
  0.20648892405289709       0.10602023804522272     
  0.20733176472238896        9.7727549350457521E-002
  0.20817804567516671        9.0343715620371939E-002
  0.20902778095368180        8.3964349860915097E-002
  0.20988098465770355        7.8665953030989333E-002
  0.21073767094455342        7.4505264812668975E-002
  0.21159785402933992        7.1518974388264295E-002
  0.21246154818519422        6.9723778801989406E-002
  0.21332876774350720        6.9116771159761989E-002
  0.21419952709416737        6.9676136241804076E-002
  0.21507384068579924        7.1362127108106133E-002
  0.21595172302600341        7.4118292989940188E-002
  0.21683318868159726        7.7872926190309222E-002
  0.21771825227885655        8.2540693857788699E-002
  0.21860692850375804        8.8024419334492399E-002
  0.21949923210222347        9.4216977281836561E-002
  0.22039517788036408       0.10100326691953551     
  0.22129478070472614       0.10826222842804623     
  0.22219805550253774       0.11586886880990388     
  0.22310501726195672       0.12369626522336828     
  0.22401568103231900       0.13161751593113921     
  0.22493006192438844       0.13950761148383622     
  0.22584817511060773       0.14724520151770099     
  0.22677003582534988       0.15471423552390939     
  0.22769565936517111       0.16180545907976807     
  0.22862506108906488       0.16841775025861955     
  0.22955825641871638       0.17445928419767040     
  0.23049526083875860       0.17984851704693153     
  0.23143608989702943       0.18451498369817915     
  0.23238075920482931       0.18839990675554219     
  0.23332928443718048       0.19145661711916853     
  0.23428168133308711       0.19365078927626173     
  0.23523796569579644       0.19496049690080375     
  0.23619815339306083       0.19537609663145000     
  0.23716226035740115       0.19489994990856405     
  0.23813030258637141       0.19354599449389637     
  0.23910229614282377       0.19133917876258494     
  0.24007825715517533       0.18831477304445871     
  0.24105820181767584       0.18451757320189618     
  0.24204214639067612       0.18000101227057710     
  0.24303010720089804       0.17482619636690366     
  0.24402210064170560       0.16906088119423485     
  0.24501814317337661       0.16277840537476393     
  0.24601825132337590       0.15605659651246490     
  0.24702244168662996       0.14897666537446633     
  0.24803073092580163       0.14162210288427213     
  0.24904313577156709       0.13407759377212017     
  0.25005967302289334       0.12642795974786258     
  0.25108035954731700       0.11875714397238912     
  0.25210521228122396       0.11114724742726273     
  0.25313424823013059       0.10367762654057013     
  0.25416748446896609        9.6424060141342929E-002
  0.25520493814235545        8.9457992505126815E-002
  0.25624662646490398        8.2845857938561737E-002
  0.25729256672148348        7.6648491048543516E-002
  0.25834277626751834        7.0920625567974613E-002
  0.25939727252927380        6.5710483379518292E-002
  0.26045607300414547        6.1059454204253287E-002
  0.26151919526094891        5.7001865314594516E-002
  0.26258665694021183        5.3564839599828502E-002
  0.26365847575446660        5.0768239365824350E-002
  0.26473466948854396        4.8624692393885838E-002
  0.26581525599986822        4.7139696021846089E-002
  0.26690025321875377        4.6311794346163081E-002
  0.26798967914870253        4.6132823078479844E-002
  0.26908355186670235        4.6588216123853984E-002
  0.27018188952352734        4.7657367579575567E-002
  0.27128471034403900        4.9314042580789752E-002
  0.27239203262748851        5.1526830238798983E-002
  0.27350387474782023        5.4259631825688132E-002
  0.27462025515397709        5.7472177349900067E-002
  0.27574119237020622        6.1120563735957936E-002
  0.27686670499636645        6.5157807961613023E-002
  0.27799681170823720        6.9534408710809306E-002
  0.27913153125782791        7.4198910364134757E-002
  0.28027088247368953        7.9098463463056101E-002
  0.28141488426122702        8.4179376142982015E-002
  0.28256355560301261        8.9387651426210898E-002
  0.28371691555910122        9.4669505692039468E-002
  0.28487498326734656        9.9971864091009319E-002
  0.28603777794371876       0.10524282913693339     
  0.28720531888262307       0.11043211918770574     
  0.28837762545721990       0.11549147400809248     
  0.28955471711974690       0.12037502508920012     
  0.29073661340184104       0.12503962887503142     
  0.29192333391486291       0.12944516151183647     
  0.29311489835022253       0.13355477418664563     
  0.29431132647970543       0.13733510855370201     
  0.29551263815580109       0.14075647215828285     
  0.29671885331203263       0.14379297415380260     
  0.29792999196328690       0.14642262196785583     
  0.29914607420614708       0.14862737990409991     
  0.30036712021922612       0.15039319096821252     
  0.30159315026350136       0.15170996347655996     
  0.30282418468265071       0.15257152424511475     
  0.30406024390339059       0.15297554036329850     
  0.30530134843581452       0.15292341173294266     
  0.30654751887373349       0.15242013669684573     
  0.30779877589501764       0.15147415319522872     
  0.30905514026193970       0.15009715797264578     
  0.31031663282151906       0.14830390641385988     
  0.31158327450586787       0.14611199561615348     
  0.31285508633253861       0.14354163330913852     
  0.31413208940487242       0.14061539521296446     
  0.31541430491234945       0.13735797338375277     
  0.31670175413094059       0.13379591803294405     
  0.31799445842346041       0.12995737522696404     
  0.31929243923992134       0.12587182277718473     
  0.32059571811789023       0.12156980651947226     
  0.32190431668284508       0.11708267905974415     
  0.32321825664853443       0.11244234292870647     
  0.32453755981733712       0.10768099994728959     
  0.32586224808062436       0.10283090845603132     
  0.32719234341912323        9.7924149908492103E-002
  0.32852786790328065        9.2992406172481543E-002
  0.32986884369363056        8.8066748724864502E-002
  0.33121529304116082        8.3177440767639721E-002
  0.33256723828768275        7.8353753136038956E-002
  0.33392470186620210        7.3623794714977264E-002
  0.33528770630129073        6.9014357929348291E-002
  0.33665627420946076        6.4550779727443039E-002
  0.33803042829953994        6.0256818336143395E-002
  0.33941019137304806        5.6154545932209074E-002
  0.34079558632457546        5.2264257246682808E-002
  0.34218663614216327        4.8604393999757065E-002
  0.34358336390768413        4.5191484951793356E-002
  0.34498579279722608        4.2040101252973965E-002
  0.34639394608147639        3.9162826679551385E-002
  0.34780784712610791        3.6570242258986356E-002
  0.34922751939216706        3.4270924709562375E-002
  0.35065298643646264        3.2271458052305885E-002
  0.35208427191195729        3.0576457694179618E-002
  0.35352139956815942        2.9188606231401817E-002
  0.35496439325151735        2.8108700180188850E-002
  0.35641327690581565        2.7335706808974913E-002
  0.35786807457257153        2.6866830220918320E-002
  0.35932881039143427        2.6697585817923548E-002
  0.36079550860058590        2.6821882267122003E-002
  0.36226819353714296        2.7232110087337273E-002
  0.36374688963756052        2.7919235976097294E-002
  0.36523162143803800        2.8872902006786043E-002
  0.36672241357492547        3.0081528840079311E-002
  0.36821929078513355        3.1532422113439443E-002
  0.36972227790654283        3.3211881196625430E-002
  0.37123139987841652        3.5105309529480003E-002
  0.37274668174181458        3.7197325790175470E-002
  0.37426814864000829        3.9471875177174147E-002
  0.37579582581889864        4.1912340125956189E-002
  0.37732973862743413        4.4501649821580287E-002
  0.37886991251803198        4.7222387910034115E-002
  0.38041637304700071        5.0056897854592920E-002
  0.38196914587496344        5.2987385427712884E-002
  0.38352825676728425        5.5996017873949609E-002
  0.38509373159449567        5.9065019324638743E-002
  0.38666559633272773        6.2176762090316258E-002
  0.38824387706413899        6.5313853501767105E-002
  0.38982859997734975        6.8459218014883610E-002
  0.39141979136787586        7.1596174337967639E-002
  0.39301747763856587        7.4708507382455450E-002
  0.39462168530003849        7.7780534879100055E-002
  0.39623244097112265        8.0797168541228884E-002
  0.39784977137929967        8.3743969694620377E-002
  0.39947370336114574        8.6607199329715959E-002
  0.40110426386277853        8.9373862566153414E-002
  0.40274147994030307        9.2031747551888574E-002
  0.40438537876026137        9.4569458849414895E-002
  0.40603598760008325        9.6976445389695312E-002
  0.40769333384853856        9.9243023100391112E-002
  0.40935744500619187       0.10136039233876852     
  0.41102834868585908       0.10332065028128422     
  0.41270607261306486       0.10511679844129586     
  0.41439064462650332       0.10674274550367074     
  0.41608209267850005       0.10819330568024910     
  0.41778044483547516       0.10946419280327627     
  0.41948572927840988       0.11055201038504966     
  0.42119797430331363       0.11145423788121431     
  0.42291720832169355       0.11216921340247549     
  0.42464345986102636       0.11269611312503450     
  0.42637675756523108       0.11303492765387355     
  0.42811713019514508       0.11318643559524358     
  0.42986460662900056       0.11315217459538579     
  0.43161921586290408       0.11293441010178748     
  0.43338098701131811       0.11253610210119185     
  0.43514994930754325       0.11196087008528635     
  0.43692613210420378       0.11121295649054133     
  0.43870956487373508       0.11029718885320151     
  0.44050027720887197       0.10921894091401466     
  0.44229829882313998       0.10798409290002159     
  0.44410365955134889       0.10659899120272635     
  0.44591638935008682       0.10507040766330281     
  0.44773651829821842       0.10340549866626457     
  0.44956407659738296       0.10161176423331975     
  0.45139909457249600        9.9697007299025336E-002
  0.45324160267225266        9.7669293339432639E-002
  0.45509163146963244        9.5536910514260026E-002
  0.45694921166240710        9.3308330472287482E-002
  0.45881437407364939        9.0992169958744484E-002
  0.46068714965224478        8.8597153352483388E-002
  0.46256756947340538        8.6132076249786055E-002
  0.46445566473918498        8.3605770200778709E-002
  0.46635146677899686        8.1027068693679816E-002
  0.46825500705013429        7.8404774471540636E-002
  0.47016631713829160        7.5747628255780172E-002
  0.47208542875808879        7.3064278940710534E-002
  0.47401237375359806        7.0363255313450696E-002
  0.47594718409887132        6.7652939344120852E-002
  0.47788989189847175        6.4941541082067775E-002
  0.47984052938800570        6.2237075185099362E-002
  0.48179912893465782        5.9547339100308655E-002
  0.48376572303772875        5.6879892907086567E-002
  0.48574034432917323        5.4242040825353617E-002
  0.48772302557414277        5.1640814384897982E-002
  0.48971379967152823        4.9082957244998018E-002
  0.49171269965450648        4.6574911647239647E-002
  0.49371975869108847        4.4122806478603074E-002
  0.49573501008466908        4.1732446916508417E-002
  0.49775848727458005        3.9409305622543578E-002
  0.49979022383664523        3.7158515447084296E-002
  0.50183025348373689        3.4984863602909991E-002
  0.50387861006633561        3.2892787262235226E-002
  0.50593532757309234        3.0886370528309580E-002
  0.50800044013139123        2.8969342729848427E-002
  0.51007398200791731        2.7145077984070187E-002
  0.51215598760922409        2.5416595971987938E-002
  0.51424649148230461        2.3786563867835991E-002
  0.51634552831516523        2.2257299363088293E-002
  0.51845313293740036        2.0830774724426418E-002
  0.52056934032077162        1.9508621824226906E-002
  0.52269418557978653        1.8292138081650082E-002
  0.52482770397228251        1.7182293252188903E-002
  0.52696993090001132        1.6179737003597490E-002
  0.52912090190922667        1.5284807216399583E-002
  0.53128065269127367        1.4497538947705660E-002
  0.53344921908318188        1.3817673997798952E-002
  0.53562663706825886        1.3244671019878329E-002
  0.53781294277668812        1.2777716114453351E-002
  0.54000817248612853        1.2415733851158380E-002
  0.54221236262231554        1.2157398662175422E-002
  0.54442554975966673        1.2001146552995258E-002
  0.54664777062188774        1.1945187077933144E-002
  0.54887906208258186        1.1987515529571597E-002
  0.55111946116586275        1.2125925293178942E-002
  0.55336900504696696        1.2358020319085988E-002
  0.55562773105287300        1.2681227668009597E-002
  0.55789567666291884        1.3092810086370954E-002
  0.56017287950942463        1.3589878570751010E-002
  0.56245937737831742        1.4169404882757778E-002
  0.56475520820975744        1.4828233977724991E-002
  0.56706041009876806        1.5563096312820886E-002
  0.56937502129586803        1.6370620002306366E-002
  0.57169908020770599        1.7247342789833711E-002
  0.57403262539769728        1.8189723809812906E-002
  0.57637569558666502        1.9194155111989544E-002
  0.57872832965348131        2.0256972925464644E-002
  0.58109056663571335        2.1374468640436198E-002
  0.58346244573027040        2.2542899487953232E-002
  0.58584400629405475        2.3758498899941458E-002
  0.58823528784461476        2.5017486533669035E-002
  0.59063633006079996        2.6316077946689168E-002
  0.59304717278342045        2.7650493910091688E-002
  0.59546785601590702        2.9016969349647020E-002
  0.59789841992497528        3.0411761906100308E-002
  0.60033890484129260        3.1831160107489882E-002
  0.60278935126014666        3.3271491147911239E-002
  0.60524979984211758        3.4729128268628270E-002
  0.60772029141375294        3.6200497738839266E-002
  0.61020086696824494        3.7682085434748089E-002
  0.61269156766611022        3.9170443016856057E-002
  0.61519243483587394        4.0662193706589814E-002
  0.61770350997475421        4.2154037664505699E-002
  0.62022483474935197        4.3642756973367766E-002
  0.62275645099634114        4.5125220230384691E-002
  0.62529840072316345        4.6598386753808702E-002
  0.62785072610872605        4.8059310409948923E-002
  0.63041346950409982        4.9505143067438820E-002
  0.63298667343322390        5.0933137686312024E-002
  0.63557038059361004        5.2340651050102535E-002
  0.63816463385705124        5.3725146149773584E-002
  0.64076947627033398        5.5084194228818911E-002
  0.64338495105595150        5.6415476499349866E-002
  0.64601110161282127        5.7716785539409052E-002
  0.64864797151700582        5.8986026382110687E-002
  0.65129560452243462        6.0221217307524222E-002
  0.65395404456163087        6.1420490348481994E-002
  0.65662333574644061        6.2582091521708627E-002
  0.65930352236876377        6.3704380795834709E-002
  0.66199464890129045        6.4785831807995534E-002
  0.66469675999823752        6.5825031340790374E-002
  0.66740990049609028        6.6820678571432160E-002
  0.67013411541434675        6.7771584104928631E-002
  0.67286944995626363        6.8676668803105911E-002
  0.67561594950960757        6.9534962421237634E-002
  0.67837365964740748        7.0345602063948770E-002
  0.68114262612871068        7.1107830471956415E-002
  0.68392289489934310        7.1820994151060608E-002
  0.68671451209267076        7.2484541354642176E-002
  0.68951752403036504        7.3098019930731117E-002
  0.69233197722317286        7.3661075044506696E-002
  0.69515791837168661        7.4173446786860414E-002
  0.69799539436711988        7.4634967679414368E-002
  0.70084445229208592        7.5045560086129975E-002
  0.70370513942137802        7.5405233541368841E-002
  0.70657750322275481        7.5714082003987881E-002
  0.70946159135772713        7.5972281046758752E-002
  0.71235745168234910        7.6180084990097832E-002
  0.71526513224801314        7.6337823988787912E-002
  0.71818468130224533        7.6445901080055056E-002
  0.72111614728950835        7.6504789201047974E-002
  0.72405957885200312        7.6515028183442274E-002
  0.72701502483047720        7.6477221732566464E-002
  0.72998253426503557        7.6392034398122921E-002
  0.73296215639595286        7.6260188543246010E-002
  0.73595394066449149        7.6082461318315808E-002
  0.73895793671372234        7.5859681645620652E-002
  0.74197419438934753        7.5592727220637118E-002
  0.74500276374052765        7.5282521535378275E-002
  0.74804369502071344        7.4930030928943653E-002
  0.75109703868847777        7.4536261670093612E-002
  0.75416284540835488        7.4102257076362088E-002
  0.75724116605167924        7.3629094673922729E-002
  0.76033205169743068        7.3117883402125688E-002
  0.76343555363308235        7.2569760866334460E-002
  0.76655172335545019        7.1985890642410497E-002
  0.76968061257154952        7.1367459635914454E-002
  0.77282227319945096        7.0715675498831898E-002
  0.77597675736914307        7.0031764106362485E-002
  0.77914411742339751        6.9316967096068216E-002
  0.78232440591863694        6.8572539471425151E-002
  0.78551767562580699        6.7799747271591965E-002
  0.78872397953125306        6.6999865308978168E-002
  0.79194337083759792        6.6174174975978287E-002
  0.79517590296462559        6.5323962122025486E-002
  0.79842162955016782        6.4450515001918729E-002
  0.80168060445099321        6.3555122296182043E-002
  0.80495288174370172        6.2639071204031754E-002
  0.80823851572562166        6.1703645609349003E-002
  0.81153756091571005        6.0750124319890415E-002
  0.81485007205545901        5.9779779379806511E-002
  0.81817610410980179        5.8793874455390326E-002
  0.82151571226802678        5.7793663293832995E-002
  0.82486895194469190        5.6780388254629499E-002
  0.82823587878054472        5.5755278913150789E-002
  0.83161654864344625        5.4719550735779970E-002
  0.83501101762929653        5.3674403825896576E-002
  0.83841934206296653        5.2621021739893088E-002
  0.84184157849923302        5.1560570372304243E-002
  0.84527778372371576        5.0494196909050028E-002
  0.84872801475382054        4.9423028847697968E-002
  0.85219232883968588        4.8348173083585889E-002
  0.85567078346513115        4.7270715060568493E-002
  0.85916343634861292        4.6191717985090724E-002
  0.86267034544418009        4.5112222102234978E-002
  0.86619156894243732        4.4033244032332754E-002
  0.86972716527151039        4.2955776166690898E-002
  0.87327719309801433        4.1880786120939095E-002
  0.87684171132802924        4.0809216244467691E-002
  0.88042077910807537        3.9741983184401496E-002
  0.88401445582609561        3.8679977502520807E-002
  0.88762280111244185        3.7624063343525076E-002
  0.89124587484086226        3.6575078153018734E-002
  0.89488373712949654        3.5533832443580812E-002
  0.89853644834187318        3.4501109607275579E-002
  0.90220406908791040        3.3477665772955689E-002
  0.90588666022492215        3.2464229706706121E-002
  0.90958428285862880        3.1461502753778625E-002
  0.91329699834416944        3.0470158820375844E-002
  0.91702486828712149        2.9490844393644994E-002
  0.92076795454452198        2.8524178598257281E-002
  0.92452631922589401        2.7570753287960138E-002
  0.92830002469427830        2.6631133170503373E-002
  0.93208913356726641        2.5705855964363387E-002
  0.93589370871804145        2.4795432585700550E-002
  0.93971381327641990        2.3900347364017551E-002
  0.94354951062989978        2.3021058284999785E-002
  0.94740086442471305        2.2157997259051227E-002
  0.95126793856688030        2.1311570414062474E-002
  0.95515079722327212        2.0482158410975906E-002
  0.95904950482267404        1.9670116780743017E-002
  0.96296412605685466        1.8875776281298891E-002
  0.96689472588163972        1.8099443273208650E-002
  0.97084136951799027        1.7341400112675487E-002
  0.97480412245308368        1.6601905560629834E-002
  0.97878305044140190        1.5881195206653848E-002
  0.98277821950582100        1.5179481906530418E-002
  0.98678969593870736        1.4496956232237927E-002
  0.99081754630301844        1.3833786933248061E-002
  0.99486183743340539        1.3190121408019385E-002
  0.99892263643732426        1.2566086184612968E-002
   1.0030000106961476        1.1961787409393323E-002
   1.0070940278662834        1.1377311342810684E-002
   1.0112047558802988        1.0812724861299049E-002
   1.0153322629480441        1.0268075964356674E-002
   1.0194766175577885        9.7433942859115451E-003
   1.0236378884773538        9.2386916091095408E-003
   1.0278161447552574        8.7539623836964831E-003
   1.0320114557218547        8.2891842452001308E-003
   1.0362238909904942        7.8443185351503453E-003
   1.0404535204586696        7.4193108216109019E-003
   1.0447004143091787        7.0140914193277401E-003
   1.0489646430112913        6.6285759088307965E-003
   1.0532462773219167        6.2626656538586145E-003
   1.0575453882867758        5.9162483165073748E-003
   1.0618620472415838        5.5891983695326736E-003
   1.0661963258132321        5.2813776052676037E-003
   1.0705482959209747        4.9926356406461529E-003
   1.0749180297776255        4.7228104178506942E-003
   1.0793055998907541        4.4717287001313031E-003
   1.0837110790638902        4.2392065623712378E-003
   1.0881345403977287        4.0250498759993219E-003
   1.0925760572913470        3.8290547878765862E-003
   1.0970357034434204        3.6510081928092675E-003
   1.1015135528534441        3.4906881993660901E-003
   1.1060096798229635        3.3478645886993947E-003
   1.1105241589568067        3.2222992660947132E-003
   1.1150570651643195        3.1137467049954211E-003
   1.1196084736606120        3.0219543832699092E-003
   1.1241784599678060        2.9466632115109823E-003
   1.1287670999162849        2.8876079531764127E-003
   1.1333744696459565        2.8445176363994795E-003
   1.1380006456075142        2.8171159573175991E-003
   1.1426457045637044        2.8051216747847153E-003
   1.1473097235906025        2.8082489963507083E-003
   1.1519927800788912        2.8262079554079661E-003
   1.1566949517351428        2.8587047794217044E-003
   1.1614163165831117        2.9054422491748655E-003
   1.1661569529650266        2.9661200489747969E-003
   1.1709169395428922        3.0404351077819190E-003
   1.1756963552997917        3.1280819312342837E-003
   1.1804952795412009        3.2287529245551456E-003
   1.1853137918963028        3.3421387063425866E-003
   1.1901519723193061        3.4679284132519937E-003
   1.1950099010907769        3.6058099955934013E-003
   1.1998876588189678        3.7554705038760337E-003
   1.2047853264411541        3.9165963663422027E-003
   1.2097029852249803        4.0888736575429557E-003
   1.2146407167698074        4.2719883580152286E-003
   1.2195986030080641        4.4656266051300271E-003
   1.2245767262066105        4.6694749351885887E-003
   1.2295751689681005        4.8832205168506341E-003
   1.2345940142323542        5.1065513759853990E-003
   1.2396333452777308        5.3391566120435646E-003
   1.2446932457225151        5.5807266060536893E-003
   1.2497737995263021        5.8309532203515710E-003
   1.2548750909913893        6.0895299901576301E-003
   1.2599972047641785        6.3561523071206166E-003
   1.2651402258365791        6.6305175949518610E-003
   1.2703042395474162        6.9123254772760585E-003
   1.2754893315838498        7.2012779378310982E-003
   1.2806955879827961        7.4970794731502848E-003
   1.2859230951323521        7.7994372378636968E-003
   1.2911719397732333        8.1080611827600672E-003
   1.2964422090002106        8.4226641857491971E-003
   1.3017339902635547        8.7429621758707589E-003
   1.3070473713704895        9.0686742504944157E-003
   1.3123824404866489        9.3995227858586477E-003
   1.3177392861375357        9.7352335410967883E-003
   1.3231179972099965        1.0075535755900047E-002
   1.3285186629536925        1.0420162241967092E-002
   1.3339413729825829        1.0768849468391409E-002
   1.3393862172764077        1.1121337641136188E-002
   1.3448532861821869        1.1477370776750123E-002
   1.3503426704157151        1.1836696770471514E-002
   1.3558544610630672        1.2199067458874448E-002
   1.3613887495821120        1.2564238677205290E-002
   1.3669456278040288        1.2931970311559370E-002
   1.3725251879348284        1.3302026346045881E-002
   1.3781275225568879        1.3674174905090828E-002
   1.3837527246304846        1.4048188291021332E-002
   1.3894008874953359        1.4423843017079045E-002
   1.3950721048721533        1.4800919836006593E-002
   1.4007664708641934        1.5179203764348363E-002
   1.4064840799588225        1.5558484102607979E-002
   1.4122250270290799        1.5938554451400890E-002
   1.4179894073352572        1.6319212723741181E-002
   1.4237773165264773        1.6700261153596740E-002
   1.4295888506422783        1.7081506300848016E-002
   1.4354241061142121        1.7462759052782210E-002
   1.4412831797674421        1.7843834622252357E-002
   1.4471661688223481        1.8224552542629953E-002
   1.4530731708961429        1.8604736659676477E-002
   1.4590042840044910        1.8984215120457556E-002
   1.4649596065631323        1.9362820359421041E-002
   1.4709392373895191        1.9740389081758403E-002
   1.4769432757044543        2.0116762244166288E-002
   1.4829718211337348        2.0491785033122267E-002
   1.4890249737098105        2.0865306840787461E-002
   1.4951028338734396        2.1237181238646041E-002
   1.5012055024753554        2.1607265948988114E-002
   1.5073330807779428        2.1975422814342418E-002
   1.5134856704569155        2.2341517764960246E-002
   1.5196633736030056        2.2705420784451889E-002
   1.5258662927236537        2.3067005873672185E-002
   1.5320945307447145        2.3426151012952763E-002
   1.5383481910121630        2.3782738122771645E-002
   1.5446273772938062        2.4136653022952443E-002
   1.5509321937810101        2.4487785390481510E-002
   1.5572627450904259        2.4836028716028045E-002
   1.5636191362657244        2.5181280259251721E-002
   1.5700014727793419        2.5523441002978556E-002
   1.5764098605342303        2.5862415606324459E-002
   1.5828444058656099        2.6198112356842822E-002
   1.5893052155427401        2.6530443121770567E-002
   1.5957923967706868        2.6859323298445363E-002
   1.6023060571921037        2.7184671763963185E-002
   1.6088463048890147        2.7506410824144675E-002
   1.6154132483846122        2.7824466161875568E-002
   1.6220069966450557        2.8138766784884937E-002
   1.6286276590812767        2.8449244973022318E-002
   1.6352753455508005        2.8755836225093249E-002
   1.6419501663595648        2.9058479205310735E-002
   1.6486522322637496        2.9357115689417224E-002
   1.6553816544716176        2.9651690510531039E-002
   1.6621385446453594        2.9942151504768880E-002
   1.6689230149029417        3.0228449456692241E-002
   1.6757351778199741        3.0510538044628156E-002
   1.6825751464315746        3.0788373785907035E-002
   1.6894430342342412        3.1061915982063322E-002
   1.6963389551877424        3.1331126664041586E-002
   1.7032630237170037        3.1595970537446616E-002
   1.7102153547140044        3.1856414927878260E-002
   1.7171960635396897        3.2112429726387379E-002
   1.7242052660258809        3.2363987335088211E-002
   1.7312430784771990        3.2611062612961692E-002
   1.7383096176729915        3.2853632821881799E-002
   1.7454050008692747        3.3091677572896119E-002
   1.7525293458006783        3.3325178772789975E-002
   1.7596827706823941        3.3554120570962027E-002
   1.7668653942121444        3.3778489306638515E-002
   1.7740773355721486        3.3998273456450817E-002
   1.7813187144310982        3.4213463582400953E-002
   1.7885896509461472        3.4424052280236997E-002
   1.7958902657649043        3.4630034128260864E-002
   1.8032206800274309        3.4831405636587556E-002
   1.8105810153682576        3.5028165196876161E-002
   1.8179713939183981        3.5220313032549230E-002
   1.8253919383073787        3.5407851149518860E-002
   1.8328427716652678        3.5590783287433390E-002
   1.8403240176247260        3.5769114871461428E-002
   1.8478358003230537        3.5942852964625217E-002
   1.8553782444042495        3.6112006220696852E-002
   1.8629514750210820        3.6276584837669101E-002
   1.8705556178371661        3.6436600511811433E-002
   1.8781907990290427        3.6592066392321015E-002
   1.8858571452882809        3.6742997036578587E-002
   1.8935547838235744        3.6889408366016417E-002
   1.9012838423628520        3.7031317622606287E-002
   1.9090444491554013        3.7168743325974696E-002
   1.9168367329739937        3.7301705231150034E-002
   1.9246608231170197        3.7430224286948033E-002
   1.9325168494106386        3.7554322594999738E-002
   1.9404049422109304        3.7674023369425116E-002
   1.9483252324060565        3.7789350897156709E-002
   1.9562778514184365        3.7900330498915211E-002
   1.9642629312069249        3.8006988490839139E-002
   1.9722806042690040        3.8109352146769748E-002
   1.9803310036429771        3.8207449661192862E-002
   1.9884142629101824        3.8301310112837210E-002
   1.9965305161972071        3.8390963428929510E-002
   2.0046798981781091        3.8476440350105723E-002
   2.0128625440766581        3.8557772395977193E-002
   2.0210785896685763        3.8634991831350635E-002
   2.0293281712837890        3.8708131633099406E-002
   2.0376114258086915        3.8777225457684319E-002
   2.0459284906884188        3.8842307609321149E-002
   2.0542795039291217        3.8903413008791493E-002
   2.0626646041002639        3.8960577162894153E-002
   2.0710839303369175        3.9013836134532964E-002
   2.0795376223420732        3.9063226513436702E-002
   2.0880258203889532        3.9108785387507769E-002
   2.0965486653233478        3.9150550314794155E-002
   2.1051062985659468        3.9188559296079971E-002
   2.1136988621146831        3.9222850748090003E-002
   2.1223264985470975        3.9253463477302276E-002
   2.1309893510226989        3.9280436654363413E-002
   2.1396875632853374        3.9303809789101155E-002
   2.1484212796655959        3.9323622706128013E-002
   2.1571906450831819        3.9339915521029521E-002
   2.1659958050493291        3.9352728617131606E-002
   2.1748369056692178        3.9362102622839908E-002
   2.1837140936443968        3.9368078389545133E-002
   2.1926275162752127        3.9370696970086716E-002
   2.2015773214632635        3.9369999597769545E-002
   2.2105636577138457        3.9366027665925139E-002
   2.2195866741384194        3.9358822708011242E-002
   2.2286465204570853        3.9348426378242589E-002
   2.2377433470010675        3.9334880432745564E-002
   2.2468773047152077        3.9318226711228650E-002
   2.2560485451604677        3.9298507119163613E-002
   2.2652572205164492        3.9275763610466724E-002
   2.2745034835839171        3.9250038170675836E-002
   2.2837874877873303        3.9221372800613261E-002
   2.2931093871773944        3.9189809500528749E-002
   2.3024693364336155        3.9155390254713887E-002
   2.3118674908668622        3.9118157016580835E-002
   2.3213040064219506        3.9078151694197774E-002
   2.3307790396802273        3.9035416136273302E-002
   2.3402927478621649        3.8989992118582659E-002
   2.3498452888299783        3.8941921330827460E-002
   2.3594368210902377        3.8891245363922015E-002
   2.3690675037965030        3.8838005697698512E-002
   2.3787374967519588        3.8782243689023319E-002
   2.3884469604120731        3.8724000560317044E-002
   2.3981960558872570        3.8663317388470918E-002
   2.4079849449455333        3.8600235094152058E-002
   2.4178137900152290        3.8534794431490105E-002
   2.4276827541876669        3.8467035978137984E-002
   2.4375920012198664        3.8397000125699014E-002
   2.4475416955372706        3.8324727070514313E-002
   2.4575320022364697        3.8250256804801333E-002
   2.4675630870879357        3.8173629108138575E-002
   2.4776351165387829        3.8094883539287229E-002
   2.4877482577155234        3.8014059428344606E-002
   2.4979026784268394        3.7931195869220793E-002
   2.5080985471663721        3.7846331712432707E-002
   2.5183360331155162        3.7759505558208062E-002
   2.5286153061462220        3.7670755749892815E-002
   2.5389365368238228        3.7580120367655068E-002
   2.5492998964098588        3.7487637222479053E-002
   2.5597055568649218        3.7393343850442448E-002
   2.5701536908515048        3.7297277507270694E-002
   2.5806444717368717        3.7199475163161494E-002
   2.5911780735959340        3.7099973497873848E-002
   2.6017546712141315        3.6998808896074757E-002
   2.6123744400903441        3.6896017442937343E-002
   2.6230375564397970        3.6791634919985022E-002
   2.6337441971969815        3.6685696801175081E-002
   2.6444945400185995        3.6578238249215564E-002
   2.6552887632865070        3.6469294112110334E-002
   2.6661270461106703        3.6358898919926039E-002
   2.6770095683321458        3.6247086881774984E-002
   2.6879365105260575        3.6133891883009445E-002
   2.6989080540045989        3.6019347482620548E-002
   2.7099243808200328        3.5903486910837029E-002
   2.7209856737677236        3.5786343066918767E-002
   2.7320921163891634        3.5667948517138864E-002
   2.7432438929750149        3.5548335492950375E-002
   2.7544411885681774        3.5427535889331271E-002
   2.7656841889668535        3.5305581263303770E-002
   2.7769730807276272        3.5182502832622364E-002
   2.7883080511685678        3.5058331474626024E-002
   2.7996892883723348        3.4933097725249856E-002
   2.8111169811892935        3.4806831778191334E-002
   2.8225913192406575        3.4679563484226711E-002
   2.8341124929216317        3.4551322350673097E-002
   2.8456806934045655        3.4422137540991632E-002
   2.8572961126421350        3.4292037874527545E-002
   2.8689589433705232        3.4161051826382974E-002
   2.8806693791126143        3.4029207527418108E-002
   2.8924276141812122        3.3896532764376520E-002
   2.9042338436822610        3.3763054980131227E-002
   2.9160882635180831        3.3628801274046806E-002
   2.9279910703906258        3.3493798402454186E-002
   2.9399424618047334        3.3358072779234360E-002
   2.9519426360714194        3.3221650476506798E-002
   2.9639917923111532        3.3084557225419968E-002
   2.9760901304571732        3.2946818417038864E-002
   2.9882378512587997        3.2808459103327851E-002
   3.0004351562847607        3.2669503998224186E-002
   3.0126822479265480        3.2529977478798988E-002
   3.0249793294017673        3.2389903586503156E-002
   3.0373266047575087        3.2249306028494309E-002
   3.0497242788737404        3.2108208179042086E-002
   3.0621725574667020        3.1966633081008167E-002
   3.0746716470923223        3.1824603447399021E-002
   3.0872217551496384        3.1682141662987620E-002
   3.0998230898842483        3.1539269786001432E-002
   3.1124758603917613        3.1396009549874454E-002
   3.1251802766212617        3.1252382365059887E-002
   3.1379365493788032        3.1108409320901215E-002
   3.1507448903309023        3.0964111187559071E-002
   3.1636055120080444        3.0819508417991245E-002
   3.1765186278082207        3.0674621149983431E-002
   3.1894844520004644        3.0529469208228542E-002
   3.2025031997284015        3.0384072106451675E-002
   3.2155750870138298        3.0238449049579220E-002
   3.2287003307602982        3.0092618935949327E-002
   3.2418791487567020        2.9946600359561728E-002
   3.2551117596809069        2.9800411612364831E-002
   3.2683983831033703        2.9654070686578091E-002
   3.2817392394907818        2.9507595277047653E-002
   3.2951345502097307        2.9361002783633100E-002
   3.3085845375303724        2.9214310313623613E-002
   3.3220894246301196        2.9067534684181849E-002
   3.3356494355973410        2.8920692424813474E-002
   3.3492647954350852        2.8773799779860471E-002
   3.3629357300648142        2.8626872711017146E-002
   3.3766624663301439        2.8479926899866587E-002
   3.3904452320006189        2.8332977750436139E-002
   3.4042842557754875        2.8186040391770452E-002
   3.4181797672874907        2.8039129680520775E-002
   3.4321319971066844        2.7892260203548219E-002
   3.4461411767442565        2.7745446280540587E-002
   3.4602075386563675        2.7598701966640979E-002
   3.4743313162480152        2.7452041055086418E-002
   3.4885127438769019        2.7305477079855842E-002
   3.5027520568573265        2.7159023318325853E-002
   3.5170494914640815        2.7012692793933098E-002
   3.5314052849363842        2.6866498278842191E-002
   3.5458196754818094        2.6720452296617556E-002
   3.5602929022802345        2.6574567124898973E-002
   3.5748252054878202        2.6428854798078771E-002
   3.5894168262409902        2.6283327109980471E-002
   3.6040680066604258        2.6137995616537135E-002
   3.6187789898550959        2.5992871638469146E-002
   3.6335500199262847        2.5847966263959930E-002
   3.6483813419716364        2.5703290351329056E-002
   3.6632732020892336        2.5558854531701602E-002
   3.6782258473816740        2.5414669211673208E-002
   3.6932395259601685        2.5270744575969849E-002
   3.7083144869486642        2.5127090590101334E-002
   3.7234509804879772        2.4983717003008298E-002
   3.7386492577399353        2.4840633349701432E-002
   3.7539095708915569        2.4697848953892793E-002
   3.7692321731592284        2.4555372930617603E-002
   3.7846173187929102        2.4413214188847142E-002
   3.8000652630803460        2.4271381434091199E-002
   3.8155762623513128        2.4129883170989647E-002
   3.8311505739818670        2.3988727705892759E-002
   3.8467884563986092        2.3847923149429816E-002
   3.8624901690829847        2.3707477419064836E-002
   3.8782559725755825        2.3567398241639823E-002
   3.8940861284804527        2.3427693155904535E-002
   3.9099808994694594        2.3288369515032038E-002
   3.9259405492866346        2.3149434489120324E-002
   3.9419653427525452        2.3010895067679123E-002
   3.9580555457687030        2.2872758062101404E-002
   3.9742114253219660        2.2735030108119586E-002
   3.9904332494889743        2.2597717668245684E-002
   4.0067212874405893        2.2460827034195399E-002
   4.0230758094463717        2.2324364329295496E-002
   4.0394970868790629        2.2188335510874461E-002
   4.0559853922190783        2.2052746372636014E-002
   4.0725409990590427        2.1917602547014890E-002
   4.0891641821083224        2.1782909507515595E-002
   4.1058552171975808        2.1648672571032312E-002
   4.1226143812833644        2.1514896900151535E-002
   4.1394419524526915        2.1381587505435642E-002
   4.1563382099276636        2.1248749247688357E-002
   4.1733034340701094        2.1116386840201128E-002
   4.1903379063862296        2.0984504850980620E-002
   4.2074419095312638        2.0853107704957338E-002
   4.2246157273141920        2.0722199686174586E-002
   4.2418596447024361        2.0591784939958387E-002
   4.2591739478265858        2.0461867475067577E-002
   4.2765589239851547        2.0332451165824595E-002
   4.2940148616493437        2.0203539754226157E-002
   4.3115420504678283        2.0075136852034436E-002
   4.3291407812715565        1.9947245942848087E-002
   4.3468113460785895        1.9819870384153386E-002
   4.3645540380989400        1.9693013409355246E-002
   4.3823691517394279        1.9566678129788309E-002
   4.4002569826085844        1.9440867536707571E-002
   4.4182178275215458        1.9315584503259174E-002
   4.4362519845049730        1.9190831786430679E-002
   4.4543597528020111        1.9066612028981380E-002
   4.4725414328772475        1.8942927761352091E-002
   4.4907973264216903        1.8819781403555020E-002
   4.5091277363577875        1.8697175267043075E-002
   4.5275329668444471        1.8575111556559200E-002
   4.5460133232820850        1.8453592371965272E-002
   4.5645691123176864        1.8332619710051134E-002
   4.5832006418499045        1.8212195466323095E-002
   4.6019082210341660        1.8092321436772633E-002
   4.6206921602877928        1.7972999319624882E-002
   4.6395527712951647        1.7854230717067050E-002
   4.6584903670128890        1.7736017136957039E-002
   4.6775052616749795        1.7618359994512063E-002
   4.6965977707980926        1.7501260613977384E-002
   4.7157682111867478        1.7384720230275371E-002
   4.7350169009385850        1.7268739990634836E-002
   4.7543441594496505        1.7153320956200785E-002
   4.7737503074196939        1.7038464103624557E-002
   4.7932356668574805        1.6924170326634617E-002
   4.8128005610861475        1.6810440437587958E-002
   4.8324453147485658        1.6697275169002317E-002
   4.8521702538127149        1.6584675175069112E-002
   4.8719757055771122        1.6472641033147509E-002
   4.8918619986762248        1.6361173245239329E-002
   4.9118294630859394        1.6250272239445366E-002
   4.9318784301290162        1.6139938371402800E-002
   4.9520092324806102        1.6030171925704124E-002
   4.9722222041737796        1.5920973117297503E-002
   4.9925176806050207        1.5812342092868862E-002
   5.0128959985398502        1.5704278932205613E-002
   5.0333574961183860        1.5596783649542399E-002
   5.0539025128609465        1.5489856194888778E-002
   5.0745313896737043        1.5383496455339056E-002
   5.0952444688543324        1.5277704256364384E-002
   5.1160420940976774        1.5172479363087386E-002
   5.1369246105014765        1.5067821481539076E-002
   5.1578923645720769        1.4963730259898698E-002
   5.1789457042301867        1.4860205289716365E-002
   5.2000849788166388        1.4757246107118456E-002
   5.2213105390982024        1.4654852193996395E-002
   5.2426227372734004        1.4553022979178317E-002
   5.2640219269783390        1.4451757839584661E-002
   5.2855084632925946        1.4351056101366607E-002
   5.3070827027450962        1.4250917041028797E-002
   5.3287450033200381        1.4151339886535530E-002
   5.3504957244628288        1.4052323818401036E-002
   5.3723352270860527        1.3953867970763837E-002
   5.3942638735754480        1.3855971432445493E-002
   5.4162820277959387        1.3758633247993471E-002
   5.4383900550976607        1.3661852418708978E-002
   5.4605883223220175        1.3565627903659113E-002
   5.4828771978077846        1.3469958620674165E-002
   5.5052570513972130        1.3374843447329801E-002
   5.5277282544421542        1.3280281221914379E-002
   5.5502911798102446        1.3186270744381702E-002
   5.5729462018910780        1.3092810777289103E-002
   5.5956936966024218        1.2999900046721219E-002
   5.6185340413964466        1.2907537243199534E-002
   5.6414676152660075        1.2815721022577721E-002
   5.6644947987509173        1.2724450006923236E-002
   5.6876159739442613        1.2633722785384988E-002
   5.7108315244987482        1.2543537915047354E-002
   5.7341418356330687        1.2453893921770822E-002
   5.7575472941382806        1.2364789301019223E-002
   5.7810482883842447        1.2276222518673781E-002
   5.8046452083260549        1.2188192011834043E-002
   5.8283384455105089        1.2100696189606127E-002
   5.8521283930826149        1.2013733433877951E-002
   5.8760154457921070        1.1927302100082096E-002
