  0.10000000000000001        4.4517494047834116E-002
  0.10040817718110437        7.8523737620964429E-002
  0.10081802044832047       0.13098918752520006     
  0.10122953660223166       0.19826571800096038     
  0.10164273247117964       0.27571603170146153     
  0.10205761491137796       0.35805207401487116     
  0.10247419080702558       0.43970926999207505     
  0.10289246707042120       0.51522972510426701     
  0.10331245064207799       0.57962803882727920     
  0.10373414849083867       0.62871566116225064     
  0.10415756761399117       0.65936352044245949     
  0.10458271503738485       0.66968762285106664     
  0.10500959781554686       0.65914806926593195     
  0.10543822303179938       0.62855802648109915     
  0.10586859779837712       0.58000520507701403     
  0.10630072925654524       0.51669394507104571     
  0.10673462457671801       0.44272075864039540     
  0.10717029095857759       0.36279986611460491     
  0.10760773563119364       0.28195771198122743     
  0.10804696585314330       0.20521657736593613     
  0.10848798891263144       0.13728721937460331     
  0.10893081212761184        8.2289053584687077E-002
  0.10937544284590843        4.3513912799178392E-002
  0.10982188844533726        2.3246077941277088E-002
  0.11027015633382903        2.2647339294365919E-002
  0.11072025394955184        4.1711581936947573E-002
  0.11117218876103470        7.9289073833111345E-002
  0.11162596826729153       0.13317652924585666     
  0.11208159999794542       0.20026535491521213     
  0.11253909151335369       0.27673745142806894     
  0.11299845040473337       0.35829567745737323     
  0.11345968429428700       0.44041467589768513     
  0.11392280083532935       0.51859723892399623     
  0.11438780771241415       0.58862173119779493     
  0.11485471264146174       0.64676722656067898     
  0.11532352336988719       0.69000483301962512     
  0.11579424767672861       0.71614604200945853     
  0.11626689337277650       0.72394167839510271     
  0.11674146830070313       0.71312797483993307     
  0.11721798033519278       0.68441927555195647     
  0.11769643738307244       0.63944972718582405     
  0.11817684738344295       0.58066889379658360     
  0.11865921830781066       0.51119841753811945     
  0.11914355816021997       0.43465854565264317     
  0.11962987497738581       0.35497449737377851     
  0.12011817682882717       0.27617322443702363     
  0.12060847181700105       0.20218113035133367     
  0.12110076807743671       0.13663278987088612     
  0.12159507377887094        8.2699709812334321E-002
  0.12209139712338332        4.2946774362196495E-002
  0.12258974634653247        1.9222315929629197E-002
  0.12309012971749274        1.2585848953451828E-002
  0.12359255553919130        2.3275504498982191E-002
  0.12409703214844603        5.0715211213933298E-002
  0.12460356791610375        9.3559779164293921E-002
  0.12511217124717913       0.14977434166672765     
  0.12562285058099434       0.21674316616161282     
  0.12613561439131882       0.29140171111051949     
  0.12665047118650996       0.37038501627378062     
  0.12716742950965446       0.45018508441431637     
  0.12768649793870987       0.52730984147048598     
  0.12820768508664696       0.59843653107483852     
  0.12873099960159279       0.66055297512684730     
  0.12925645016697404       0.71108097034546081     
  0.12978404550166117       0.74797713787718423     
  0.13031379436011306       0.76980773991307094     
  0.13084570553252231       0.77579526202747529     
  0.13137978784496107       0.76583587107086815     
  0.13191605015952751       0.74048813744536124     
  0.13245450137449291       0.70093460436867949     
  0.13299515042444918       0.64891884950411782     
  0.13353800628045717       0.58666157906031280     
  0.13408307795019572       0.51675999379195514     
  0.13463037447811083       0.44207515303205558     
  0.13517990494556581       0.36561232982338732     
  0.13573167847099218       0.29039939988834984     
  0.13628570421004074       0.21936815087869410     
  0.13684199135573349       0.15524305504180536     
  0.13740054913861643       0.10044154339358724     
  0.13796138682691236        5.6989182758026453E-002
  0.13852451372667493        2.6452421888989552E-002
  0.13908993918194296        9.8907742241803945E-003
  0.13965767257489561        7.8294776368149632E-003
  0.14022772332600780        2.0252849556659614E-002
  0.14080010089420669        4.6617770219923416E-002
  0.14137481477702879        8.5886005216504357E-002
  0.14195187451077720       0.13657344422141726     
  0.14253128967068007       0.19681380419350714     
  0.14311306987104958       0.26443393551933314     
  0.14369722476544117       0.33703758634645797     
  0.14428376404681392       0.41209432622953079     
  0.14487269744769149       0.48703030281332516     
  0.14546403474032335       0.55931759774273404     
  0.14605778573684705       0.62655914959069814     
  0.14665396028945119       0.68656650841065658     
  0.14725256829053859       0.73742806219543122     
  0.14785361967289068       0.77756581203514408     
  0.14845712440983222       0.80577925119798643     
  0.14906309251539690       0.82127540463819382     
  0.14967153404449324       0.82368459102420777     
  0.15028245909307170       0.81306196187064861     
  0.15089587779829214       0.78987533599878312     
  0.15151180033869191       0.75498026865907186     
  0.15213023693435482       0.70958366192292621     
  0.15275119784708088       0.65519752766706751     
  0.15337469338055626       0.59358475058796789     
  0.15400073388052446       0.52669886282616885     
  0.15462932973495802       0.45661993316401506     
  0.15526049137423079       0.38548869400824759     
  0.15589422927129087       0.31544098227949546     
  0.15653055394183482       0.24854446158354571     
  0.15716947594448166       0.18673942987447359     
  0.15781100588094832       0.13178530768063834     
  0.15845515439622559        8.5214156143099906E-002
  0.15910193217875471        4.8292301392019343E-002
  0.15975134996060453        2.1990852085301826E-002
  0.16040341851764989        6.9656000075117852E-003
  0.16105814866975027        3.5464987676698811E-003
  0.16171555128092935        1.1736631423063026E-002
  0.16237563725955523        3.1220311960071363E-002
  0.16303841755852153        6.1379724571414052E-002
  0.16370390317542910       0.10131929398160588     
  0.16437210515276834       0.14989680382736781     
  0.16504303457810285       0.20576014115116226     
  0.16571670258425286       0.26738844499666914     
  0.16639312034948034       0.33313637626999237     
  0.16707229909767446       0.40128020367735739     
  0.16775425009853762       0.47006441487162287     
  0.16843898466777257       0.53774761024109430     
  0.16912651416727026       0.60264651560733562     
  0.16981685000529834       0.66317705542063821     
  0.17051000363669019       0.71789155536694960     
  0.17120598656303537       0.76551128786408917     
  0.17190481033287031       0.80495373083004940     
  0.17260648654186983       0.83535407447167676     
  0.17331102683303970       0.85608067792791565     
  0.17401844289690985       0.86674434293022462     
  0.17472874647172817       0.86720143109408498     
  0.17544194934365545       0.85755100135070372     
  0.17615806334696094       0.83812628119071964     
  0.17687710036421864       0.80948090719273802     
  0.17759907232650440       0.77237047469272091     
  0.17832399121359424       0.72773002194059744     
  0.17905186905416270       0.67664813978790628     
  0.17978271792598266       0.62033844350750966     
  0.18051654995612570       0.56010916893543539     
  0.18125337732116351       0.49733166139326745     
  0.18199321224736950       0.43340851386621770     
  0.18273606701092207       0.36974208211126858     
  0.18348195393810826       0.30770406048562404     
  0.18423088540552804       0.24860674528828519     
  0.18498287384029991       0.19367654443731097     
  0.18573793172026712       0.14403021560897167     
  0.18649607157420448       0.10065423183357081     
  0.18725730598202642        6.4387586255013063E-002
  0.18802164757499584        3.5908258530981785E-002
  0.18878910903593346        1.5723476280902531E-002
  0.18955970309942835        4.1638180306182750E-003
  0.19033344255204943        1.3811210243134349E-003
  0.19111034023255730        7.3500796327128316E-003
  0.19189040903211749        2.1873349210920649E-002
  0.19267366189451438        4.4589907237135074E-002
  0.19346011181636599        7.4986369235631845E-002
  0.19424977184733941       0.11241091194872999     
  0.19504265509036750       0.15608942082744348     
  0.19583877470186650       0.20514345328358075     
  0.19663814389195391       0.25860959319783894     
  0.19744077592466802       0.31545976562279299     
  0.19824668411818794       0.37462208299541511     
  0.19905588184505443       0.43500180486832707     
  0.19986838253239200       0.49550201144222850     
  0.20068419966213161       0.55504361619137477     
  0.20150334677123438       0.61258437370075036     
  0.20232583745191612       0.66713657450672037     
  0.20315168535187320       0.71778315825288930     
  0.20398090417450848       0.76369201883405813     
  0.20481350767915915       0.80412831941462359     
  0.20564950968132489       0.83846468031439803     
  0.20648892405289709       0.86618914784959355     
  0.20733176472238896       0.88691089645545751     
  0.20817804567516671       0.90036365903175808     
  0.20902778095368180       0.90640692076075902     
  0.20988098465770355       0.90502494905667752     
  0.21073767094455342       0.89632376631998800     
  0.21159785402933992       0.88052620239038282     
  0.21246154818519422       0.85796518971774738     
  0.21332876774350720       0.82907548609583848     
  0.21419952709416737       0.79438402721565116     
  0.21507384068579924       0.75449912426878085     
  0.21595172302600341       0.71009873042137395     
  0.21683318868159726       0.66191800431477377     
  0.21771825227885655       0.61073639902612165     
  0.21860692850375804       0.55736450139179261     
  0.21949923210222347       0.50263083956062404     
  0.22039517788036408       0.44736886644141494     
  0.22129478070472614       0.39240431371159334     
  0.22219805550253774       0.33854309565169172     
  0.22310501726195672       0.28655992467007874     
  0.22401568103231900       0.23718778139284447     
  0.22493006192438844       0.19110836202323322     
  0.22584817511060773       0.14894360472245893     
  0.22677003582534988       0.11124837541220378     
  0.22769565936517111        7.8504372011949597E-002
  0.22862506108906488        5.1115285040284723E-002
  0.22955825641871638        2.9403232037386928E-002
  0.23049526083875860        1.3606463685145840E-002
  0.23143608989702943        3.8783210562147704E-003
  0.23238075920482931        2.8740632315793827E-004
  0.23332928443718048        2.8189136783900539E-003
  0.23428168133308711        1.1377053292619843E-002
  0.23523796569579644        2.5788488977435357E-002
  0.23619815339306083        4.5806699885213242E-002
  0.23716226035740115        7.1117168113483675E-002
  0.23813030258637141       0.10134328748648036     
  0.23910229614282377       0.13605288404154103     
  0.24007825715517533       0.17476523580360126     
  0.24105820181767584       0.21695847821519543     
  0.24204214639067612       0.26207728201061919     
  0.24303010720089804       0.30954069227110437     
  0.24402210064170560       0.35875002074974871     
  0.24501814317337661       0.40909668817435674     
  0.24601825132337590       0.45996991898035955     
  0.24702244168662996       0.51076419764363956     
  0.24803073092580163       0.56088640332203055     
  0.24904313577156709       0.60976254772050464     
  0.25005967302289334       0.65684404981615763     
  0.25108035954731700       0.70161349016606289     
  0.25210521228122396       0.74358979683115822     
  0.25313424823013059       0.78233282434529716     
  0.25416748446896609       0.81744729651275838     
  0.25520493814235545       0.84858609301155496     
  0.25624662646490398       0.87545286870494776     
  0.25729256672148348       0.89780400312339292     
  0.25834277626751834       0.91544988568742602     
  0.25939727252927380       0.92825554982579139     
  0.26045607300414547       0.93614067614012131     
  0.26151919526094891       0.93907899112809379     
  0.26258665694021183       0.93709709366295513     
  0.26365847575446660       0.93027274641127522     
  0.26473466948854396       0.91873267363679378     
  0.26581525599986822       0.90264991037973241     
  0.26690025321875377       0.88224075082132059     
  0.26798967914870253       0.85776134575447682     
  0.26908355186670235       0.82950400050308537     
  0.27018188952352734       0.79779322539127651     
  0.27128471034403900       0.76298159099312324     
  0.27239203262748851       0.72544543993065913     
  0.27350387474782023       0.68558050597653608     
  0.27462025515397709       0.64379748970326922     
  0.27574119237020622       0.60051763795261970     
  0.27686670499636645       0.55616837202707670     
  0.27799681170823720       0.51117900678230832     
  0.27913153125782791       0.46597659977801198     
  0.28027088247368953       0.42098196637555985     
  0.28141488426122702       0.37660589320716542     
  0.28256355560301261       0.33324557883187678     
  0.28371691555910122       0.29128132668686746     
  0.28487498326734656       0.25107351168485081     
  0.28603777794371876       0.21295983804220331     
  0.28720531888262307       0.17725290218887235     
  0.28837762545721990       0.14423807094695285     
  0.28955471711974690       0.11417168160433722     
  0.29073661340184104        8.7279567082994003E-002
  0.29192333391486291        6.3755906135634755E-002
  0.29311489835022253        4.3762395422592304E-002
  0.29431132647970543        2.7427737442935252E-002
  0.29551263815580109        1.4847435635823355E-002
  0.29671885331203263        6.0838855433982264E-003
  0.29792999196328690        1.1667487439513957E-003
  0.29914607420614708        9.3594330583760628E-005
  0.30036712021922612        2.8307910291729453E-003
  0.30159315026350136        9.3146316209468116E-003
  0.30282418468265071        1.9452670157152463E-002
  0.30406024390339059        3.3125251522018062E-002
  0.30530134843581452        5.0187212208734781E-002
  0.30654751887373349        7.0469730713101808E-002
  0.30779877589501764        9.3782305710772729E-002
  0.30905514026193970       0.11991484015488652     
  0.31031663282151906       0.14863980959844048     
  0.31158327450586787       0.17971449339648649     
  0.31285508633253861       0.21288324796203639     
  0.31413208940487242       0.24787980192136361     
  0.31541430491234945       0.28442955382368607     
  0.31670175413094059       0.32225185399094036     
  0.31799445842346041       0.36106225312954310     
  0.31929243923992134       0.40057470145220209     
  0.32059571811789023       0.44050368325816558     
  0.32190431668284508       0.48056627317953293     
  0.32321825664853443       0.52048410160537650     
  0.32453755981733712       0.55998521812942259     
  0.32586224808062436       0.59880584321847852     
  0.32719234341912323       0.63669199965450685     
  0.32852786790328065       0.67340101665164842     
  0.32986884369363056       0.70870290087989674     
  0.33121529304116082       0.74238156992886806     
  0.33256723828768275       0.77423594501029602     
  0.33392470186620210       0.80408090091692708     
  0.33528770630129073       0.83174807242264381     
  0.33665627420946076       0.85708651741660913     
  0.33803042829953994       0.87996323810826249     
  0.33941019137304806       0.90026356261551821     
  0.34079558632457546       0.91789139015208954     
  0.34218663614216327       0.93276930385857215     
  0.34358336390768413       0.94483855607406741     
  0.34498579279722608       0.95405893151977184     
  0.34639394608147639       0.96040849446201071     
  0.34780784712610791       0.96388322644077262     
  0.34922751939216706       0.96449656159104169     
  0.35065298643646264       0.96227882694994205     
  0.35208427191195729       0.95727659543466248     
  0.35352139956815942       0.94955195939675940     
  0.35496439325151735       0.93918173281044470     
  0.35641327690581565       0.92625659023906792     
  0.35786807457257153       0.91088015074846884     
  0.35932881039143427       0.89316801490207620     
  0.36079550860058590       0.87324676288415892     
  0.36226819353714296       0.85125292165878608     
  0.36374688963756052       0.82733190888671571     
  0.36523162143803800       0.80163696109489413     
  0.36672241357492547       0.77432805332787935     
  0.36821929078513355       0.74557081721109408     
  0.36972227790654283       0.71553546402718493     
  0.37123139987841652       0.68439571905233088     
  0.37274668174181458       0.65232777302372147     
  0.37426814864000829       0.61950925621626596     
  0.37579582581889864       0.58611824019934922     
  0.37732973862743413       0.55233227192768553     
  0.37886991251803198       0.51832744439609901     
  0.38041637304700071       0.48427750766106126     
  0.38196914587496344       0.45035302360394991     
  0.38352825676728425       0.41672056738587671     
  0.38509373159449567       0.38354197812377966     
  0.38666559633272773       0.35097366090491677     
  0.38824387706413899       0.31916594185417135     
  0.38982859997734975       0.28826247757740464     
  0.39141979136787586       0.25839971992682043     
  0.39301747763856587       0.22970643667171042     
  0.39462168530003849       0.20230328831230515     
  0.39623244097112265       0.17630246094615321     
  0.39784977137929967       0.15180735478682861     
  0.39947370336114574       0.12891232764479088     
  0.40110426386277853       0.10770249240991103     
  0.40274147994030307        8.8253567325592197E-002
  0.40438537876026137        7.0631777615429381E-002
  0.40603598760008325        5.4893806815302870E-002
  0.40769333384853856        4.1086795976401524E-002
  0.40935744500619187        2.9248388738194353E-002
  0.41102834868585908        1.9406820124068688E-002
  0.41270607261306486        1.1581046786261040E-002
  0.41439064462650332        5.7809163199703502E-003
  0.41608209267850005        2.0073731790000177E-003
  0.41778044483547516        2.5269865583865876E-004
  0.41948572927840988        5.0078233744532685E-004
  0.42119797430331363        2.7274224130485747E-003
  0.42291720832169355        6.9006521914611874E-003
  0.42464345986102636        1.2981090181613536E-002
  0.42637675756523108        2.0922311100535877E-002
  0.42811713019514508        3.0671235196841003E-002
  0.42986460662900056        4.2168533313949652E-002
  0.43161921586290408        5.5349045164910460E-002
  0.43338098701131811        7.0142208348775492E-002
  0.43514994930754325        8.6472495706032437E-002
  0.43692613210420378       0.10425985868687393     
  0.43870956487373508       0.12342017448976561     
  0.44050027720887197       0.14386569481844558     
  0.44229829882313998       0.16550549420172889     
  0.44410365955134889       0.18824591592201090     
  0.44591638935008682       0.21199101370368245     
  0.44773651829821842       0.23664298742162770     
  0.44956407659738296       0.26210261120130662     
  0.45139909457249600       0.28826965239519386     
  0.45324160267225266       0.31504328003471371     
  0.45509163146963244       0.34232246147164547     
  0.45694921166240710       0.37000634603782789     
  0.45881437407364939       0.39799463466588136     
  0.46068714965224478       0.42618793452666437     
  0.46256756947340538       0.45448809785019395     
  0.46445566473918498       0.48279854420572010     
  0.46635146677899686       0.51102456562305643     
  0.46825500705013429       0.53907361404071308     
  0.47016631713829160       0.56685557066653991     
  0.47208542875808879       0.59428299693320497     
  0.47401237375359806       0.62127136682375961     
  0.47594718409887132       0.64773928043113493     
  0.47788989189847175       0.67360865870030850     
  0.47984052938800570       0.69880491938181566     
  0.48179912893465782       0.72325713430133809     
  0.48376572303772875       0.74689816812115040     
  0.48574034432917323       0.76966479883587402     
  0.48772302557414277       0.79149782030702953     
  0.48971379967152823       0.81234212719804977     
  0.49171269965450648       0.83214678272428855     
  0.49371975869108847       0.85086506968045472     
  0.49573501008466908       0.86845452525158373     
  0.49775848727458005       0.88487696015270345     
  0.49979022383664523       0.90009846267702931     
  0.50183025348373689       0.91408938826297514     
  0.50387861006633561       0.92682433521659968     
  0.50593532757309234       0.93828210724833783     
  0.50800044013139123       0.94844566350128201     
  0.51007398200791731       0.95730205676297575     
  0.51215598760922409       0.96484236056378725     
  0.51424649148230461       0.97106158587263791     
  0.51634552831516523       0.97595858810534752     
  0.51845313293740036       0.97953596516229180     
  0.52056934032077162       0.98179994721057440     
  0.52269418557978653       0.98276027892177920     
  0.52482770397228251       0.98243009486964872     
  0.52696993090001132       0.98082578878298410     
  0.52912090190922667       0.97796687733783783     
  0.53128065269127367       0.97387585915983832     
  0.53344921908318188       0.96857806969241955     
  0.53562663706825886       0.96210153257002640     
  0.53781294277668812       0.95447680811711733     
  0.54000817248612853       0.94573683957427102     
  0.54221236262231554       0.93591679763196101     
  0.54442554975966673       0.92505392383078366     
  0.54664777062188774       0.91318737336433364     
  0.54887906208258186       0.90035805779751010     
  0.55111946116586275       0.88660848818906168     
  0.55336900504696696       0.87198261908271413     
  0.55562773105287300       0.85652569380644061     
  0.55789567666291884       0.84028409149432082     
  0.56017287950942463       0.82330517622029886     
  0.56245937737831742       0.80563714860789737     
  0.56475520820975744       0.78732890025485447     
  0.56706041009876806       0.76842987128659346     
  0.56937502129586803       0.74898991132773451     
  0.57169908020770599       0.72905914415643513     
  0.57403262539769728       0.70868783628229015     
  0.57637569558666502       0.68792626966495918     
  0.57872832965348131       0.66682461876763932     
  0.58109056663571335       0.64543283211694380     
  0.58346244573027040       0.62380051851900631     
  0.58584400629405475       0.60197683806020064     
  0.58823528784461476       0.58001039800060272     
  0.59063633006079996       0.55794915364828368     
  0.59304717278342045       0.53584031428363077     
  0.59546785601590702       0.51373025418461826     
  0.59789841992497528       0.49166442878640360     
  0.60033890484129260       0.46968729599208447     
  0.60278935126014666       0.44784224263552108     
  0.60524979984211758       0.42617151608220172     
  0.60772029141375294       0.40471616093988716     
  0.61020086696824494       0.38351596083749206     
  0.61269156766611022       0.36260938521813735     
  0.61519243483587394       0.34203354108050144     
  0.61770350997475421       0.32182412959197426     
  0.62022483474935197       0.30201540748673272     
  0.62275645099634114       0.28264015315284008     
  0.62529840072316345       0.26372963730376831     
  0.62785072610872605       0.24531359812212339     
  0.63041346950409982       0.22742022075626356     
  0.63298667343322390       0.21007612104422679     
  0.63557038059361004       0.19330633333379899     
  0.63816463385705124       0.17713430226264426     
  0.64076947627033398       0.16158187835811688     
  0.64338495105595150       0.14666931731278376     
  0.64601110161282127       0.13241528278861869     
  0.64864797151700582       0.11883685260038668     
  0.65129560452243462       0.10594952812688607     
  0.65395404456163087        9.3767246797254789E-002
  0.65662333574644061        8.2302397498756119E-002
  0.65930352236876377        7.1565838752048028E-002
  0.66199464890129045        6.1566919499983608E-002
  0.66469675999823752        5.2313502356487462E-002
  0.66740990049609028        4.3811989162940268E-002
  0.67013411541434675        3.6067348700743351E-002
  0.67286944995626363        2.9083146410353033E-002
  0.67561594950960757        2.2861575969001846E-002
  0.67837365964740748        1.7403492581537727E-002
  0.68114262612871068        1.2708447841359938E-002
  0.68392289489934310        8.7747260210998546E-003
  0.68671451209267076        5.5993816558135316E-003
  0.68951752403036504        3.1782782845163338E-003
  0.69233197722317286        1.5061282193793450E-003
  0.69515791837168661        5.7653321540473979E-004
  0.69799539436711988        3.8202591712543921E-004
  0.70084445229208592        9.1411196268798012E-004
  0.70370513942137802        2.1633126296571863E-003
  0.70657750322275481        4.1192079108592905E-003
  0.70946159135772713        6.7704799127695781E-003
  0.71235745168234910        1.0104956473062199E-002
  0.71526513224801314        1.4109654898203261E-002
  0.71818468130224533        1.8770825726218351E-002
  0.72111614728950835        2.4073996424021527E-002
  0.72405957885200312        3.0004014933008642E-002
  0.72701502483047720        3.6545092980868388E-002
  0.72998253426503557        4.3680849081828454E-002
  0.73296215639595286        5.1394351151796247E-002
  0.73595394066449149        5.9668158669061055E-002
  0.73895793671372234        6.8484364315326118E-002
  0.74197419438934753        7.7824635036004786E-002
  0.74500276374052765        8.7670252462680898E-002
  0.74804369502071344        9.8002152644663942E-002
  0.75109703868847777       0.10880096504039205     
  0.75416284540835488       0.12004705072330646     
  0.75724116605167924       0.13172053976049525     
  0.76033205169743068       0.14380136772606156     
  0.76343555363308235       0.15626931131471133     
  0.76655172335545019       0.16910402302444139     
  0.76968061257154952       0.18228506488063323     
  0.77282227319945096       0.19579194117699017     
  0.77597675736914307       0.20960413021193458     
  0.77914411742339751       0.22370111500210033     
  0.78232440591863694       0.23806241295740105     
  0.78551767562580699       0.25266760450501480     
  0.78872397953125306       0.26749636065226834     
  0.79194337083759792       0.28252846948095967     
  0.79517590296462559       0.29774386156813792     
  0.79842162955016782       0.31312263433071075     
  0.80168060445099321       0.32864507529341080     
  0.80495288174370172       0.34429168428188450     
  0.80823851572562166       0.36004319454457068     
  0.81153756091571005       0.37588059280897945     
  0.81485007205545901       0.39178513827984085     
  0.81817610410980179       0.40773838058810352     
  0.82151571226802678       0.42372217670161783     
  0.82486895194469190       0.43971870680951286     
  0.82823587878054472       0.45571048919396151     
  0.83161654864344625       0.47168039410406781     
  0.83501101762929653       0.48761165664797068     
  0.83841934206296653       0.50348788872028094     
  0.84184157849923302       0.51929308998300627     
  0.84527778372371576       0.53501165791900651     
  0.84872801475382054       0.55062839697794685     
  0.85219232883968588       0.56612852683536441     
  0.85567078346513115       0.58149768978622196     
  0.85916343634861292       0.59672195729490074     
  0.86267034544418009       0.61178783572411000     
  0.86619156894243732       0.62668227126565501     
  0.86972716527151039       0.64139265409639723     
  0.87327719309801433       0.65590682178306425     
  0.87684171132802924       0.67021306195984476     
  0.88042077910807537       0.68430011430285598     
  0.88401445582609561       0.69815717182583370     
  0.88762280111244185       0.71177388152134746     
  0.89124587484086226       0.72514034437198771     
  0.89488373712949654       0.73824711475594307     
  0.89853644834187318       0.75108519927130701     
  0.90220406908791040       0.76364605500340088     
  0.90588666022492215       0.77592158725922300     
  0.90958428285862880       0.78790414679301191     
  0.91329699834416944       0.79958652654663143     
  0.91702486828712149       0.81096195792834735     
  0.92076795454452198       0.82202410665314751     
  0.92452631922589401       0.83276706816761381     
  0.92830002469427830       0.84318536268190447     
  0.93208913356726641       0.85327392983109840     
  0.93589370871804145       0.86302812298777498     
  0.93971381327641990       0.87244370324731557     
  0.94354951062989978       0.88151683310695339     
  0.94740086442471305       0.89024406985921112     
  0.95126793856688030       0.89862235871989959     
  0.95515079722327212       0.90664902571037509     
  0.95904950482267404       0.91432177031329687     
  0.96296412605685466       0.92163865792063415     
  0.96689472588163972       0.92859811209216736     
  0.97084136951799027       0.93519890664225580     
  0.97480412245308368       0.94144015757209054     
  0.97878305044140190       0.94732131486418303     
  0.98277821950582100       0.95284215415529860     
  0.98678969593870736       0.95800276830352926     
  0.99081754630301844       0.96280355886468194     
  0.99486183743340539       0.96724522749263575     
  0.99892263643732426       0.97132876727780504     
   1.0030000106961476       0.97505545403731486     
   1.0070940278662834       0.97842683757000326     
   1.0112047558802988       0.98144473288882006     
   1.0153322629480441       0.98411121144270530     
   1.0194766175577885       0.98642859233952440     
   1.0236378884773538       0.98839943358112337     
   1.0278161447552574       0.99002652332109220     
   1.0320114557218547       0.99131287115532574     
   1.0362238909904942       0.99226169945499820     
   1.0404535204586696       0.99287643475109288     
   1.0447004143091787       0.99316069917916594     
   1.0489646430112913       0.99311830199256590     
   1.0532462773219167       0.99275323115188852     
   1.0575453882867758       0.99206964499800154     
   1.0618620472415838       0.99107186401555358     
   1.0661963258132321       0.98976436269345480     
   1.0705482959209747       0.98815176148841810     
   1.0749180297776255       0.98623881889723863     
   1.0793055998907541       0.98403042364311033     
   1.0837110790638902       0.98153158698089926     
   1.0881345403977287       0.97874743512591800     
   1.0925760572913470       0.97568320181039503     
   1.0970357034434204       0.97234422097148809     
   1.1015135528534441       0.96873591957434591     
   1.1060096798229635       0.96486381057339965     
   1.1105241589568067       0.96073348601476094     
   1.1150570651643195       0.95635061028228618     
   1.1196084736606120       0.95172091348956889     
   1.1241784599678060       0.94685018501986229     
   1.1287670999162849       0.94174426721563764     
   1.1333744696459565       0.93640904921921719     
   1.1380006456075142       0.93085046096570823     
   1.1426457045637044       0.92507446732916809     
   1.1473097235906025       0.91908706242273031     
   1.1519927800788912       0.91289426405319962     
   1.1566949517351428       0.90650210833039868     
   1.1614163165831117       0.89991664443133979     
   1.1661569529650266       0.89314392951913546     
   1.1709169395428922       0.88619002381631995     
   1.1756963552997917       0.87906098583214554     
   1.1804952795412009       0.87176286774317757     
   1.1853137918963028       0.86430171092642327     
   1.1901519723193061       0.85668354164403238     
   1.1950099010907769       0.84891436687846278     
   1.1998876588189678       0.84100017031692686     
   1.2047853264411541       0.83294690848373665     
   1.2097029852249803       0.82476050701907744     
   1.2146407167698074       0.81644685710265907     
   1.2195986030080641       0.80801181202054106     
   1.2245767262066105       0.79946118387333476     
   1.2295751689681005       0.79080074042395787     
   1.2345940142323542       0.78203620208293778     
   1.2396333452777308       0.77317323902927781     
   1.2446932457225151       0.76421746846473337     
   1.2497737995263021       0.75517445199938493     
   1.2548750909913893       0.74604969316624214     
   1.2599972047641785       0.73684863506261489     
   1.2651402258365791       0.72757665811591643     
   1.2703042395474162       0.71823907797154485     
   1.2754893315838498       0.70884114350040184     
   1.2806955879827961       0.69938803492362922     
   1.2859230951323521       0.68988486205209520     
   1.2911719397732333       0.68033666263810622     
   1.2964422090002106       0.67074840083685516     
   1.3017339902635547       0.66112496577506386     
   1.3070473713704895       0.65147117022426881     
   1.3123824404866489       0.64179174937620154     
   1.3177392861375357       0.63209135971771091     
   1.3231179972099965       0.62237457800264517     
   1.3285186629536925       0.61264590031816391     
   1.3339413729825829       0.60290974124290408     
   1.3393862172764077       0.59317043309445183     
   1.3448532861821869       0.58343222526359440     
   1.3503426704157151       0.57369928363281941     
   1.3558544610630672       0.56397569007655302     
   1.3613887495821120       0.55426544204063743     
   1.3669456278040288       0.54457245219858774     
   1.3725251879348284       0.53490054818216370     
   1.3781275225568879       0.52525347238383391     
   1.3837527246304846       0.51563488182871953     
   1.3894008874953359       0.50604834811366384     
   1.3950721048721533       0.49649735741104373     
   1.4007664708641934       0.48698531053503791     
   1.4064840799588225       0.47751552306804279     
   1.4122250270290799       0.46809122554499327     
   1.4179894073352572       0.45871556369335054     
   1.4237773165264773       0.44939159872658685     
   1.4295888506422783       0.44012230768901406     
   1.4354241061142121       0.43091058384981051     
   1.4412831797674421       0.42175923714421482     
   1.4471661688223481       0.41267099465980106     
   1.4530731708961429       0.40364850116586337     
   1.4590042840044910       0.39469431968391544     
   1.4649596065631323       0.38581093209742268     
   1.4709392373895191       0.37700073979881665     
   1.4769432757044543       0.36826606437202036     
   1.4829718211337348       0.35960914830861779     
   1.4890249737098105       0.35103215575592461     
   1.4951028338734396       0.34253717329524958     
   1.5012055024753554       0.33412621074862747     
   1.5073330807779428       0.32580120201240792     
   1.5134856704569155       0.31756400591608391     
   1.5196633736030056       0.30941640710478835     
   1.5258662927236537       0.30136011694395781     
   1.5320945307447145       0.29339677444464729     
   1.5383481910121630       0.28552794720808505     
   1.5446273772938062       0.27775513238803773     
   1.5509321937810101       0.27007975766963721     
   1.5572627450904259       0.26250318226331915     
   1.5636191362657244       0.25502669791264110     
   1.5700014727793419       0.24765152991464134     
   1.5764098605342303       0.24037883815162064     
   1.5828444058656099       0.23320971813311409     
   1.5893052155427401       0.22614520204693278     
   1.5957923967706868       0.21918625981817585     
   1.6023060571921037       0.21233380017515824     
   1.6088463048890147       0.20558867172120532     
   1.6154132483846122       0.19895166401133668     
   1.6220069966450557       0.19242350863287339     
   1.6286276590812767       0.18600488028905904     
   1.6352753455508005       0.17969639788476477     
   1.6419501663595648       0.17349862561347440     
   1.6486522322637496       0.16741207404467573     
   1.6553816544716176       0.16143720121088834     
   1.6621385446453594       0.15557441369355973     
   1.6689230149029417       0.14982406770710055     
   1.6757351778199741       0.14418647018033548     
   1.6825751464315746       0.13866187983473455     
   1.6894430342342412       0.13325050825873808     
   1.6963389551877424       0.12795252097759657     
   1.7032630237170037       0.12276803851809337     
   1.7102153547140044       0.11769713746764310     
   1.7171960635396897       0.11273985152716803     
   1.7242052660258809       0.10789617255728867     
   1.7312430784771990       0.10316605161733239     
   1.7383096176729915        9.8549399996669784E-002
   1.7454050008692747        9.4046090237987490E-002
   1.7525293458006783        8.9655957152043775E-002
   1.7596827706823941        8.5378798823541713E-002
   1.7668653942121444        8.1214377607728316E-002
   1.7740773355721486        7.7162421117397684E-002
   1.7813187144310982        7.3222623199934334E-002
   1.7885896509461472        6.9394644904129499E-002
   1.7958902657649043        6.5678115436450191E-002
   1.8032206800274309        6.2072633106509123E-002
   1.8105810153682576        5.8577766261482589E-002
   1.8179713939183981        5.5193054209238590E-002
   1.8253919383073787        5.1918008129963611E-002
   1.8328427716652678        4.8752111976098633E-002
   1.8403240176247260        4.5694823360379777E-002
   1.8478358003230537        4.2745574431843458E-002
   1.8553782444042495        3.9903772739630528E-002
   1.8629514750210820        3.7168802084456942E-002
   1.8705556178371661        3.4540023357624072E-002
   1.8781907990290427        3.2016775367473715E-002
   1.8858571452882809        2.9598375653183129E-002
   1.8935547838235744        2.7284121285813145E-002
   1.9012838423628520        2.5073289656558528E-002
   1.9090444491554013        2.2965139252123290E-002
   1.9168367329739937        2.0958910417189447E-002
   1.9246608231170197        1.9053826103933580E-002
   1.9325168494106386        1.7249092608573102E-002
   1.9404049422109304        1.5543900294928803E-002
   1.9483252324060565        1.3937424304997115E-002
   1.9562778514184365        1.2428825256531661E-002
   1.9642629312069249        1.1017249927659178E-002
   1.9722806042690040        9.7018319285464560E-003
   1.9803310036429771        8.4816923601429561E-003
   1.9884142629101824        7.3559404600544998E-003
   1.9965305161972071        6.3236742355751163E-003
   2.0046798981781091        5.3839810839412250E-003
   2.0128625440766581        4.5359383998738734E-003
   2.0210785896685763        3.7786141704531095E-003
   2.0293281712837890        3.1110675574311801E-003
   2.0376114258086915        2.5323494670292921E-003
   2.0459284906884188        2.0415031073216516E-003
   2.0542795039291217        1.6375645333079900E-003
   2.0626646041002639        1.3195631797241480E-003
   2.0710839303369175        1.0865223817531078E-003
   2.0795376223420732        9.3745988367477341E-004
   2.0880258203889532        8.7138833562494609E-004
   2.0965486653233478        8.8731577852429978E-004
   2.1051062985659468        9.8424611732694832E-004
   2.1136988621146831        1.1611795826834688E-003
   2.1223264985470975        1.4171131811649973E-003
   2.1309893510226989        1.7510411341514773E-003
   2.1396875632853374        2.1619553055259866E-003
   2.1484212796655959        2.6488456182998115E-003
   2.1571906450831819        3.2107004603111329E-003
   2.1659958050493291        3.8465070791072753E-003
   2.1748369056692178        4.5552519661902205E-003
   2.1837140936443968        5.3359212307133586E-003
   2.1926275162752127        6.1875009628172828E-003
   2.2015773214632635        7.1089775867139160E-003
   2.2105636577138457        8.0993382036833594E-003
   2.2195866741384194        9.1575709251108250E-003
   2.2286465204570853        1.0282665195722518E-002
   2.2377433470010675        1.1473612107162579E-002
   2.2468773047152077        1.2729404702059188E-002
   2.2560485451604677        1.4049038268721059E-002
   2.2652572205164492        1.5431510626620626E-002
   2.2745034835839171        1.6875822402817597E-002
   2.2837874877873303        1.8380977299450763E-002
   2.2931093871773944        1.9945982352467362E-002
   2.3024693364336155        2.1569848181732798E-002
   2.3118674908668622        2.3251589232660574E-002
   2.3213040064219506        2.4990224009533102E-002
   2.3307790396802273        2.6784775300626285E-002
   2.3402927478621649        2.8634270395322958E-002
   2.3498452888299783        3.0537741293343412E-002
   2.3594368210902377        3.2494224906230662E-002
   2.3690675037965030        3.4502763251263446E-002
   2.3787374967519588        3.6562403637913299E-002
   2.3884469604120731        3.8672198847014450E-002
   2.3981960558872570        4.0831207302768346E-002
   2.4079849449455333        4.3038493237748332E-002
   2.4178137900152290        4.5293126851024490E-002
   2.4276827541876669        4.7594184459560318E-002
   2.4375920012198664        4.9940748643026556E-002
   2.4475416955372706        5.2331908382154513E-002
   2.4575320022364697        5.4766759190782888E-002
   2.4675630870879357        5.7244403241716979E-002
   2.4776351165387829        5.9763949486556278E-002
   2.4877482577155234        6.2324513769596801E-002
   2.4979026784268394        6.4925218935972029E-002
   2.5080985471663721        6.7565194934127493E-002
   2.5183360331155162        7.0243578912792981E-002
   2.5286153061462220        7.2959515312550294E-002
   2.5389365368238228        7.5712155952149085E-002
   2.5492998964098588        7.8500660109671161E-002
   2.5597055568649218        8.1324194598681565E-002
   2.5701536908515048        8.4181933839485246E-002
   2.5806444717368717        8.7073059925609875E-002
   2.5911780735959340        8.9996762685623510E-002
   2.6017546712141315        9.2952239740427767E-002
   2.6123744400903441        9.5938696556104541E-002
   2.6230375564397970        9.8955346492473506E-002
   2.6337441971969815       0.10200141084742753     
   2.6444945400185995       0.10507611889720381     
   2.6552887632865070       0.10817870793265683     
   2.6661270461106703       0.11130842329165713     
   2.6770095683321458       0.11446451838774074     
   2.6879365105260575       0.11764625473506984     
   2.6989080540045989       0.12085290196985199     
   2.7099243808200328       0.12408373786828186     
   2.7209856737677236       0.12733804836113538     
   2.7320921163891634       0.13061512754508176     
   2.7432438929750149       0.13391427769083863     
   2.7544411885681774       0.13723480924824238     
   2.7656841889668535       0.14057604084833941     
   2.7769730807276272       0.14393729930257870     
   2.7883080511685678       0.14731791959920149     
   2.7996892883723348       0.15071724489691807     
   2.8111169811892935       0.15413462651594168     
   2.8225913192406575       0.15756942392648454     
   2.8341124929216317       0.16102100473478942     
   2.8456806934045655       0.16448874466676100     
   2.8572961126421350       0.16797202754931628     
   2.8689589433705232       0.17147024528948618     
   2.8806693791126143       0.17498279785137827     
   2.8924276141812122       0.17850909323106057     
   2.9042338436822610       0.18204854742944210     
   2.9160882635180831       0.18560058442322014     
   2.9279910703906258       0.18916463613396928     
   2.9399424618047334       0.19274014239543580     
   2.9519426360714194       0.19632655091911433     
   2.9639917923111532       0.19992331725814938     
   2.9760901304571732       0.20352990476966482     
   2.9882378512587997       0.20714578457554000     
   3.0004351562847607       0.21077043552172992     
   3.0126822479265480       0.21440334413617379     
   3.0249793294017673       0.21804400458534845     
   3.0373266047575087       0.22169191862952997     
   3.0497242788737404       0.22534659557682368     
   3.0621725574667020       0.22900755223600811     
   3.0746716470923223       0.23267431286825013     
   3.0872217551496384       0.23634640913774996     
   3.0998230898842483       0.24002338006135271     
   3.1124758603917613       0.24370477195719797     
   3.1251802766212617       0.24739013839242874     
   3.1379365493788032       0.25107904013003879     
   3.1507448903309023       0.25477104507487425     
   3.1636055120080444       0.25846572821885572     
   3.1765186278082207       0.26216267158545781     
   3.1894844520004644       0.26586146417348666     
   3.2025031997284015       0.26956170190020112     
   3.2155750870138298       0.27326298754381695     
   3.2287003307602982       0.27696493068543804     
   3.2418791487567020       0.28066714765043310     
   3.2551117596809069       0.28436926144933805     
   3.2683983831033703       0.28807090171827188     
   3.2817392394907818       0.29177170465892566     
   3.2951345502097307       0.29547131297817164     
   3.3085845375303724       0.29916937582729952     
   3.3220894246301196       0.30286554874092442     
   3.3356494355973410       0.30655949357560808     
   3.3492647954350852       0.31025087844820365     
   3.3629357300648142       0.31393937767397539     
   3.3766624663301439       0.31762467170450259     
   3.3904452320006189       0.32130644706541489     
   3.4042842557754875       0.32498439629397025     
   3.4181797672874907       0.32865821787650806     
   3.4321319971066844       0.33232761618581286     
   3.4461411767442565       0.33599230141839576     
   3.4602075386563675       0.33965198953172659     
   3.4743313162480152       0.34330640218144859     
   3.4885127438769019       0.34695526665858345     
   3.5027520568573265       0.35059831582675449     
   3.5170494914640815       0.35423528805945148     
   3.5314052849363842       0.35786592717736010     
   3.5458196754818094       0.36148998238576446     
   3.5602929022802345       0.36510720821205256     
   3.5748252054878202       0.36871736444334458     
   3.5894168262409902       0.37232021606424426     
   3.6040680066604258       0.37591553319475746     
   3.6187789898550959       0.37950309102837343     
   3.6335500199262847       0.38308266977032923     
   3.6483813419716364       0.38665405457608115     
   3.6632732020892336       0.39021703548998732     
   3.6782258473816740       0.39377140738422589     
   3.6932395259601685       0.39731696989794940     
   3.7083144869486642       0.40085352737670132     
   3.7234509804879772       0.40438088881210499     
   3.7386492577399353       0.40789886778182416     
   3.7539095708915569       0.41140728238983171     
   3.7692321731592284       0.41490595520696860     
   3.7846173187929102       0.41839471321182808     
   3.8000652630803460       0.42187338773196048     
   3.8155762623513128       0.42534181438541663     
   3.8311505739818670       0.42879983302263480     
   3.8467884563986092       0.43224728766867704     
   3.8624901690829847       0.43568402646583859     
   3.8782559725755825       0.43910990161661201     
   3.8940861284804527       0.44252476932704798     
   3.9099808994694594       0.44592848975048005     
   3.9259405492866346       0.44932092693166159     
   3.9419653427525452       0.45270194875128655     
   3.9580555457687030       0.45607142687092561     
   3.9742114253219660       0.45942923667836377     
   3.9904332494889743       0.46277525723336210     
   4.0067212874405893       0.46610937121383700     
   4.0230758094463717       0.46943146486246423     
   4.0394970868790629       0.47274142793371898     
   4.0559853922190783       0.47603915364134541     
   4.0725409990590427       0.47932453860626900     
   4.0891641821083224       0.48259748280495018     
   4.1058552171975808       0.48585788951818221     
   4.1226143812833644       0.48910566528034227     
   4.1394419524526915       0.49234071982909311     
   4.1563382099276636       0.49556296605553396     
   4.1733034340701094       0.49877231995482041     
   4.1903379063862296       0.50196870057722875     
   4.2074419095312638       0.50515202997969366     
   4.2246157273141920       0.50832223317780145     
   4.2418596447024361       0.51147923809825036     
   4.2591739478265858       0.51462297553177327     
   4.2765589239851547       0.51775337908653163     
   4.2940148616493437       0.52087038514197370     
   4.3115420504678283       0.52397393280315763     
   4.3291407812715565       0.52706396385554699     
   4.3468113460785895       0.53014042272027684     
   4.3645540380989400       0.53320325640988231     
   4.3823691517394279       0.53625241448449712     
   4.4002569826085844       0.53928784900852633     
   4.4182178275215458       0.54230951450780696     
   4.4362519845049730       0.54531736792710384     
   4.4543597528020111       0.54831136858834295     
   4.4725414328772475       0.55129147814904056     
   4.4907973264216903       0.55425766056132864     
   4.5091277363577875       0.55720988203142463     
   4.5275329668444471       0.56014811097955219     
   4.5460133232820850       0.56307231800034563     
   4.5645691123176864       0.56598247582367966     
   4.5832006418499045       0.56887855927598663     
   4.6019082210341660       0.57176054524202224     
   4.6206921602877928       0.57462841262707909     
   4.6395527712951647       0.57748214231966111     
   4.6584903670128890       0.58032171715460978     
   4.6775052616749795       0.58314712187666795     
   4.6965977707980926       0.58595834310450501     
   4.7157682111867478       0.58875536929517736     
   4.7350169009385850       0.59153819070903357     
   4.7543441594496505       0.59430679937505893     
   4.7737503074196939       0.59706118905666217     
   4.7932356668574805       0.59980135521788625     
   4.8128005610861475       0.60252729499006241     
   4.8324453147485658       0.60523900713889001     
   4.8521702538127149       0.60793649203193856     
   4.8719757055771122       0.61061975160658266     
   4.8918619986762248       0.61328878933835029     
   4.9118294630859394       0.61594361020969535     
   4.9318784301290162       0.61858422067917818     
   4.9520092324806102       0.62121062865107080     
   4.9722222041737796       0.62382284344535832     
   4.9925176806050207       0.62642087576815308     
   5.0128959985398502       0.62900473768251652     
   5.0333574961183860       0.63157444257966933     
   5.0539025128609465       0.63413000515061291     
   5.0745313896737043       0.63667144135813025     
   5.0952444688543324       0.63919876840919221     
   5.1160420940976774       0.64171200472773426     
   5.1369246105014765       0.64421116992783634     
   5.1578923645720769       0.64669628478726526     
   5.1789457042301867       0.64916737122140811     
   5.2000849788166388       0.65162445225757148     
   5.2213105390982024       0.65406755200965494     
   5.2426227372734004       0.65649669565319346     
   5.2640219269783390       0.65891190940075939     
   5.2855084632925946       0.66131322047772589     
   5.3070827027450962       0.66370065709839432     
   5.3287450033200381       0.66607424844246244     
   5.3504957244628288       0.66843402463185697     
   5.3723352270860527       0.67078001670790222     
   5.3942638735754480       0.67311225660883922     
   5.4162820277959387       0.67543077714767996     
   5.4383900550976607       0.67773561199040167     
   5.4605883223220175       0.68002679563447077     
   5.4828771978077846       0.68230436338770084     
   5.5052570513972130       0.68456835134743521     
   5.5277282544421542       0.68681879638004828     
   5.5502911798102446       0.68905573610077286     
   5.5729462018910780       0.69127920885383887     
   5.5956936966024218       0.69348925369292735     
   5.6185340413964466       0.69568591036192906     
   5.6414676152660075       0.69786921927601797     
   5.6644947987509173       0.70003922150301490     
   5.6876159739442613       0.70219595874505991     
   5.7108315244987482       0.70433947332057778     
   5.7341418356330687       0.70646980814653182     
   5.7575472941382806       0.70858700672097086     
   5.7810482883842447       0.71069111310586164     
   5.8046452083260549       0.71278217191020166     
   5.8283384455105089       0.71486022827340956     
   5.8521283930826149       0.71692532784899676     
   5.8760154457921070       0.71897751678850519     
