  0.10000000000000001        6.2801008622379251E-002
  0.10040817718110437       0.11455121628669664     
  0.10081802044832047       0.18311781031750751     
  0.10122953660223166       0.26374092230888890     
  0.10164273247117964       0.35090298870980985     
  0.10205761491137796       0.43871924668494700     
  0.10247419080702558       0.52134168565281591     
  0.10289246707042120       0.59334879171713406     
  0.10331245064207799       0.65009559443012110     
  0.10373414849083867       0.68800229214909225     
  0.10415756761399117       0.70476474811748968     
  0.10458271503738485       0.69947600801870990     
  0.10500959781554686       0.67265425568789450     
  0.10543822303179938       0.62617886341007178     
  0.10586859779837712       0.56314200361783140     
  0.10630072925654524       0.48762832117011934     
  0.10673462457671801       0.40443914424020089     
  0.10717029095857759       0.31878044721704168     
  0.10760773563119364       0.23593517240890016     
  0.10804696585314330       0.16094056119798550     
  0.10848798891263144        9.8289916871430294E-002
  0.10893081212761184        5.1675871615538771E-002
  0.10937544284590843        2.3788969008900374E-002
  0.10982188844533726        1.6181452360050863E-002
  0.11027015633382903        2.9201843205106881E-002
  0.11072025394955184        6.2001482847795719E-002
  0.11117218876103470       0.11260996026786274     
  0.11162596826729153       0.17807250190122781     
  0.11208159999794542       0.25463915293480954     
  0.11253909151335369       0.33799308759994129     
  0.11299845040473337       0.42350374545325142     
  0.11345968429428700       0.50648974428749383     
  0.11392280083532935       0.58247665678149563     
  0.11438780771241415       0.64743569675323087     
  0.11485471264146174       0.69799103929022888     
  0.11532352336988719       0.73158576124875030     
  0.11579424767672861       0.74659907562960659     
  0.11626689337277650       0.74241047351875911     
  0.11674146830070313       0.71940940674555165     
  0.11721798033519278       0.67895207669730562     
  0.11769643738307244       0.62326958926139231     
  0.11817684738344295       0.55533406487597292     
  0.11865921830781066       0.47869115631843229     
  0.11914355816021997       0.39726875644505510     
  0.11962987497738581       0.31517243734862999     
  0.12011817682882717       0.23647834695644043     
  0.12060847181700105       0.16503392433800035     
  0.12110076807743671       0.10427593253925684     
  0.12159507377887094        5.7074020848819740E-002
  0.12209139712338332        2.5606406577947993E-002
  0.12258974634653247        1.1272409825592411E-002
  0.12309012971749274        1.4644588227408439E-002
  0.12359255553919130        3.5461206513679233E-002
  0.12409703214844603        7.2657836165725520E-002
  0.12460356791610375       0.12443510171816752     
  0.12511217124717913       0.18835804677092916     
  0.12562285058099434       0.26148134277527624     
  0.12613561439131882       0.34049364756894396     
  0.12665047118650996       0.42187386050560471     
  0.12716742950965446       0.50205182087269595     
  0.12768649793870987       0.57756614327325362     
  0.12820768508664696       0.64521234991531018     
  0.12873099960159279       0.70217520486836604     
  0.12925645016697404       0.74614012906930283     
  0.12978404550166117       0.77537972016113454     
  0.13031379436011306       0.78881265738229167     
  0.13084570553252231       0.78603357721846456     
  0.13137978784496107       0.76731380095978230     
  0.13191605015952751       0.73357402575135011     
  0.13245450137449291       0.68633120782263646     
  0.13299515042444918       0.62762283012269549     
  0.13353800628045717       0.55991252563341221     
  0.13408307795019572       0.48598160112590572     
  0.13463037447811083       0.40881136303938370     
  0.13517990494556581       0.33146128620380688     
  0.13573167847099218       0.25694799505676291     
  0.13628570421004074       0.18812976162384998     
  0.13684199135573349       0.12760078743130499     
  0.13740054913861643        7.7598955644583634E-002
  0.13796138682691236        3.9930046834055988E-002
  0.13852451372667493        1.5910640873216475E-002
  0.13908993918194296        6.3311133108530163E-003
  0.13965767257489561        1.1439311160249654E-002
  0.14022772332600780        3.0944692461612355E-002
  0.14080010089420669        6.4041965159008729E-002
  0.14137481477702879       0.10945258877947428     
  0.14195187451077720       0.16548192746890822     
  0.14253128967068007       0.23008938043221838     
  0.14311306987104958       0.30096847580081043     
  0.14369722476544117       0.37563370123591422     
  0.14428376404681392       0.45151075899179294     
  0.14487269744769149       0.52602696990175413     
  0.14546403474032335       0.59669870091455823     
  0.14605778573684705       0.66121294204214154     
  0.14665396028945119       0.71750049577464670     
  0.14725256829053859       0.76379864807562037     
  0.14785361967289068       0.79870164665222876     
  0.14845712440983222       0.82119780047457169     
  0.14906309251539690       0.83069251587568771     
  0.14967153404449324       0.82701708121999162     
  0.15028245909307170       0.81042348769636818     
  0.15089587779829214       0.78156601373531220     
  0.15151180033869191       0.74147069253444742     
  0.15213023693435482       0.69149411632274382     
  0.15275119784708088       0.63327330002006998     
  0.15337469338055626       0.56866852621582986     
  0.15400073388052446       0.49970122085470947     
  0.15462932973495802       0.42848896509888346     
  0.15526049137423079       0.35717973621634413     
  0.15589422927129087       0.28788739370766636     
  0.15653055394183482       0.22263029261285128     
  0.15716947594448166       0.16327472178254188     
  0.15781100588094832       0.11148463961768840     
  0.15845515439622559        6.8678922804893183E-002
  0.15910193217875471        3.5997064642318888E-002
  0.15975134996060453        1.4273968397966907E-002
  0.16040341851764989        4.0241871933466358E-003
  0.16105814866975027        5.4356740146832561E-003
  0.16171555128092935        1.8372831677113462E-002
  0.16237563725955523        4.2388399983308123E-002
  0.16303841755852153        7.6743491889291970E-002
  0.16370390317542910       0.12043489697355292     
  0.16437210515276834       0.17222861240298459     
  0.16504303457810285       0.23069844114264415     
  0.16571670258425286       0.29426841537736359     
  0.16639312034948034       0.36125775985147035     
  0.16707229909767446       0.42992710386448507     
  0.16775425009853762       0.49852467981006932     
  0.16843898466777257       0.56533130741720727     
  0.16912651416727026       0.62870305257629777     
  0.16981685000529834       0.68711056362233092     
  0.17051000363669019       0.73917422164860547     
  0.17120598656303537       0.78369439007490937     
  0.17190481033287031       0.81967620746276859     
  0.17260648654186983       0.84634853169836655     
  0.17331102683303970       0.86317680858131030     
  0.17401844289690985       0.86986979929542507     
  0.17472874647172817       0.86638025531385376     
  0.17544194934365545       0.85289977258413940     
  0.17615806334696094       0.82984818644200731     
  0.17687710036421864       0.79785798225799720     
  0.17759907232650440       0.75775429253919113     
  0.17832399121359424       0.71053112787013617     
  0.17905186905416270       0.65732454601993917     
  0.17978271792598266       0.59938350063562185     
  0.18051654995612570       0.53803912854754854     
  0.18125337732116351       0.47467323364021941     
  0.18199321224736950       0.41068670669274809     
  0.18273606701092207       0.34746858610276865     
  0.18348195393810826       0.28636641578124677     
  0.18423088540552804       0.22865849575462915     
  0.18498287384029991       0.17552855028943826     
  0.18573793172026712       0.12804325989776066     
  0.18649607157420448        8.7133019645468712E-002
  0.18725730598202642        5.3576198992903556E-002
  0.18802164757499584        2.7987090091307849E-002
  0.18878910903593346        1.0807644055154331E-002
  0.18955970309942835        2.3030100855437920E-003
  0.19033344255204943        2.5608120986384542E-003
  0.19111034023255730        1.1494023165123596E-002
  0.19189040903211749        2.8847230813425322E-002
  0.19267366189451438        5.4206027071328156E-002
  0.19346011181636599        8.7009206756284763E-002
  0.19424977184733941       0.12656341647201064     
  0.19504265509036750       0.17205986529297901     
  0.19583877470186650       0.22259268626423379     
  0.19663814389195391       0.27717852545066746     
  0.19744077592466802       0.33477693199339775     
  0.19824668411818794       0.39431112796007373     
  0.19905588184505443       0.45468875006171339     
  0.19986838253239200       0.51482217578431222     
  0.20068419966213161       0.57364807328996603     
  0.20150334677123438       0.63014584665607154     
  0.20232583745191612       0.68335468467266469     
  0.20315168535187320       0.73238896152084210     
  0.20398090417450848       0.77645178022171024     
  0.20481350767915915       0.81484649381100316     
  0.20564950968132489       0.84698608383182739     
  0.20648892405289709       0.87240032007457080     
  0.20733176472238896       0.89074066872247371     
  0.20817804567516671       0.90178295745523529     
  0.20902778095368180       0.90542784497797124     
  0.20988098465770355       0.90169917832722990     
  0.21073767094455342       0.89074035370250726     
  0.21159785402933992       0.87280882511979119     
  0.21246154818519422       0.84826892961803357     
  0.21332876774350720       0.81758321789798893     
  0.21419952709416737       0.78130249505237448     
  0.21507384068579924       0.74005478745879438     
  0.21595172302600341       0.69453345902964103     
  0.21683318868159726       0.64548470299623784     
  0.21771825227885655       0.59369463445786841     
  0.21860692850375804       0.53997620431446847     
  0.21949923210222347       0.48515614723406386     
  0.22039517788036408       0.43006216532758901     
  0.22129478070472614       0.37551053558600889     
  0.22219805550253774       0.32229431326937874     
  0.22310501726195672       0.27117228572481200     
  0.22401568103231900       0.22285881195485402     
  0.22493006192438844       0.17801466305820390     
  0.22584817511060773       0.13723895781043982     
  0.22677003582534988       0.10106226651527617     
  0.22769565936517111        6.9940935187310593E-002
  0.22862506108906488        4.4252661451213419E-002
  0.22955825641871638        2.4293333555048036E-002
  0.23049526083875860        1.0275124862014540E-002
  0.23143608989702943        2.3258183362142582E-003
  0.23238075920482931        4.8931907016735998E-004
  0.23332928443718048        4.7272979763177680E-003
  0.23428168133308711        1.4921896507371524E-002
  0.23523796569579644        3.0879410773043681E-002
  0.23619815339306083        5.2334863742091065E-002
  0.23716226035740115        7.8957366385436156E-002
  0.23813030258637141       0.11035616262623826     
  0.23910229614282377       0.14608724878593171     
  0.24007825715517533       0.18566045579732993     
  0.24105820181767584       0.22854688171975590     
  0.24204214639067612       0.27418656294164223     
  0.24303010720089804       0.32199627478052206     
  0.24402210064170560       0.37137735586369081     
  0.24501814317337661       0.42172345555874269     
  0.24601825132337590       0.47242810967855553     
  0.24702244168662996       0.52289205656048621     
  0.24803073092580163       0.57253021326386533     
  0.24904313577156709       0.62077823989224734     
  0.25005967302289334       0.66709862877666970     
  0.25108035954731700       0.71098626430958844     
  0.25210521228122396       0.75197340845501826     
  0.25313424823013059       0.78963407624785453     
  0.25416748446896609       0.82358777480873147     
  0.25520493814235545       0.85350258842762683     
  0.25624662646490398       0.87909760100458412     
  0.25729256672148348       0.90014465548723299     
  0.25834277626751834       0.91646945783082512     
  0.25939727252927380       0.92795204035775158     
  0.26045607300414547       0.93452660615177385     
  0.26151919526094891       0.93618078224168333     
  0.26258665694021183       0.93295431477455604     
  0.26365847575446660       0.92493724412631295     
  0.26473466948854396       0.91226760193341105     
  0.26581525599986822       0.89512867535038543     
  0.26690025321875377       0.87374588644894535     
  0.26798967914870253       0.84838333658927212     
  0.26908355186670235       0.81934006683408833     
  0.27018188952352734       0.78694608606913052     
  0.27128471034403900       0.75155821847358295     
  0.27239203262748851       0.71355582138966456     
  0.27350387474782023       0.67333642351471124     
  0.27462025515397709       0.63131133172813880     
  0.27574119237020622       0.58790125281838979     
  0.27686670499636645       0.54353197394129515     
  0.27799681170823720       0.49863014287328022     
  0.27913153125782791       0.45361918607179452     
  0.28027088247368953       0.40891539927230780     
  0.28141488426122702       0.36492424188734807     
  0.28256355560301261       0.32203686287658018     
  0.28371691555910122       0.28062688207496600     
  0.28487498326734656       0.24104744724410665     
  0.28603777794371876       0.20362858339057532     
  0.28720531888262307       0.16867484721525716     
  0.28837762545721990       0.13646329595393680     
  0.28955471711974690       0.10724177637528032     
  0.29073661340184104        8.1227536346721085E-002
  0.29192333391486291        5.8606158187612389E-002
  0.29311489835022253        3.9530810024138718E-002
  0.29431132647970543        2.4121808561295862E-002
  0.29551263815580109        1.2466484108332843E-002
  0.29671885331203263        4.6193363478298473E-003
  0.29792999196328690        6.0246723358781118E-004
  0.29914607420614708        4.0627554428618610E-004
  0.30036712021922612        3.9903960113890635E-003
  0.30159315026350136        1.1284864580834109E-002
  0.30282418468265071        2.2191490256221694E-002
  0.30406024390339059        3.6585413101772768E-002
  0.30530134843581452        5.4316827349284669E-002
  0.30654751887373349        7.5212848145998157E-002
  0.30779877589501764        9.9079500289467659E-002
  0.30905514026193970       0.12570380730915609     
  0.31031663282151906       0.15485595945999164     
  0.31158327450586787       0.18629153957650135     
  0.31285508633253861       0.21975378628268294     
  0.31413208940487242       0.25497587474734484     
  0.31541430491234945       0.29168319600222536     
  0.31670175413094059       0.32959561678390237     
  0.31799445842346041       0.36842970290623467     
  0.31929243923992134       0.40790089030079935     
  0.32059571811789023       0.44772558906422710     
  0.32190431668284508       0.48762320710806883     
  0.32321825664853443       0.52731808130473057     
  0.32453755981733712       0.56654130534840097     
  0.32586224808062436       0.60503244488942731     
  0.32719234341912323       0.64254113184228068     
  0.32852786790328065       0.67882853109951358     
  0.32986884369363056       0.71366867419645008     
  0.33121529304116082       0.74684965575375117     
  0.33256723828768275       0.77817468976923942     
  0.33392470186620210       0.80746302402810166     
  0.33528770630129073       0.83455071204501630     
  0.33665627420946076       0.85929124303735072     
  0.33803042829953994       0.88155603144941763     
  0.33941019137304806       0.90123476850040141     
  0.34079558632457546       0.91823563910949102     
  0.34218663614216327       0.93248540835801264     
  0.34358336390768413       0.94392938237889756     
  0.34498579279722608       0.95253124921718724     
  0.34639394608147639       0.95827280578127561     
  0.34780784712610791       0.96115357750375086     
  0.34922751939216706       0.96119033775371132     
  0.35065298643646264       0.95841653439097252     
  0.35208427191195729       0.95288163112856072     
  0.35352139956815942       0.94465037157572596     
  0.35496439325151735       0.93380197397220288     
  0.35641327690581565       0.92042926469875219     
  0.35786807457257153       0.90463775866258322     
  0.35932881039143427       0.88654469461260077     
  0.36079550860058590       0.86627803334263886     
  0.36226819353714296       0.84397542659462332     
  0.36374688963756052       0.81978316428230658     
  0.36523162143803800       0.79385510742381371     
  0.36672241357492547       0.76635161390201367     
  0.36821929078513355       0.73743846386970469     
  0.36972227790654283       0.70728579128618230     
  0.37123139987841652       0.67606702771668181     
  0.37274668174181458       0.64395786415052469     
  0.37426814864000829       0.61113523620173715     
  0.37579582581889864       0.57777633765017478     
  0.37732973862743413       0.54405766686700041     
  0.37886991251803198       0.51015411024693635     
  0.38041637304700071       0.47623806634631105     
  0.38196914587496344       0.44247861400220745     
  0.38352825676728425       0.40904072728706597     
  0.38509373159449567       0.37608453973802791     
  0.38666559633272773       0.34376465989268801     
  0.38824387706413899       0.31222953976552781     
  0.38982859997734975       0.28162089751374542     
  0.39141979136787586       0.25207319516946292     
  0.39301747763856587       0.22371317195855811     
  0.39462168530003849       0.19665943338639658     
  0.39623244097112265       0.17102209594820372     
  0.39784977137929967       0.14690248701807340     
  0.39947370336114574       0.12439289918604313     
  0.40110426386277853       0.10357639804805774     
  0.40274147994030307        8.4526682209433712E-002
  0.40438537876026137        6.7307994038565022E-002
  0.40603598760008325        5.1975079504689603E-002
  0.40769333384853856        3.8573195250940828E-002
  0.40935744500619187        2.7138160891986951E-002
  0.41102834868585908        1.7696454383622551E-002
  0.41270607261306486        1.0265348189689045E-002
  0.41439064462650332        4.8530838688073397E-003
  0.41608209267850005        1.4590826193963125E-003
  0.41778044483547516        7.4189255346190905E-005
  0.41948572927840988        6.8094703605181550E-004
  0.42119797430331363        3.2539007423848521E-003
  0.42291720832169355        7.7599253737453714E-003
  0.42464345986102636        1.4158577839839983E-002
  0.42637675756523108        2.2402469033273809E-002
  0.42811713019514508        3.2437653694573187E-002
  0.42986460662900056        4.4204035518869755E-002
  0.43161921586290408        5.7635785002349227E-002
  0.43338098701131811        7.2661767585590842E-002
  0.43514994930754325        8.9205979719317985E-002
  0.43692613210420378       0.10718799055479722     
  0.43870956487373508       0.12652338704527755     
  0.44050027720887197       0.14712422033561756     
  0.44229829882313998       0.16889945141358886     
  0.44410365955134889       0.19175539409755948     
  0.44591638935008682       0.21559615354043049     
  0.44773651829821842       0.24032405853811956     
  0.44956407659738296       0.26584008604166298     
  0.45139909457249600       0.29204427638461661     
  0.45324160267225266       0.31883613785101350     
  0.45509163146963244       0.34611503932310950     
  0.45694921166240710       0.37378058986204898     
  0.45881437407364939       0.40173300418748026     
  0.46068714965224478       0.42987345313404146     
  0.46256756947340538       0.45810439827258265     
  0.46445566473918498       0.48632990999176395     
  0.46635146677899686       0.51445596844092023     
  0.46825500705013429       0.54239074683734700     
  0.47016631713829160       0.57004487673999082     
  0.47208542875808879       0.59733169498720606     
  0.47401237375359806       0.62416747208753098     
  0.47594718409887132       0.65047162194032326     
  0.47788989189847175       0.67616689284630438     
  0.47984052938800570       0.70117953984725623     
  0.48179912893465782       0.72543947850868484     
  0.48376572303772875       0.74888042032943658     
  0.48574034432917323       0.77143999002770614     
  0.48772302557414277       0.79305982501388805     
  0.48971379967152823       0.81368565741697518     
  0.49171269965450648       0.83326737908288817     
  0.49371975869108847       0.85175909001042516     
  0.49573501008466908       0.86911913073297231     
  0.49775848727458005       0.88531009919256765     
  0.49979022383664523       0.90029885268669796     
  0.50183025348373689       0.91405649549793999     
  0.50387861006633561       0.92655835284220611     
  0.50593532757309234       0.93778393179290132     
  0.50800044013139123       0.94771686985620529     
  0.51007398200791731       0.95634487188672657     
  0.51215598760922409       0.96365963604348881     
  0.51424649148230461       0.96965676949336110     
  0.51634552831516523       0.97433569457323077     
  0.51845313293740036       0.97769954612316101     
  0.52056934032077162       0.97975506070107254     
  0.52269418557978653       0.98051245838498924     
  0.52482770397228251       0.97998531786196530     
  0.52696993090001132       0.97819044549354250     
  0.52912090190922667       0.97514773903619389     
  0.53128065269127367       0.97088004668185113     
  0.53344921908318188       0.96541302206843582     
  0.53562663706825886       0.95877497589354288     
  0.53781294277668812       0.95099672474616037     
  0.54000817248612853       0.94211143775172779     
  0.54221236262231554       0.93215448160517045     
  0.54442554975966673       0.92116326454474462     
  0.54664777062188774       0.90917707979705076     
  0.54887906208258186       0.89623694900018591     
  0.55111946116586275       0.88238546608816593     
  0.55336900504696696       0.86766664209540989     
  0.55562773105287300       0.85212575131533730     
  0.55789567666291884       0.83580917922230680     
  0.56017287950942463       0.81876427254099227     
  0.56245937737831742       0.80103919182229877     
  0.56475520820975744       0.78268276685997940     
  0.56706041009876806       0.76374435525722806     
  0.56937502129586803       0.74427370442802854     
  0.57169908020770599       0.72432081729380726     
  0.57403262539769728       0.70393582191208326     
  0.57637569558666502       0.68316884525041655     
  0.57872832965348131       0.66206989129616056     
  0.58109056663571335       0.64068872367014329     
  0.58346244573027040       0.61907475289085778     
  0.58584400629405475       0.59727692841454405     
  0.58823528784461476       0.57534363555643719     
  0.59063633006079996       0.55332259737868217     
  0.59304717278342045       0.53126078161168500     
  0.59546785601590702       0.50920431265754540     
  0.59789841992497528       0.48719838870699472     
  0.60033890484129260       0.46528720398470758     
  0.60278935126014666       0.44351387612234594     
  0.60524979984211758       0.42192037864366727     
  0.60772029141375294       0.40054747853227068     
  0.61020086696824494       0.37943467883913740     
  0.61269156766611022       0.35862016627491988     
  0.61519243483587394       0.33814076372038127     
  0.61770350997475421       0.31803188757755307     
  0.62022483474935197       0.29832750987437373     
  0.62275645099634114       0.27906012502634492     
  0.62529840072316345       0.26026072115033383     
  0.62785072610872605       0.24195875581812787     
  0.63041346950409982       0.22418213613028248     
  0.63298667343322390       0.20695720298479725     
  0.63557038059361004       0.19030871940949445     
  0.63816463385705124       0.17425986282227934     
  0.64076947627033398       0.15883222107918693     
  0.64338495105595150       0.14404579216663072     
  0.64601110161282127       0.12991898739127261     
  0.64864797151700582       0.11646863791855766     
  0.65129560452243462       0.10371000450914181     
  0.65395404456163087        9.1656790301086866E-002
  0.65662333574644061        8.0321156484919221E-002
  0.65930352236876377        6.9713740718296613E-002
  0.66199464890129045        5.9843678127084576E-002
  0.66469675999823752        5.0718624740235363E-002
  0.66740990049609028        4.2344783206707870E-002
  0.67013411541434675        3.4726930643990683E-002
  0.67286944995626363        2.7868448469404176E-002
  0.67561594950960757        2.1771354067287918E-002
  0.67837365964740748        1.6436334147464482E-002
  0.68114262612871068        1.1862779652823785E-002
  0.68392289489934310        8.0488220767047647E-003
  0.68671451209267076        4.9913710536788622E-003
  0.68951752403036504        2.6861530905990514E-003
  0.69233197722317286        1.1277513080994994E-003
  0.69515791837168661        3.0964606635697337E-004
  0.69799539436711988        2.2425635252676154E-004
  0.70084445229208592        8.6298181119060077E-004
  0.70370513942137802        2.2162453029788143E-003
  0.70657750322275481        4.2735358806693657E-003
  0.70946159135772713        7.0234520760511518E-003
  0.71235745168234910        1.0453745395085590E-002
  0.71526513224801314        1.4551363923067108E-002
  0.71818468130224533        1.9302495945719200E-002
  0.72111614728950835        2.4692613496430926E-002
  0.72405957885200312        3.0706515744092111E-002
  0.72701502483047720        3.7328372140242871E-002
  0.72998253426503557        4.4541765248481746E-002
  0.73296215639595286        5.2329733183285820E-002
  0.73595394066449149        6.0674811589595090E-002
  0.73895793671372234        6.9559075098586387E-002
  0.74197419438934753        7.8964178199186996E-002
  0.74500276374052765        8.8871395468833270E-002
  0.74804369502071344        9.9261661110991772E-002
  0.75109703868847777       0.11011560775072826     
  0.75416284540835488       0.12141360444348726     
  0.75724116605167924       0.13313579385585972     
  0.76033205169743068       0.14526212858079568     
  0.76343555363308235       0.15777240655316582     
  0.76655172335545019       0.17064630553502413     
  0.76968061257154952       0.18386341664322359     
  0.77282227319945096       0.19740327689522419     
  0.77597675736914307       0.21124540075207898     
  0.77914411742339751       0.22536931064050525     
  0.78232440591863694       0.23975456643889181     
  0.78551767562580699       0.25438079391480550     
  0.78872397953125306       0.26922771210429086     
  0.79194337083759792       0.28427515962569716     
  0.79517590296462559       0.29950311992331657     
  0.79842162955016782       0.31489174543835941     
  0.80168060445099321       0.33042138070702975     
  0.80495288174370172       0.34607258438755650     
  0.80823851572562166       0.36182615022006992     
  0.81153756091571005       0.37766312692502613     
  0.81485007205545901       0.39356483704773282     
  0.81817610410980179       0.40951289475812946     
  0.82151571226802678       0.42548922261663358     
  0.82486895194469190       0.44147606731824907     
  0.82823587878054472       0.45745601442857586     
  0.83161654864344625       0.47341200212656465     
  0.83501101762929653       0.48932733397012729     
  0.83841934206296653       0.50518569070170050     
  0.84184157849923302       0.52097114111198362     
  0.84527778372371576       0.53666815198084261     
  0.84872801475382054       0.55226159711533573     
  0.85219232883968588       0.56773676550549657     
  0.85567078346513115       0.58307936861916465     
  0.85916343634861292       0.59827554685781148     
  0.86267034544418009       0.61331187519575936     
  0.86619156894243732       0.62817536802574514     
  0.86972716527151039       0.64285348323401836     
  0.87327719309801433       0.65733412552861947     
  0.87684171132802924       0.67160564904471332     
  0.88042077910807537       0.68565685925093944     
  0.88401445582609561       0.69947701418109132     
  0.88762280111244185       0.71305582501532583     
  0.89124587484086226       0.72638345603527155     
  0.89488373712949654       0.73945052397734534     
  0.89853644834187318       0.75224809680854887     
  0.90220406908791040       0.76476769194890881     
  0.90588666022492215       0.77700127396459728     
  0.90958428285862880       0.78894125175560226     
  0.91329699834416944       0.80058047526156928     
  0.91702486828712149       0.81191223170925808     
  0.92076795454452198       0.82293024142470261     
  0.92452631922589401       0.83362865323293978     
  0.92830002469427830       0.84400203946778307     
  0.93208913356726641       0.85404539061377682     
  0.93589370871804145       0.86375410960213195     
  0.93971381327641990       0.87312400578195792     
  0.94354951062989978       0.88215128858780356     
  0.94740086442471305       0.89083256092397523     
  0.95126793856688030       0.89916481228572220     
  0.95515079722327212       0.90714541163691764     
  0.95904950482267404       0.91477210006332643     
  0.96296412605685466       0.92204298322015310     
  0.96689472588163972       0.92895652359200298     
  0.97084136951799027       0.93551153258292374     
  0.97480412245308368       0.94170716245367492     
  0.97878305044140190       0.94754289812287462     
  0.98277821950582100       0.95301854884813386     
  0.98678969593870736       0.95813423980280010     
  0.99081754630301844       0.96289040356339739     
  0.99486183743340539       0.96728777152232581     
  0.99892263643732426       0.97132736523988450     
   1.0030000106961476       0.97501048774914567     
   1.0070940278662834       0.97833871482670620     
   1.0112047558802988       0.98131388624182658     
   1.0153322629480441       0.98393809699595847     
   1.0194766175577885       0.98621368856416847     
   1.0236378884773538       0.98814324014945942     
   1.0278161447552574       0.98972955996050227     
   1.0320114557218547       0.99097567652281104     
   1.0362238909904942       0.99188483003291639     
   1.0404535204586696       0.99246046376461250     
   1.0447004143091787       0.99270621553590788     
   1.0489646430112913       0.99262590924484295     
   1.0532462773219167       0.99222354648190048     
   1.0575453882867758       0.99150329822629601     
   1.0618620472415838       0.99046949663301032     
   1.0661963258132321       0.98912662691701037     
   1.0705482959209747       0.98747931934069810     
   1.0749180297776255       0.98553234131022505     
   1.0793055998907541       0.98329058958593329     
   1.0837110790638902       0.98075908261179889     
   1.0881345403977287       0.97794295296839173     
   1.0925760572913470       0.97484743995350753     
   1.0970357034434204       0.97147788229428667     
   1.1015135528534441       0.96783971099429866     
   1.1060096798229635       0.96393844231874271     
   1.1105241589568067       0.95977967092060634     
   1.1150570651643195       0.95536906311032788     
   1.1196084736606120       0.95071235027119338     
   1.1241784599678060       0.94581532242244337     
   1.1287670999162849       0.94068382193178679     
   1.1333744696459565       0.93532373737872765     
   1.1380006456075142       0.92974099756991624     
   1.1426457045637044       0.92394156570744579     
   1.1473097235906025       0.91793143371079811     
   1.1519927800788912       0.91171661669293524     
   1.1566949517351428       0.90530314759081010     
   1.1614163165831117       0.89869707195035653     
   1.1661569529650266       0.89190444286585091     
   1.1709169395428922       0.88493131607332787     
   1.1756963552997917       0.87778374519758584     
   1.1804952795412009       0.87046777715210977     
   1.1853137918963028       0.86298944769113550     
   1.1901519723193061       0.85535477711288710     
   1.1950099010907769       0.84756976611287804     
   1.1998876588189678       0.83964039178608585     
   1.2047853264411541       0.83157260377661246     
   1.2097029852249803       0.82337232057336851     
   1.2146407167698074       0.81504542595020824     
   1.2195986030080641       0.80659776554882723     
   1.2245767262066105       0.79803514360262884     
   1.2295751689681005       0.78936331979971008     
   1.2345940142323542       0.78058800628299796     
   1.2396333452777308       0.77171486478551177     
   1.2446932457225151       0.76274950389864493     
   1.2497737995263021       0.75369747647131757     
   1.2548750909913893       0.74456427713775875     
   1.2599972047641785       0.73535533997163682     
   1.2651402258365791       0.72607603626424677     
   1.2703042395474162       0.71673167242434621     
   1.2754893315838498       0.70732748799725265     
   1.2806955879827961       0.69786865380076946     
   1.2859230951323521       0.68836027017546386     
   1.2911719397732333       0.67880736534680286     
   1.2964422090002106       0.66921489389664957     
   1.3017339902635547       0.65958773534157633     
   1.3070473713704895       0.64993069281546334     
   1.3123824404866489       0.64024849185383337     
   1.3177392861375357       0.63054577927738209     
   1.3231179972099965       0.62082712217211600     
   1.3285186629536925       0.61109700696358438     
   1.3339413729825829       0.60135983858262299     
   1.3393862172764077       0.59161993972010651     
   1.3448532861821869       0.58188155016812981     
   1.3503426704157151       0.57214882624513885     
   1.3558544610630672       0.56242584030249843     
   1.3613887495821120       0.55271658030999493     
   1.3669456278040288       0.54302494951782365     
   1.3725251879348284       0.53335476619262612     
   1.3781275225568879       0.52370976342510356     
   1.3837527246304846       0.51409358900688795     
   1.3894008874953359       0.50450980537423296     
   1.3950721048721533       0.49496188961621723     
   1.4007664708641934       0.48545323354514147     
   1.4064840799588225       0.47598714382682927     
   1.4122250270290799       0.46656684216860778     
   1.4179894073352572       0.45719546556271884     
   1.4237773165264773       0.44787606658300139     
   1.4295888506422783       0.43861161373270252     
   1.4354241061142121       0.42940499184128744     
   1.4412831797674421       0.42025900250819848     
   1.4471661688223481       0.41117636459151830     
   1.4530731708961429       0.40215971473951984     
   1.4590042840044910       0.39321160796319432     
   1.4649596065631323       0.38433451824778209     
   1.4709392373895191       0.37553083920146746     
   1.4769432757044543       0.36680288473936606     
   1.4829718211337348       0.35815288980104054     
   1.4890249737098105       0.34958301109973733     
   1.4951028338734396       0.34109532790167840     
   1.5012055024753554       0.33269184283367437     
   1.5073330807779428       0.32437448271746072     
   1.5134856704569155       0.31614509942914604     
   1.5196633736030056       0.30800547078218943     
   1.5258662927236537       0.29995730143243704     
   1.5320945307447145       0.29200222380368734     
   1.5383481910121630       0.28414179903238090     
   1.5446273772938062       0.27637751793000764     
   1.5509321937810101       0.26871080196185027     
   1.5572627450904259       0.26114300424077808     
   1.5636191362657244       0.25367541053477760     
   1.5700014727793419       0.24630924028699486     
   1.5764098605342303       0.23904564764706315     
   1.5828444058656099       0.23188572251257311     
   1.5893052155427401       0.22483049157952206     
   1.5957923967706868       0.21788091940067100     
   1.6023060571921037       0.21103790945073775     
   1.6088463048890147       0.20430230519740478     
   1.6154132483846122       0.19767489117714598     
   1.6220069966450557       0.19115639407492158     
   1.6286276590812767       0.18474748380683370     
   1.6352753455508005       0.17844877460481690     
   1.6419501663595648       0.17226082610254989     
   1.6486522322637496       0.16618414442174956     
   1.6553816544716176       0.16021918325804019     
   1.6621385446453594       0.15436634496565904     
   1.6689230149029417       0.14862598164026242     
   1.6757351778199741       0.14299839619912924     
   1.6825751464315746       0.13748384345808318     
   1.6894430342342412       0.13208253120451552     
   1.6963389551877424       0.12679462126586427     
   1.7032630237170037       0.12162023057298188     
   1.7102153547140044       0.11655943221783149     
   1.7171960635396897       0.11161225650496298     
   1.7242052660258809       0.10677869199627099     
   1.7312430784771990       0.10205868654855754     
   1.7383096176729915        9.7452148343425860E-002
   1.7454050008692747        9.2958946909071805E-002
   1.7525293458006783        8.8578914133569997E-002
   1.7596827706823941        8.4311845269261276E-002
   1.7668653942121444        8.0157499927859366E-002
   1.7740773355721486        7.6115603065956106E-002
   1.7813187144310982        7.2185845960569872E-002
   1.7885896509461472        6.8367887174453190E-002
   1.7958902657649043        6.4661353510864439E-002
   1.8032206800274309        6.1065840957532980E-002
   1.8105810153682576        5.7580915619578232E-002
   1.8179713939183981        5.4206114641140668E-002
   1.8253919383073787        5.0940947115511781E-002
   1.8328427716652678        4.7784894983589288E-002
   1.8403240176247260        4.4737413920425628E-002
   1.8478358003230537        4.1797934209769183E-002
   1.8553782444042495        3.8965861606394703E-002
   1.8629514750210820        3.6240578186115480E-002
   1.8705556178371661        3.3621443183347144E-002
   1.8781907990290427        3.1107793816128937E-002
   1.8858571452882809        2.8698946098479228E-002
   1.8935547838235744        2.6394195640040752E-002
   1.9012838423628520        2.4192818432924201E-002
   1.9090444491554013        2.2094071625686440E-002
   1.9168367329739937        2.0097194284434128E-002
   1.9246608231170197        1.8201408140967268E-002
   1.9325168494106386        1.6405918327985325E-002
   1.9404049422109304        1.4709914101309174E-002
   1.9483252324060565        1.3112569549142528E-002
   1.9562778514184365        1.1613044288342866E-002
   1.9642629312069249        1.0210484147758603E-002
   1.9722806042690040        8.9040218386189363E-003
   1.9803310036429771        7.6927776120315769E-003
   1.9884142629101824        6.5758599036114251E-003
   1.9965305161972071        5.5523659652929602E-003
   2.0046798981781091        4.6213824843924778E-003
   2.0128625440766581        3.7819861899474070E-003
   2.0210785896685763        3.0332444464439274E-003
   2.0293281712837890        2.3742158349616682E-003
   2.0376114258086915        1.8039507218503559E-003
   2.0459284906884188        1.3214918150016297E-003
   2.0542795039291217        9.2587470780958192E-004
   2.0626646041002639        6.1612841092428870E-004
   2.0710839303369175        3.9127587188347808E-004
   2.0795376223420732        2.5033448274069947E-004
   2.0880258203889532        1.9231657578444583E-004
   2.0965486653233478        2.1622990746739124E-004
   2.1051062985659468        3.2107813066761803E-004
   2.1136988621146831        5.0586125538176817E-004
   2.1223264985470975        7.6957609799577220E-004
   2.1309893510226989        1.1112167192441906E-003
   2.1396875632853374        1.5297748509832667E-003
   2.1484212796655959        2.0242403119221657E-003
   2.1571906450831819        2.5936014124360311E-003
   2.1659958050493291        3.2368453485905890E-003
   2.1748369056692178        3.9529585855386795E-003
   2.1837140936443968        4.7409272303887695E-003
   2.1926275162752127        5.5997373947295204E-003
   2.2015773214632635        6.5283755469218718E-003
   2.2105636577138457        7.5258288543167406E-003
   2.2195866741384194        8.5910855155235666E-003
   2.2286465204570853        9.7231350829173335E-003
   2.2377433470010675        1.0920968775475326E-002
   2.2468773047152077        1.2183579782131693E-002
   2.2560485451604677        1.3509963555782711E-002
   2.2652572205164492        1.4899118098093078E-002
   2.2745034835839171        1.6350044235240446E-002
   2.2837874877873303        1.7861745884769520E-002
   2.2931093871773944        1.9433230313686045E-002
   2.3024693364336155        2.1063508387943575E-002
   2.3118674908668622        2.2751594813475218E-002
   2.3213040064219506        2.4496508368914038E-002
   2.3307790396802273        2.6297272130152649E-002
   2.3402927478621649        2.8152913686889880E-002
   2.3498452888299783        3.0062465351316514E-002
   2.3594368210902377        3.2024964359062880E-002
   2.3690675037965030        3.4039453062596925E-002
   2.3787374967519588        3.6104979117170588E-002
   2.3884469604120731        3.8220595659498757E-002
   2.3981960558872570        4.0385361479281179E-002
   2.4079849449455333        4.2598341183738286E-002
   2.4178137900152290        4.4858605355279191E-002
   2.4276827541876669        4.7165230702463257E-002
   2.4375920012198664        4.9517300204370507E-002
   2.4475416955372706        5.1913903248542281E-002
   2.4575320022364697        5.4354135762619493E-002
   2.4675630870879357        5.6837100339803603E-002
   2.4776351165387829        5.9361906358297967E-002
   2.4877482577155234        6.1927670094840570E-002
   2.4979026784268394        6.4533514832470273E-002
   2.5080985471663721        6.7178570962660888E-002
   2.5183360331155162        6.9861976081941446E-002
   2.5286153061462220        7.2582875083137322E-002
   2.5389365368238228        7.5340420241357675E-002
   2.5492998964098588        7.8133771294845444E-002
   2.5597055568649218        8.0962095520833333E-002
   2.5701536908515048        8.3824567806495609E-002
   2.5806444717368717        8.6720370715154149E-002
   2.5911780735959340        8.9648694547817431E-002
   2.6017546712141315        9.2608737400198704E-002
   2.6123744400903441        9.5599705215316022E-002
   2.6230375564397970        9.8620811831785171E-002
   2.6337441971969815       0.10167127902792994     
   2.6444945400185995       0.10475033656180155     
   2.6552887632865070       0.10785722220723393     
   2.6661270461106703       0.11099118178602196     
   2.6770095683321458       0.11415146919635777     
   2.6879365105260575       0.11733734643759008     
   2.6989080540045989       0.12054808363144232     
   2.7099243808200328       0.12378295903976777     
   2.7209856737677236       0.12704125907895492     
   2.7320921163891634       0.13032227833107102     
   2.7432438929750149       0.13362531955183843     
   2.7544411885681774       0.13694969367554422     
   2.7656841889668535       0.14029471981697528     
   2.7769730807276272       0.14365972527045512     
   2.7883080511685678       0.14704404550608963     
   2.7996892883723348       0.15044702416330558     
   2.8111169811892935       0.15386801304174380     
   2.8225913192406575       0.15730637208963116     
   2.8341124929216317       0.16076146938968272     
   2.8456806934045655       0.16423268114262257     
   2.8572961126421350       0.16771939164840832     
   2.8689589433705232       0.17122099328523377     
   2.8806693791126143       0.17473688648638297     
   2.8924276141812122       0.17826647971501031     
   2.9042338436822610       0.18180918943693425     
   2.9160882635180831       0.18536444009148556     
   2.9279910703906258       0.18893166406051265     
   2.9399424618047334       0.19251030163559579     
   2.9519426360714194       0.19609980098353896     
   2.9639917923111532       0.19969961811020442     
   2.9760901304571732       0.20330921682276037     
   2.9882378512587997       0.20692806869040115     
   3.0004351562847607       0.21055565300359624     
   3.0126822479265480       0.21419145673194007     
   3.0249793294017673       0.21783497448064959     
   3.0373266047575087       0.22148570844576998     
   3.0497242788737404       0.22514316836815773     
   3.0621725574667020       0.22880687148627343     
   3.0746716470923223       0.23247634248785221     
   3.0872217551496384       0.23615111346050843     
   3.0998230898842483       0.23983072384130855     
   3.1124758603917613       0.24351472036538446     
   3.1251802766212617       0.24720265701360866     
   3.1379365493788032       0.25089409495940729     
   3.1507448903309023       0.25458860251473947     
   3.1636055120080444       0.25828575507528773     
   3.1765186278082207       0.26198513506491339     
   3.1894844520004644       0.26568633187941837     
   3.2025031997284015       0.26938894182963891     
   3.2155750870138298       0.27309256808393845     
   3.2287003307602982       0.27679682061011734     
   3.2418791487567020       0.28050131611678397     
   3.2551117596809069       0.28420567799423735     
   3.2683983831033703       0.28790953625487503     
   3.2817392394907818       0.29161252747317867     
   3.2951345502097307       0.29531429472531168     
   3.3085845375303724       0.29901448752835058     
   3.3220894246301196       0.30271276177919226     
   3.3356494355973410       0.30640877969316971     
   3.3492647954350852       0.31010220974240343     
   3.3629357300648142       0.31379272659391089     
   3.3766624663301439       0.31748001104752355     
   3.3904452320006189       0.32116374997361952     
   3.4042842557754875       0.32484363625070667     
   3.4181797672874907       0.32851936870288556     
   3.4321319971066844       0.33219065203721398     
   3.4461411767442565       0.33585719678100512     
   3.4602075386563675       0.33951871921906018     
   3.4743313162480152       0.34317494133089921     
   3.4885127438769019       0.34682559072797270     
   3.5027520568573265       0.35047040059090206     
   3.5170494914640815       0.35410910960675512     
   3.5314052849363842       0.35774146190638600     
   3.5458196754818094       0.36136720700185809     
   3.5602929022802345       0.36498609972396168     
   3.5748252054878202       0.36859790015985716     
   3.5894168262409902       0.37220237359084885     
   3.6040680066604258       0.37579929043031357     
   3.6187789898550959       0.37938842616180346     
   3.6335500199262847       0.38296956127733162     
   3.6483813419716364       0.38654248121585799     
   3.6632732020892336       0.39010697630199753     
   3.6782258473816740       0.39366284168495169     
   3.6932395259601685       0.39720987727768708     
   3.7083144869486642       0.40074788769637792     
   3.7234509804879772       0.40427668220010737     
   3.7386492577399353       0.40779607463085688     
   3.7539095708915569       0.41130588335379592     
   3.7692321731592284       0.41480593119786091     
   3.7846173187929102       0.41829604539666698     
   3.8000652630803460       0.42177605752973324     
   3.8155762623513128       0.42524580346405094     
   3.8311505739818670       0.42870512329599419     
   3.8467884563986092       0.43215386129357969     
   3.8624901690829847       0.43559186583910092     
   3.8782559725755825       0.43901898937212247     
   3.8940861284804527       0.44243508833285083     
   3.9099808994694594       0.44584002310590365     
   3.9259405492866346       0.44923365796445691     
   3.9419653427525452       0.45261586101479834     
   3.9580555457687030       0.45598650414128494     
   3.9742114253219660       0.45934546295171086     
   3.9904332494889743       0.46269261672308915     
   4.0067212874405893       0.46602784834786071     
   4.0230758094463717       0.46935104428052388     
   4.0394970868790629       0.47266209448469776     
   4.0559853922190783       0.47596089238062067     
   4.0725409990590427       0.47924733479308612     
   4.0891641821083224       0.48252132189982255     
   4.1058552171975808       0.48578275718032005     
   4.1226143812833644       0.48903154736510268     
   4.1394419524526915       0.49226760238546030     
   4.1563382099276636       0.49549083532362137     
   4.1733034340701094       0.49870116236340123     
   4.1903379063862296       0.50189850274129466     
   4.2074419095312638       0.50508277869803109     
   4.2246157273141920       0.50825391543060339     
   4.2418596447024361       0.51141184104474546     
   4.2591739478265858       0.51455648650788710     
   4.2765589239851547       0.51768778560256901     
   4.2940148616493437       0.52080567488032525     
   4.3115420504678283       0.52391009361603791     
   4.3291407812715565       0.52700098376275273     
   4.3468113460785895       0.53007828990696904     
   4.3645540380989400       0.53314195922439711     
   4.3823691517394279       0.53619194143617932     
   4.4002569826085844       0.53922818876558898     
   4.4182178275215458       0.54225065589518529     
   4.4362519845049730       0.54525929992444466     
   4.4543597528020111       0.54825408032785750     
   4.4725414328772475       0.55123495891348340     
   4.4907973264216903       0.55420189978198064     
   4.5091277363577875       0.55715486928609426     
   4.5275329668444471       0.56009383599060636     
   4.5460133232820850       0.56301877063275096     
   4.5645691123176864       0.56592964608308338     
   4.5832006418499045       0.56882643730681459     
   4.6019082210341660       0.57170912132559470     
   4.6206921602877928       0.57457767717975472     
   4.6395527712951647       0.57743208589100337     
   4.6584903670128890       0.58027233042557191     
   4.6775052616749795       0.58309839565780452     
   4.6965977707980926       0.58591026833420357     
   4.7157682111867478       0.58870793703791047     
   4.7350169009385850       0.59149139215363578     
   4.7543441594496505       0.59426062583302564     
   4.7737503074196939       0.59701563196046159     
   4.7932356668574805       0.59975640611930481     
   4.8128005610861475       0.60248294555856219     
   4.8324453147485658       0.60519524915998923     
   4.8521702538127149       0.60789331740561481     
   4.8719757055771122       0.61057715234569310     
   4.8918619986762248       0.61324675756707492     
   4.9118294630859394       0.61590213816199668     
   4.9318784301290162       0.61854330069728714     
   4.9520092324806102       0.62117025318398245     
   4.9722222041737796       0.62378300504735651     
   4.9925176806050207       0.62638156709734982     
   5.0128959985398502       0.62896595149940815     
   5.0333574961183860       0.63153617174571941     
   5.0539025128609465       0.63409224262684116     
   5.0745313896737043       0.63663418020373341     
   5.0952444688543324       0.63916200178017313     
   5.1160420940976774       0.64167572587555588     
   5.1369246105014765       0.64417537219808563     
   5.1578923645720769       0.64666096161834474     
   5.1789457042301867       0.64913251614323597     
   5.2000849788166388       0.65159005889030386     
   5.2213105390982024       0.65403361406242388     
   5.2426227372734004       0.65646320692286286     
   5.2640219269783390       0.65887886377069238     
   5.2855084632925946       0.66128061191657928     
   5.3070827027450962       0.66366847965891607     
   5.3287450033200381       0.66604249626031820     
   5.3504957244628288       0.66840269192446267     
   5.3723352270860527       0.67074909777327796     
   5.3942638735754480       0.67308174582447466     
   5.4162820277959387       0.67540066896942075     
   5.4383900550976607       0.67770590095134386     
   5.4605883223220175       0.67999747634387775     
   5.4828771978077846       0.68227543052992978     
   5.5052570513972130       0.68453979968087841     
   5.5277282544421542       0.68679062073609320     
   5.5502911798102446       0.68902793138277063     
   5.5729462018910780       0.69125177003609262     
   5.5956936966024218       0.69346217581969016     
   5.6185340413964466       0.69565918854641862     
   5.6414676152660075       0.69784284869944135     
   5.6644947987509173       0.70001319741361134     
   5.6876159739442613       0.70217027645715424     
   5.7108315244987482       0.70431412821364558     
   5.7341418356330687       0.70644479566428120     
   5.7575472941382806       0.70856232237043415     
   5.7810482883842447       0.71066675245649980     
   5.8046452083260549       0.71275813059302329     
   5.8283384455105089       0.71483650198010040     
   5.8521283930826149       0.71690191233106160     
   5.8760154457921070       0.71895440785642251     
