  0.10000000000000001       0.80597251822863658     
  0.10040817718110437       0.76493211483026524     
  0.10081802044832047       0.69907521802115280     
  0.10122953660223166       0.61324689457309700     
  0.10164273247117964       0.51360980762017272     
  0.10205761491137796       0.40718771749745186     
  0.10247419080702558       0.30136361309535048     
  0.10289246707042120       0.20336867085877397     
  0.10331245064207799       0.11979720143094630     
  0.10373414849083867        5.6179358722575512E-002
  0.10415756761399117        1.6638027428830776E-002
  0.10458271503738485        3.6494564648527836E-003
  0.10500959781554686        1.7919419057868417E-002
  0.10543822303179938        5.8378532236461528E-002
  0.10586859779837712       0.12229242066500283     
  0.10630072925654524       0.20547517186936698     
  0.10673462457671801       0.30258842993869206     
  0.10717029095857759       0.40750383721872507     
  0.10760773563119364       0.51370356588950050     
  0.10804696585314330       0.61469246973479896     
  0.10848798891263144       0.70439589920801593     
  0.10893081212761184       0.77751932164728910     
  0.10937544284590843       0.82984934488334217     
  0.10982188844533726       0.85848025951236928     
  0.11027015633382903       0.86195545081923974     
  0.11072025394955184       0.84031862340057684     
  0.11117218876103470       0.79507537103030912     
  0.11162596826729153       0.72907087730923525     
  0.11208159999794542       0.64629415848721194     
  0.11253909151335369       0.55162302526381235     
  0.11299845040473337       0.45052667895202159     
  0.11345968429428700       0.34874447429222966     
  0.11392280083532935       0.25195985323929687     
  0.11438780771241415       0.16548782552509889     
  0.11485471264146174        9.3992746802596006E-002
  0.11532352336988719        4.1250677012916188E-002
  0.11579424767672861        9.9674803279361512E-003
  0.11626689337277650        1.6602668564088680E-003
  0.11674146830070313        1.6605998001308075E-002
  0.11721798033519278        5.3857301055975831E-002
  0.11769643738307244       0.11132196806608465     
  0.11817684738344295       0.18589942755062960     
  0.11865921830781066       0.27366482068048442     
  0.11914355816021997       0.37008929291673454     
  0.11962987497738581       0.47028379376143470     
  0.12011817682882717       0.56925308558862520     
  0.12060847181700105       0.66214678239426195     
  0.12110076807743671       0.74449501994265621     
  0.12159507377887094       0.81241771910313099     
  0.12209139712338332       0.86279823928540933     
  0.12258974634653247       0.89341440731618460     
  0.12309012971749274       0.90302231820598577     
  0.12359255553919130       0.89139080549429472     
  0.12409703214844603       0.85928694255714644     
  0.12460356791610375       0.80841524554187438     
  0.12511217124717913       0.74131530229758846     
  0.12562285058099434       0.66122426805724677     
  0.12613561439131882       0.57191198783312247     
  0.12665047118650996       0.47749739069714986     
  0.12716742950965446       0.38225523853664034     
  0.12768649793870987       0.29042230959826287     
  0.12820768508664696       0.20601168305922929     
  0.12873099960159279       0.13264300987272234     
  0.12925645016697404        7.3395565685292624E-002
  0.12978404550166117        3.0689552023714498E-002
  0.13031379436011306        6.1996164826940772E-003
  0.13084570553252231        8.0297774942644784E-004
  0.13137978784496107        1.4562941977540420E-002
  0.13191605015952751        4.6747053606891631E-002
  0.13245450137449291        9.5877699148407797E-002
  0.13299515042444918       0.15981173005665816     
  0.13353800628045717       0.23584463277821310     
  0.13408307795019572       0.32083398045754735     
  0.13463037447811083       0.41133636921187849     
  0.13517990494556581       0.50375177772140012     
  0.13573167847099218       0.59446928597859239     
  0.13628570421004074       0.68000833089995094     
  0.13684199135573349       0.75715013775800000     
  0.13740054913861643       0.82305461454550233     
  0.13796138682691236       0.87535879369903513     
  0.13852451372667493       0.91225381104459202     
  0.13908993918194296       0.93253838295492741     
  0.13965767257489561       0.93564773751368102     
  0.14022772332600780       0.92165793400681040     
  0.14080010089420669       0.89126643081525048     
  0.14137481477702879       0.84575060289938242     
  0.14195187451077720       0.78690664018161893     
  0.14253128967068007       0.71697185697306920     
  0.14311306987104958       0.63853389626730273     
  0.14369722476544117       0.55443061377058211     
  0.14428376404681392       0.46764457368080847     
  0.14487269744769149       0.38119608595829291     
  0.14546403474032335       0.29803857278426943     
  0.14605778573684705       0.22095978409904438     
  0.14665396028945119       0.15249200610772387     
  0.14725256829053859        9.4833942607798066E-002
  0.14785361967289068        4.9786418792701848E-002
  0.14845712440983222        1.8703483452571005E-002
  0.14906309251539690        2.4598907721846072E-003
  0.14967153404449324        1.4353488852167917E-003
  0.15028245909307170        1.5515349084049966E-002
  0.15089587779829214        4.4107855066237101E-002
  0.15151180033869191        8.6174651189723311E-002
  0.15213023693435482       0.14027573486174860     
  0.15275119784708088       0.20462480024339208     
  0.15337469338055626       0.27715360457459087     
  0.15400073388052446       0.35558283763631943     
  0.15462932973495802       0.43749702919683614     
  0.15526049137423079       0.52042102600846629     
  0.15589422927129087       0.60189564384433880     
  0.15653055394183482       0.67955024391381413     
  0.15716947594448166       0.75117018779403777     
  0.15781100588094832       0.81475738051497115     
  0.15845515439622559       0.86858240653285312     
  0.15910193217875471       0.91122708648781392     
  0.15975134996060453       0.94161662228955534     
  0.16040341851764989       0.95904084295887027     
  0.16105814866975027       0.96316440316358742     
  0.16171555128092935       0.95402611083751510     
  0.16237563725955523       0.93202786111052838     
  0.16303841755852153       0.89791392376894852     
  0.16370390317542910       0.85274156479159136     
  0.16437210515276834       0.79784417483749492     
  0.16504303457810285       0.73478822606105743     
  0.16571670258425286       0.66532548192639362     
  0.16639312034948034       0.59134194279874119     
  0.16707229909767446       0.51480502429953179     
  0.16775425009853762       0.43771043815676391     
  0.16843898466777257       0.36203017997888304     
  0.16912651416727026       0.28966292925511727     
  0.16981685000529834       0.22238803878950081     
  0.17051000363669019       0.16182413900689074     
  0.17120598656303537       0.10939321268481311     
  0.17190481033287031        6.6290813314797831E-002
  0.17260648654186983        3.3462911056206045E-002
  0.17331102683303970        1.1589659477192531E-002
  0.17401844289690985        1.0761889988644101E-003
  0.17472874647172817        2.0503537385289129E-003
  0.17544194934365545        1.4367191319707467E-002
  0.17615806334696094        3.7619703614923755E-002
  0.17687710036421864        7.1155433104883314E-002
  0.17759907232650440       0.11409819670408496     
  0.17832399121359424       0.16537424798145989     
  0.17905186905416270       0.22374207050692985     
  0.17978271792598266       0.28782495977226180     
  0.18051654995612570       0.35614552838103397     
  0.18125337732116351       0.42716126806929444     
  0.18199321224736950       0.49930032123931223     
  0.18273606701092207       0.57099665230606889     
  0.18348195393810826       0.64072386319803631     
  0.18423088540552804       0.70702696550594446     
  0.18498287384029991       0.76855150155592078     
  0.18573793172026712       0.82406949552136233     
  0.18649607157420448       0.87250181098070012     
  0.18725730598202642       0.91293659051256648     
  0.18802164757499584       0.94464355352668428     
  0.18878910903593346       0.96708402823241213     
  0.18955970309942835       0.97991669031019524     
  0.19033344255204943       0.98299907255461505     
  0.19111034023255730       0.97638499483219965     
  0.19189040903211749       0.96031814073599764     
  0.19267366189451438       0.93522207519360612     
  0.19346011181636599       0.90168705514575043     
  0.19424977184733941       0.86045403268563292     
  0.19504265509036750       0.81239628642896178     
  0.19583877470186650       0.75849914231859183     
  0.19663814389195391       0.69983825973773928     
  0.19744077592466802       0.63755696310575627     
  0.19824668411818794       0.57284309364259323     
  0.19905588184505443       0.50690584145362860     
  0.19986838253239200       0.44095299538019156     
  0.20068419966213161       0.37616901816047238     
  0.20150334677123438       0.31369431840461087     
  0.20232583745191612       0.25460604980706969     
  0.20315168535187320       0.19990072302223416     
  0.20398090417450848       0.15047886783650843     
  0.20481350767915915       0.10713193377507907     
  0.20564950968132489        7.0531567136765866E-002
  0.20648892405289709        4.1221352641247086E-002
  0.20733176472238896        1.9611059311850677E-002
  0.20817804567516671        5.9733837257508575E-003
  0.20902778095368180        4.4314006576475981E-004
  0.20988098465770355        3.0188061247734804E-003
  0.21073767094455342        1.3566298057017954E-002
  0.21159785402933992        3.1824814643464636E-002
  0.21246154818519422        5.7414564435747009E-002
  0.21332876774350720        8.9846166554331711E-002
  0.21419952709416737       0.12853149823007382     
  0.21507384068579924       0.17279574938844289     
  0.21595172302600341       0.22189043658931482     
  0.21683318868159726       0.27500712528110161     
  0.21771825227885655       0.33129161036470317     
  0.21860692850375804       0.38985831019068118     
  0.21949923210222347       0.44980463798080728     
  0.22039517788036408       0.51022512688445942     
  0.22129478070472614       0.57022510003026750     
  0.22219805550253774       0.62893369457654413     
  0.22310501726195672       0.68551606844818902     
  0.22401568103231900       0.73918463972235793     
  0.22493006192438844       0.78920923104285268     
  0.22584817511060773       0.83492601456996984     
  0.22677003582534988       0.87574517639471594     
  0.22769565936517111       0.91115724267330500     
  0.22862506108906488       0.94073803260939748     
  0.22955825641871638       0.96415222550007462     
  0.23049526083875860       0.98115555007495059     
  0.23143608989702943       0.99159562404194801     
  0.23238075920482931       0.99541148989348160     
  0.23332928443718048       0.99263190944645596     
  0.23428168133308711       0.98337249415282701     
  0.23523796569579644       0.96783176082557620     
  0.23619815339306083       0.94628621301675353     
  0.23716226035740115       0.91908455683292012     
  0.23813030258637141       0.88664116648550084     
  0.23910229614282377       0.84942891938510945     
  0.24007825715517533       0.80797152316345622     
  0.24105820181767584       0.76283545773177019     
  0.24204214639067612       0.71462165446861226     
  0.24303010720089804       0.66395703199943124     
  0.24402210064170560       0.61148600392499231     
  0.24501814317337661       0.55786206842847041     
  0.24601825132337590       0.50373958310054412     
  0.24702244168662996       0.44976582073390425     
  0.24803073092580163       0.39657339342062992     
  0.24904313577156709       0.34477312320424280     
  0.25005967302289334       0.29494742795842127     
  0.25108035954731700       0.24764428124541465     
  0.25210521228122396       0.20337179480241196     
  0.25313424823013059       0.16259346215817644     
  0.25416748446896609       0.12572409183064925     
  0.25520493814235545        9.3126448722451988E-002
  0.25624662646490398        6.5108612828843865E-002
  0.25729256672148348        4.1922055301009398E-002
  0.25834277626751834        2.3760423355091608E-002
  0.25939727252927380        1.0759017557713996E-002
  0.26045607300414547        2.9949377143520563E-003
  0.26151919526094891        4.8786698620434561E-004
  0.26258665694021183        3.2014580006290132E-003
  0.26365847575446660        1.1045279624498387E-002
  0.26473466948854396        2.3877278751720472E-002
  0.26581525599986822        4.1506707918402289E-002
  0.26690025321875377        6.3697466794151544E-002
  0.26798967914870253        9.0171803589284935E-002
  0.26908355186670235       0.12061432114096836     
  0.27018188952352734       0.15467623186441729     
  0.27128471034403900       0.19197980584054153     
  0.27239203262748851       0.23212295701543717     
  0.27350387474782023       0.27468391376239726     
  0.27462025515397709       0.31922592185240961     
  0.27574119237020622       0.36530193014097101     
  0.27686670499636645       0.41245921195252699     
  0.27799681170823720       0.46024387817191825     
  0.27913153125782791       0.50820524137971190     
  0.28027088247368953       0.55589999393839429     
  0.28141488426122702       0.60289616669527257     
  0.28256355560301261       0.64877683886183712     
  0.28371691555910122       0.69314357360863954     
  0.28487498326734656       0.73561955792986145     
  0.28603777794371876       0.77585242933899989     
  0.28720531888262307       0.81351677591345706     
  0.28837762545721990       0.84831630007357250     
  0.28955471711974690       0.87998564022547210     
  0.29073661340184104       0.90829184798674290     
  0.29192333391486291       0.93303552212127150     
  0.29311489835022253       0.95405160351232343     
  0.29431132647970543       0.97120983848057729     
  0.29551263815580109       0.98441492049145196     
  0.29671885331203263       0.99360632278071392     
  0.29792999196328690       0.99875783665088957     
  0.29914607420614708       0.99987683214777867     
  0.30036712021922612       0.99700325951400193     
  0.30159315026350136       0.99020841123581371     
  0.30282418468265071       0.97959346565349525     
  0.30406024390339059       0.96528783400022378     
  0.30530134843581452       0.94744733337737563     
  0.30654751887373349       0.92625220857544555     
  0.30779877589501764       0.90190502582089560     
  0.30905514026193970       0.87462846148290629     
  0.31031663282151906       0.84466300852497023     
  0.31158327450586787       0.81226462304886637     
  0.31285508633253861       0.77770233266951594     
  0.31413208940487242       0.74125582769452270     
  0.31541430491234945       0.70321305517853627     
  0.31670175413094059       0.66386783489727952     
  0.31799445842346041       0.62351751515555087     
  0.31929243923992134       0.58246068512480520     
  0.32059571811789023       0.54099495911494966     
  0.32190431668284508       0.49941484683828280     
  0.32321825664853443       0.45800972233538950     
  0.32453755981733712       0.41706190281884437     
  0.32586224808062436       0.37684484726387124     
  0.32719234341912323       0.33762148314886853     
  0.32852786790328065       0.29964266833527586     
  0.32986884369363056       0.26314579368592289     
  0.33121529304116082       0.22835353066521488     
  0.33256723828768275       0.19547272685081513     
  0.33392470186620210       0.16469345102464569     
  0.33528770630129073       0.13618818830679011     
  0.33665627420946076       0.11011118465637923     
  0.33803042829953994        8.6597938993478174E-002
  0.33941019137304806        6.5764840199629970E-002
  0.34079558632457546        4.7708945335579039E-002
  0.34218663614216327        3.2507894574991564E-002
  0.34358336390768413        2.0219957594718747E-002
  0.34498579279722608        1.0884205485468959E-002
  0.34639394608147639        4.5208016527900378E-003
  0.34780784712610791        1.1314046653878290E-003
  0.34922751939216706        6.9967557568747151E-004
  0.35065298643646264        3.1918818839615022E-003
  0.35208427191195729        8.5575900402298961E-003
  0.35352139956815942        1.6730438174766965E-002
  0.35496439325151735        2.7628980615339187E-002
  0.35641327690581565        4.1157595683745371E-002
  0.35786807457257153        5.7207448262277125E-002
  0.35932881039143427        7.5657498678173382E-002
  0.36079550860058590        9.6375549567156743E-002
  0.36226819353714296       0.11921932254109968     
  0.36374688963756052       0.14403755669580548     
  0.36523162143803800       0.17067112124787054     
  0.36672241357492547       0.19895413488077332     
  0.36821929078513355       0.22871508470473853     
  0.36972227790654283       0.25977793808851191     
  0.37123139987841652       0.29196324099971654     
  0.37274668174181458       0.32508919688945959     
  0.37426814864000829       0.35897272057253748     
  0.37579582581889864       0.39343046198327475     
  0.37732973862743413       0.42827979512419129     
  0.37886991251803198       0.46333976796810278     
  0.38041637304700071       0.49843200951920319     
  0.38196914587496344       0.53338159068322755     
  0.38352825676728425       0.56801783603724865     
  0.38509373159449567       0.60217508402380404     
  0.38666559633272773       0.63569339351933185     
  0.38824387706413899       0.66841919514084491     
  0.38982859997734975       0.70020588605604661     
  0.39141979136787586       0.73091436744797322     
  0.39301747763856587       0.76041352415526331     
  0.39462168530003849       0.78858064636104275     
  0.39623244097112265       0.81530179353658938     
  0.39784977137929967       0.84047210115952065     
  0.39947370336114574       0.86399603101889288     
  0.40110426386277853       0.88578756619175214     
  0.40274147994030307       0.90577035202586242     
  0.40438537876026137       0.92387778469242710     
  0.40603598760008325       0.94005304907948117     
  0.40769333384853856       0.95424910798245755     
  0.40935744500619187       0.96642864471242673     
  0.41102834868585908       0.97656396138575063     
  0.41270607261306486       0.98463683528138457     
  0.41439064462650332       0.99063833575468063     
  0.41608209267850005       0.99456860427953275     
  0.41778044483547516       0.99643660025521130     
  0.41948572927840988       0.99625981526069973     
  0.42119797430331363       0.99406395846871665     
  0.42291720832169355       0.98988261594486648     
  0.42464345986102636       0.98375688655520865     
  0.42637675756523108       0.97573499718916956     
  0.42811713019514508       0.96587189997487932     
  0.42986460662900056       0.95422885412187108     
  0.43161921586290408       0.94087299497250554     
  0.43338098701131811       0.92587689277950180     
  0.43514994930754325       0.90931810365364285     
  0.43692613210420378       0.89127871504377654     
  0.43870956487373508       0.87184488802211535     
  0.44050027720887197       0.85110639855180892     
  0.44229829882313998       0.82915617981244316     
  0.44410365955134889       0.80608986755274248     
  0.44591638935008682       0.78200535032977569     
  0.44773651829821842       0.75700232638057474     
  0.44956407659738296       0.73118186875668956     
  0.45139909457249600       0.70464600023499624     
  0.45324160267225266       0.67749727940013427     
  0.45509163146963244       0.64983839917576913     
  0.45694921166240710       0.62177179896402668     
  0.45881437407364939       0.59339929143567283     
  0.46068714965224478       0.56482170489821981     
  0.46256756947340538       0.53613854205581646     
  0.46445566473918498       0.50744765586385276     
  0.46635146677899686       0.47884494307308095     
  0.46825500705013429       0.45042405595313589     
  0.47016631713829160       0.42227613258392693     
  0.47208542875808879       0.39448954600572678     
  0.47401237375359806       0.36714967242514596     
  0.47594718409887132       0.34033867858485178     
  0.47788989189847175       0.31413532831978214     
  0.47984052938800570       0.28861480824233865     
  0.48179912893465782       0.26384857242301035     
  0.48376572303772875       0.23990420586195577     
  0.48574034432917323       0.21684530648065742     
  0.48772302557414277       0.19473138530119699     
  0.48971379967152823       0.17361778442399545     
  0.49171269965450648       0.15355561236269530     
  0.49371975869108847       0.13459169624772202     
  0.49573501008466908       0.11676855036720077     
  0.49775848727458005       0.10012436047581239     
  0.49979022383664523        8.4692983268480224E-002
  0.50183025348373689        7.0503960386380321E-002
  0.50387861006633561        5.7582546297539575E-002
  0.50593532757309234        4.5949749373215984E-002
  0.50800044013139123        3.5622385463963749E-002
  0.51007398200791731        2.6613143265849962E-002
  0.51215598760922409        1.8930660757347402E-002
  0.51424649148230461        1.2579611980934631E-002
  0.51634552831516523        7.5608034402023898E-003
  0.51845313293740036        3.8712793829914919E-003
  0.52056934032077162        1.5044352438116091E-003
  0.52269418557978653        4.5013852408538435E-004
  0.52482770397228251        6.9485639664780574E-004
  0.52696993090001132        2.2217893310976216E-003
  0.52912090190922667        5.0110100489290255E-003
  0.53128065269127367        9.0396071316548397E-003
  0.53344921908318188        1.4281832621226242E-002
  0.53562663706825886        2.0709252969738821E-002
  0.53781294277668812        2.8290902714599522E-002
  0.54000817248612853        3.6993440275744603E-002
  0.54221236262231554        4.6781305293079202E-002
  0.54442554975966673        5.7616876944904284E-002
  0.54664777062188774        6.9460632711422512E-002
  0.54887906208258186        8.2271307071541677E-002
  0.55111946116586275        9.6006049645841585E-002
  0.55336900504696696       0.11062058232356600     
  0.55562773105287300       0.12606935493697943     
  0.55789567666291884       0.14230569907189186     
  0.56017287950942463       0.15928197962888824     
  0.56245937737831742       0.17694974377538386     
  0.56475520820975744       0.19525986695412775     
  0.56706041009876806       0.21416269563914389     
  0.56937502129586803       0.23360818655510171     
  0.57169908020770599       0.25354604210073983     
  0.57403262539769728       0.27392584174127310     
  0.57637569558666502       0.29469716915839361     
  0.57872832965348131       0.31580973496969417     
  0.58109056663571335       0.33721349485195645     
  0.58346244573027040       0.35885876292461411     
  0.58584400629405475       0.38069632027102807     
  0.58823528784461476       0.40267751849570860     
  0.59063633006079996       0.42475437823531503     
  0.59304717278342045       0.44687968256042626     
  0.59546785601590702       0.46900706522305080     
  0.59789841992497528       0.49109109372239140     
  0.60033890484129260       0.51308734717779314     
  0.60278935126014666       0.53495248901358916     
  0.60524979984211758       0.55664433447534345     
  0.60772029141375294       0.57812191301107141     
  0.61020086696824494       0.59934552556409948     
  0.61269156766611022       0.62027679683660686     
  0.61519243483587394       0.64087872259443224     
  0.61770350997475421       0.66111571209421871     
  0.62022483474935197       0.68095362572408902     
  0.62275645099634114       0.70035980795786412     
  0.62529840072316345       0.71930311573132011     
  0.62785072610872605       0.73775394235636105     
  0.63041346950409982       0.75568423709584953     
  0.63298667343322390       0.77306752052789718     
  0.63557038059361004       0.78987889583375481     
  0.63816463385705124       0.80609505614811161     
  0.64076947627033398       0.82169428811476231     
  0.64338495105595150       0.83665647179384650     
  0.64601110161282127       0.85096307706983443     
  0.64864797151700582       0.86459715671158199     
  0.65129560452243462       0.87754333623745895     
  0.65395404456163087       0.88978780073978436     
  0.65662333574644061       0.90131827882340931     
  0.65930352236876377       0.91212402381351088     
  0.66199464890129045       0.92219579238741067     
  0.66469675999823752       0.93152582078457224     
  0.66740990049609028       0.94010779874787209     
  0.67013411541434675       0.94793684134781520     
  0.67286944995626363       0.95500945883961408     
  0.67561594950960757       0.96132352470096882     
  0.67837365964740748       0.96687824199599537     
  0.68114262612871068       0.97167410820815281     
  0.68392289489934310       0.97571287868209600     
  0.68671451209267076       0.97899752881128932     
  0.68951752403036504       0.98153221510491795     
  0.69233197722317286       0.98332223526412665     
  0.69515791837168661       0.98437398739397663     
  0.69799539436711988       0.98469492847372120     
  0.70084445229208592       0.98429353220409233     
  0.70370513942137802       0.98317924634625797     
  0.70657750322275481       0.98136244966303143     
  0.70946159135772713       0.97885440856873041     
  0.71235745168234910       0.97566723358983898     
  0.71526513224801314       0.97181383573438151     
  0.71818468130224533       0.96730788286362712     
  0.72111614728950835       0.96216375615538996     
  0.72405957885200312       0.95639650674394439     
  0.72701502483047720       0.95002181261723351     
  0.72998253426503557       0.94305593584778225     
  0.73296215639595286       0.93551568022951070     
  0.73595394066449149       0.92741834938838996     
  0.73895793671372234       0.91878170543078985     
  0.74197419438934753       0.90962392818923021     
  0.74500276374052765       0.89996357512125302     
  0.74804369502071344       0.88981954191315793     
  0.75109703868847777       0.87921102383647998     
  0.75416284540835488       0.86815747790128883     
  0.75724116605167924       0.85667858584672807     
  0.76033205169743068       0.84479421800553289     
  0.76343555363308235       0.83252439807582990     
  0.76655172335545019       0.81988926883007507     
  0.76968061257154952       0.80690905878770314     
  0.77282227319945096       0.79360404987485511     
  0.77597675736914307       0.77999454609146779     
  0.77914411742339751       0.76610084320302729     
  0.78232440591863694       0.75194319947145472     
  0.78551767562580699       0.73754180743678821     
  0.78872397953125306       0.72291676675872740     
  0.79194337083759792       0.70808805812458053     
  0.79517590296462559       0.69307551822771651     
  0.79842162955016782       0.67789881581832834     
  0.80168060445099321       0.66257742882617687     
  0.80495288174370172       0.64713062255281317     
  0.80823851572562166       0.63157742892889934     
  0.81153756091571005       0.61593662683036188     
  0.81485007205545901       0.60022672344527839     
  0.81817610410980179       0.58446593668194780     
  0.82151571226802678       0.56867217860677566     
  0.82486895194469190       0.55286303989945240     
  0.82823587878054472       0.53705577531129933     
  0.83161654864344625       0.52126729011160233     
  0.83501101762929653       0.50551412750550306     
  0.83841934206296653       0.48981245700594245     
  0.84184157849923302       0.47417806374124660     
  0.84527778372371576       0.45862633867901015     
  0.84872801475382054       0.44317226974610741     
  0.85219232883968588       0.42783043382400715     
  0.85567078346513115       0.41261498959784126     
  0.85916343634861292       0.39753967123717732     
  0.86267034544418009       0.38261778288588116     
  0.86619156894243732       0.36786219393808206     
  0.86972716527151039       0.35328533507685561     
  0.87327719309801433       0.33889919505195143     
  0.87684171132802924       0.32471531817263516     
  0.88042077910807537       0.31074480249161485     
  0.88401445582609561       0.29699829865574134     
  0.88762280111244185       0.28348600939926405     
  0.89124587484086226       0.27021768965530829     
  0.89488373712949654       0.25720264726127684     
  0.89853644834187318       0.24444974423397245     
  0.90220406908791040       0.23196739859032384     
  0.90588666022492215       0.21976358668977813     
  0.90958428285862880       0.20784584607456250     
  0.91329699834416944       0.19622127878431192     
  0.91702486828712149       0.18489655512173558     
  0.92076795454452198       0.17387791784636047     
  0.92452631922589401       0.16317118677363190     
  0.92830002469427830       0.15278176375703376     
  0.93208913356726641       0.14271463803125731     
  0.93589370871804145       0.13297439189481175     
  0.93971381327641990       0.12356520671086271     
  0.94354951062989978       0.11449086920557339     
  0.94740086442471305       0.10575477804356968     
  0.95126793856688030        9.7359950660696776E-002
  0.95515079722327212        8.9309030334607298E-002
  0.95904950482267404        8.1604293474308393E-002
  0.96296412605685466        7.4247657110168175E-002
  0.96689472588163972        6.7240686566476165E-002
  0.97084136951799027        6.0584603299074419E-002
  0.97480412245308368        5.4280292881162227E-002
  0.97878305044140190        4.8328313120811636E-002
  0.98277821950582100        4.2728902294318402E-002
  0.98678969593870736        3.7481987479968601E-002
  0.99081754630301844        3.2587192977371199E-002
  0.99486183743340539        2.8043848797989074E-002
  0.99892263643732426        2.3850999213037287E-002
   1.0030000106961476        2.0007411345430284E-002
   1.0070940278662834        1.6511583792958657E-002
   1.0112047558802988        1.3361755270408417E-002
   1.0153322629480441        1.0555913258824344E-002
   1.0194766175577885        8.0918026506140994E-003
   1.0236378884773538        5.9669343797036836E-003
   1.0278161447552574        4.1785940264224171E-003
   1.0320114557218547        2.7238503872879013E-003
   1.0362238909904942        1.5995640003299196E-003
   1.0404535204586696        8.0239561706113918E-004
   1.0447004143091787        3.2881461265850940E-004
   1.0489646430112913        1.7510732636720713E-004
   1.0532462773219167        3.3738532458160502E-004
   1.0575453882867758        8.1159357948729105E-004
   1.0618620472415838        1.5935185565691611E-003
   1.0661963258132321        2.6787962047047850E-003
   1.0705482959209747        4.0629198429592162E-003
   1.0749180297776255        5.7412479385963036E-003
   1.0793055998907541        7.7090117711977584E-003
   1.0837110790638902        9.9613229781514226E-003
   1.0881345403977287        1.2493180977138404E-002
   1.0925760572913470        1.5299480261592113E-002
   1.0970357034434204        1.8375017565441458E-002
   1.1015135528534441        2.1714498893787518E-002
   1.1060096798229635        2.5312546416474818E-002
   1.1105241589568067        2.9163705221825931E-002
   1.1150570651643195        3.3262449928111212E-002
   1.1196084736606120        3.7603191150607271E-002
   1.1241784599678060        4.2180281822382648E-002
   1.1287670999162849        4.6988023367194882E-002
   1.1333744696459565        5.2020671723183073E-002
   1.1380006456075142        5.7272443216220568E-002
   1.1426457045637044        6.2737520282096088E-002
   1.1473097235906025        6.8410057036877178E-002
   1.1519927800788912        7.4284184695034922E-002
   1.1566949517351428        8.0354016835113548E-002
   1.1614163165831117        8.6613654512953747E-002
   1.1661569529650266        9.3057191222613397E-002
   1.1709169395428922        9.9678717705367959E-002
   1.1756963552997917       0.10647232660728834     
   1.1804952795412009       0.11343211698612007     
   1.1853137918963028       0.12055219866826625     
   1.1901519723193061       0.12782669645687650     
   1.1950099010907769       0.13524975419219082     
   1.1998876588189678       0.14281553866533206     
   1.2047853264411541       0.15051824338698028     
   1.2097029852249803       0.15835209221239321     
   1.2146407167698074       0.16631134282435941     
   1.2195986030080641       0.17439029007578721     
   1.2245767262066105       0.18258326919374301     
   1.2295751689681005       0.19088465884675920     
   1.2345940142323542       0.19928888407743089     
   1.2396333452777308       0.20779041910226614     
   1.2446932457225151       0.21638378998094798     
   1.2497737995263021       0.22506357715711567     
   1.2548750909913893       0.23382441787290914     
   1.2599972047641785       0.24266100845953131     
   1.2651402258365791       0.25156810650614592     
   1.2703042395474162       0.26054053290944745     
   1.2754893315838498       0.26957317380630785     
   1.2806955879827961       0.27866098239191806     
   1.2859230951323521       0.28779898062584047     
   1.2911719397732333       0.29698226082849011     
   1.2964422090002106       0.30620598717047826     
   1.3017339902635547       0.31546539705735654     
   1.3070473713704895       0.32475580241225388     
   1.3123824404866489       0.33407259085892521     
   1.3177392861375357       0.34341122680773756     
   1.3231179972099965       0.35276725244712392     
   1.3285186629536925       0.36213628864299746     
   1.3339413729825829       0.37151403574867209     
   1.3393862172764077       0.38089627432776857     
   1.3448532861821869       0.39027886579262006     
   1.3503426704157151       0.39965775296064993     
   1.3558544610630672       0.40902896053117183     
   1.3613887495821120       0.41838859548509755     
   1.3669456278040288       0.42773284740994194     
   1.3725251879348284       0.43705798875253998     
   1.3781275225568879       0.44636037500188214     
   1.3837527246304846       0.45563644480438448     
   1.3894008874953359       0.46488272001395103     
   1.3950721048721533       0.47409580567911941     
   1.4007664708641934       0.48327238996956101     
   1.4064840799588225       0.49240924404417186     
   1.4122250270290799       0.50150322186295881     
   1.4179894073352572       0.51055125994491568     
   1.4237773165264773       0.51955037707399920     
   1.4295888506422783       0.52849767395531699     
   1.4354241061142121       0.53739033282361726     
   1.4412831797674421       0.54622561700608374     
   1.4471661688223481       0.55500087044143875     
   1.4530731708961429       0.56371351715732143     
   1.4590042840044910       0.57236106070784187     
   1.4649596065631323       0.58094108357320551     
   1.4709392373895191       0.58945124652323222     
   1.4769432757044543       0.59788928794659013     
   1.4829718211337348       0.60625302314748142     
   1.4890249737098105       0.61454034361152743     
   1.4951028338734396       0.62274921624251300     
   1.5012055024753554       0.63087768257163823     
   1.5073330807779428       0.63892385794089512     
   1.5134856704569155       0.64688593066209987     
   1.5196633736030056       0.65476216115313979     
   1.5258662927236537       0.66255088105287763     
   1.5320945307447145       0.67025049231620293     
   1.5383481910121630       0.67785946629058880     
   1.5446273772938062       0.68537634277555337     
   1.5509321937810101       0.69279972906633702     
   1.5572627450904259       0.70012829898309226     
   1.5636191362657244       0.70736079188681811     
   1.5700014727793419       0.71449601168328680     
   1.5764098605342303       0.72153282581610190     
   1.5828444058656099       0.72847016425005451     
   1.5893052155427401       0.73530701844586166     
   1.5957923967706868       0.74204244032737088     
   1.6023060571921037       0.74867554124224434     
   1.6088463048890147       0.75520549091713907     
   1.6154132483846122       0.76163151640833249     
   1.6220069966450557       0.76795290104872882     
   1.6286276590812767       0.77416898339213203     
   1.6352753455508005       0.78027915615566767     
   1.6419501663595648       0.78628286516116874     
   1.6486522322637496       0.79217960827632428     
   1.6553816544716176       0.79796893435637328     
   1.6621385446453594       0.80365044218707060     
   1.6689230149029417       0.80922377942963009     
   1.6757351778199741       0.81468864156834409     
   1.6825751464315746       0.82004477086150118     
   1.6894430342342412       0.82529195529625199     
   1.6963389551877424       0.83043002754799977     
   1.7032630237170037       0.83545886394489699     
   1.7102153547140044       0.84037838343797655     
   1.7171960635396897       0.84518854657745546     
   1.7242052660258809       0.84988935449568315     
   1.7312430784771990       0.85448084789720624     
   1.7383096176729915       0.85896310605640536     
   1.7454050008692747       0.86333624582311763     
   1.7525293458006783       0.86760042063663878     
   1.7596827706823941       0.87175581954848258     
   1.7668653942121444       0.87580266625426795     
   1.7740773355721486       0.87974121813504402     
   1.7813187144310982       0.88357176530838866     
   1.7885896509461472       0.88729462968956163     
   1.7958902657649043       0.89091016406299450     
   1.8032206800274309       0.89441875116437219     
   1.8105810153682576       0.89782080277354870     
   1.8179713939183981       0.90111675881851183     
   1.8253919383073787       0.90430708649061409     
   1.8328427716652678       0.90739227937123823     
   1.8403240176247260       0.91037285657009737     
   1.8478358003230537       0.91324936187530525     
   1.8553782444042495       0.91602236291536332     
   1.8629514750210820       0.91869245033320779     
   1.8705556178371661       0.92126023697240744     
   1.8781907990290427       0.92372635707564121     
   1.8858571452882809       0.92609146549551191     
   1.8935547838235744       0.92835623691780911     
   1.9012838423628520       0.93052136509724748     
   1.9090444491554013       0.93258756210576299     
   1.9168367329739937       0.93455555759339437     
   1.9246608231170197       0.93642609806178434     
   1.9325168494106386       0.93819994615031521     
   1.9404049422109304       0.93987787993490379     
   1.9483252324060565       0.94146069223943751     
   1.9562778514184365       0.94294918995986543     
   1.9642629312069249       0.94434419340091025     
   1.9722806042690040       0.94564653562538326     
   1.9803310036429771       0.94685706181607732     
   1.9884142629101824       0.94797662865018018     
   1.9965305161972071       0.94900610368617921     
   2.0046798981781091       0.94994636476319516     
   2.0128625440766581       0.95079829941267369     
   2.0210785896685763       0.95156280428239737     
   2.0293281712837890       0.95224078457270533     
   2.0376114258086915       0.95283315348487596     
   2.0459284906884188       0.95334083168157358     
   2.0542795039291217       0.95376474675926448     
   2.0626646041002639       0.95410583273252547     
   2.0710839303369175       0.95436502953004798     
   2.0795376223420732       0.95454328250272735     
   2.0880258203889532       0.95464154194253958     
   2.0965486653233478       0.95466076261366017     
   2.1051062985659468       0.95460190329454220     
   2.1136988621146831       0.95446592633132155     
   2.1223264985470975       0.95425379720231196     
   2.1309893510226989       0.95396648409351414     
   2.1396875632853374       0.95360495748496787     
   2.1484212796655959       0.95317018974785794     
   2.1571906450831819       0.95266315475221131     
   2.1659958050493291       0.95208482748507728     
   2.1748369056692178       0.95143618367904281     
   2.1837140936443968       0.95071819945094505     
   2.1926275162752127       0.94993185095065935     
   2.2015773214632635       0.94907811401980446     
   2.2105636577138457       0.94815796386023654     
   2.2195866741384194       0.94717237471218185     
   2.2286465204570853       0.94612231954188508     
   2.2377433470010675       0.94500876973859649     
   2.2468773047152077       0.94383269482079379     
   2.2560485451604677       0.94259506215145972     
   2.2652572205164492       0.94129683666229780     
   2.2745034835839171       0.93993898058671677     
   2.2837874877873303       0.93852245320146643     
   2.2931093871773944       0.93704821057675169     
   2.3024693364336155       0.93551720533470228     
   2.3118674908668622       0.93393038641603765     
   2.3213040064219506       0.93228869885479371     
   2.3307790396802273       0.93059308356096015     
   2.3402927478621649       0.92884447711088691     
   2.3498452888299783       0.92704381154531279     
   2.3594368210902377       0.92519201417489050     
   2.3690675037965030       0.92329000739303213     
   2.3787374967519588       0.92133870849597244     
   2.3884469604120731       0.91933902950988011     
   2.3981960558872570       0.91729187702489545     
   2.4079849449455333       0.91519815203594568     
   2.4178137900152290       0.91305874979020563     
   2.4276827541876669       0.91087455964105890     
   2.4375920012198664       0.90864646490844192     
   2.4475416955372706       0.90637534274541365     
   2.4575320022364697       0.90406206401083289     
   2.4675630870879357       0.90170749314801135     
   2.4776351165387829       0.89931248806919906     
   2.4877482577155234       0.89687790004578993     
   2.4979026784268394       0.89440457360410441     
   2.5080985471663721       0.89189334642663298     
   2.5183360331155162       0.88934504925860869     
   2.5286153061462220       0.88676050581978905     
   2.5389365368238228       0.88414053272132354     
   2.5492998964098588       0.88148593938758169     
   2.5597055568649218       0.87879752798283461     
   2.5701536908515048       0.87607609334265479     
   2.5806444717368717       0.87332242290992956     
   2.5911780735959340       0.87053729667537560     
   2.6017546712141315       0.86772148712243014     
   2.6123744400903441       0.86487575917641546     
   2.6230375564397970       0.86200087015786253     
   2.6337441971969815       0.85909756973989770     
   2.6444945400185995       0.85616659990955657     
   2.6552887632865070       0.85320869493295837     
   2.6661270461106703       0.85022458132420287     
   2.6770095683321458       0.84721497781790811     
   2.6879365105260575       0.84418059534528533     
   2.6989080540045989       0.84112213701364247     
   2.7099243808200328       0.83804029808923408     
   2.7209856737677236       0.83493576598334784     
   2.7320921163891634       0.83180922024154336     
   2.7432438929750149       0.82866133253595076     
   2.7544411885681774       0.82549276666052673     
   2.7656841889668535       0.82230417852919524     
   2.7769730807276272       0.81909621617677508     
   2.7883080511685678       0.81586951976260891     
   2.7996892883723348       0.81262472157681709     
   2.8111169811892935       0.80936244604907681     
   2.8225913192406575       0.80608330975986897     
   2.8341124929216317       0.80278792145408784     
   2.8456806934045655       0.79947688205695955     
   2.8572961126421350       0.79615078469216971     
   2.8689589433705232       0.79281021470214275     
   2.8806693791126143       0.78945574967039067     
   2.8924276141812122       0.78608795944586196     
   2.9042338436822610       0.78270740616921419     
   2.9160882635180831       0.77931464430095254     
   2.9279910703906258       0.77591022065135529     
   2.9399424618047334       0.77249467441212394     
   2.9519426360714194       0.76906853718969415     
   2.9639917923111532       0.76563233304014477     
   2.9760901304571732       0.76218657850563487     
   2.9882378512587997       0.75873178265232233     
   3.0004351562847607       0.75526844710968699     
   3.0126822479265480       0.75179706611121566     
   3.0249793294017673       0.74831812653638152     
   3.0373266047575087       0.74483210795387222     
   3.0497242788737404       0.74133948266599770     
   3.0621725574667020       0.73784071575423871     
   3.0746716470923223       0.73433626512588157     
   3.0872217551496384       0.73082658156168046     
   3.0998230898842483       0.72731210876450569     
   3.1124758603917613       0.72379328340892624     
   3.1251802766212617       0.72027053519169049     
   3.1379365493788032       0.71674428688302882     
   3.1507448903309023       0.71321495437877780     
   3.1636055120080444       0.70968294675324173     
   3.1765186278082207       0.70614866631277473     
   3.1894844520004644       0.70261250865002933     
   3.2025031997284015       0.69907486269884100     
   3.2155750870138298       0.69553611078969424     
   3.2287003307602982       0.69199662870574985     
   3.2418791487567020       0.68845678573938485     
   3.2551117596809069       0.68491694474921194     
   3.2683983831033703       0.68137746221753759     
   3.2817392394907818       0.67783868830824567     
   3.2951345502097307       0.67430096692503516     
   3.3085845375303724       0.67076463577002055     
   3.3220894246301196       0.66723002640263651     
   3.3356494355973410       0.66369746429882637     
   3.3492647954350852       0.66016726891048128     
   3.3629357300648142       0.65663975372510464     
   3.3766624663301439       0.65311522632567420     
   3.3904452320006189       0.64959398845066396     
   3.4042842557754875       0.64607633605422021     
   3.4181797672874907       0.64256255936644502     
   3.4321319971066844       0.63905294295377246     
   3.4461411767442565       0.63554776577941452     
   3.4602075386563675       0.63204730126385789     
   3.4743313162480152       0.62855181734536325     
   3.4885127438769019       0.62506157654048811     
   3.5027520568573265       0.62157683600457181     
   3.5170494914640815       0.61809784759218911     
   3.5314052849363842       0.61462485791753474     
   3.5458196754818094       0.61115810841473606     
   3.5602929022802345       0.60769783539806010     
   3.5748252054878202       0.60424427012200788     
   3.5894168262409902       0.60079763884127568     
   3.6040680066604258       0.59735816287056598     
   3.6187789898550959       0.59392605864422976     
   3.6335500199262847       0.59050153777573111     
   3.6483813419716364       0.58708480711691646     
   3.6632732020892336       0.58367606881706779     
   3.6782258473816740       0.58027552038173824     
   3.6932395259601685       0.57688335473134744     
   3.7083144869486642       0.57349976025952731     
   3.7234509804879772       0.57012492089120625     
   3.7386492577399353       0.56675901614042090     
   3.7539095708915569       0.56340222116783845     
   3.7692321731592284       0.56005470683799108     
   3.7846173187929102       0.55671663977619668     
   3.8000652630803460       0.55338818242517196     
   3.8155762623513128       0.55006949310131192     
   3.8311505739818670       0.54676072605064263     
   3.8467884563986092       0.54346203150442940     
   3.8624901690829847       0.54017355573443149     
   3.8782559725755825       0.53689544110780318     
   3.8940861284804527       0.53362782614162596     
   3.9099808994694594       0.53037084555707059     
   3.9259405492866346       0.52712463033317625     
   3.9419653427525452       0.52388930776024922     
   3.9580555457687030       0.52066500149286565     
   3.9742114253219660       0.51745183160247954     
   3.9904332494889743       0.51424991462962677     
   4.0067212874405893       0.51105936363572790     
   4.0230758094463717       0.50788028825446951     
   4.0394970868790629       0.50471279474277453     
   4.0559853922190783       0.50155698603135668     
   4.0725409990590427       0.49841296177484246     
   4.0891641821083224       0.49528081840146909     
   4.1058552171975808       0.49216064916235697     
   4.1226143812833644       0.48905254418033939     
   4.1394419524526915       0.48595659049836021     
   4.1563382099276636       0.48287287212743918     
   4.1733034340701094       0.47980147009418073     
   4.1903379063862296       0.47674246248785690     
   4.2074419095312638       0.47369592450703124     
   4.2246157273141920       0.47066192850574790     
   4.2418596447024361       0.46764054403926358     
   4.2591739478265858       0.46463183790933860     
   4.2765589239851547       0.46163587420906882     
   4.2940148616493437       0.45865271436727684     
   4.3115420504678283       0.45568241719244645     
   4.3291407812715565       0.45272503891620719     
   4.3468113460785895       0.44978063323636241     
   4.3645540380989400       0.44684925135947617     
   4.3823691517394279       0.44393094204299655     
   4.4002569826085844       0.44102575163693608     
   4.4182178275215458       0.43813372412508939     
   4.4362519845049730       0.43525490116582854     
   4.4543597528020111       0.43238932213240411     
   4.4725414328772475       0.42953702415283551     
   4.4907973264216903       0.42669804214933749     
   4.5091277363577875       0.42387240887729927     
   4.5275329668444471       0.42106015496382260     
   4.5460133232820850       0.41826130894580971     
   4.5645691123176864       0.41547589730761403     
   4.5832006418499045       0.41270394451824527     
   4.6019082210341660       0.40994547306813611     
   4.6206921602877928       0.40720050350546988     
   4.6395527712951647       0.40446905447207343     
   4.6584903670128890       0.40175114273887241     
   4.6775052616749795       0.39904678324092097     
   4.6965977707980926       0.39635598911199083     
   4.7157682111867478       0.39367877171874210     
   4.7350169009385850       0.39101514069446153     
   4.7543441594496505       0.38836510397238116     
   4.7737503074196939       0.38572866781857229     
   4.7932356668574805       0.38310583686442495     
   4.8128005610861475       0.38049661413870756     
   4.8324453147485658       0.37790100109921254     
   4.8521702538127149       0.37531899766399657     
   4.8719757055771122       0.37275060224220402     
   4.8918619986762248       0.37019581176449334     
   4.9118294630859394       0.36765462171305252     
   4.9318784301290162       0.36512702615122328     
   4.9520092324806102       0.36261301775271948     
   4.9722222041737796       0.36011258783045791     
   4.9925176806050207       0.35762572636499629     
   5.0128959985398502       0.35515242203257952     
   5.0333574961183860       0.35269266223280510     
   5.0539025128609465       0.35024643311590703     
   5.0745313896737043       0.34781371960965490     
   5.0952444688543324       0.34539450544588352     
   5.1160420940976774       0.34298877318664700     
   5.1369246105014765       0.34059650425000226     
   5.1578923645720769       0.33821767893542831     
   5.1789457042301867       0.33585227644888099     
   5.2000849788166388       0.33350027492749051     
   5.2213105390982024       0.33116165146389615     
   5.2426227372734004       0.32883638213023358     
   5.2640219269783390       0.32652444200177178     
   5.2855084632925946       0.32422580518019717     
   5.3070827027450962       0.32194044481656081     
   5.3287450033200381       0.31966833313388404     
   5.3504957244628288       0.31740944144942090     
   5.3723352270860527       0.31516374019659771     
   5.3942638735754480       0.31293119894661270     
   5.4162820277959387       0.31071178642971214     
   5.4383900550976607       0.30850547055614463     
   5.4605883223220175       0.30631221843679396     
   5.4828771978077846       0.30413199640349081     
   5.5052570513972130       0.30196477002901656     
   5.5277282544421542       0.29981050414679478     
   5.5502911798102446       0.29766916287027206     
   5.5729462018910780       0.29554070961200096     
   5.5956936966024218       0.29342510710241704     
   5.6185340413964466       0.29132231740832248     
   5.6414676152660075       0.28923230195107247     
   5.6644947987509173       0.28715502152447370     
   5.6876159739442613       0.28509043631239461     
   5.7108315244987482       0.28303850590608909     
   5.7341418356330687       0.28099918932124313     
   5.7575472941382806       0.27897244501474089     
   5.7810482883842447       0.27695823090115657     
   5.8046452083260549       0.27495650436897556     
   5.8283384455105089       0.27296722229654885     
   5.8521283930826149       0.27099034106777875     
   5.8760154457921070       0.26902581658754587     
