  0.10000000000000001       0.51516536508698474     
  0.10040817718110437       0.45450027786383124     
  0.10081802044832047       0.38501736031928591     
  0.10122953660223166       0.31148986741075207     
  0.10164273247117964       0.23888600941476396     
  0.10205761491137796       0.17203434305878085     
  0.10247419080702558       0.11530881380576766     
  0.10289246707042120        7.2353394850219771E-002
  0.10331245064207799        4.5862756479531724E-002
  0.10373414849083867        3.7431001746902996E-002
  0.10415756761399117        4.7475561095309170E-002
  0.10458271503738485        7.5238202398882653E-002
  0.10500959781554686       0.11886012522294109     
  0.10543822303179938       0.17552357776145450     
  0.10586859779837712       0.24164862076673704     
  0.10630072925654524       0.31313076101569620     
  0.10673462457671801       0.38560331320235897     
  0.10717029095857759       0.45470757625882141     
  0.10760773563119364       0.51635420970631174     
  0.10804696585314330       0.56696048489580431     
  0.10848798891263144       0.60365022741987873     
  0.10893081212761184       0.62440608082256943     
  0.10937544284590843       0.62816700001774151     
  0.10982188844533726       0.61486740389204886     
  0.11027015633382903       0.58541795930466112     
  0.11072025394955184       0.54163132556996230     
  0.11117218876103470       0.48609917674327624     
  0.11162596826729153       0.42202928941535456     
  0.11208159999794542       0.35305332676628165     
  0.11253909151335369       0.28301709890054411     
  0.11299845040473337       0.21576551221049739     
  0.11345968429428700       0.15493415563809729     
  0.11392280083532935       0.10375856573227096     
  0.11438780771241415        6.4910753475927632E-002
  0.11485471264146174        4.0370676539183956E-002
  0.11532352336988719        3.1338129888776010E-002
  0.11579424767672861        3.8188142707338495E-002
  0.11626689337277650        6.0470547656775772E-002
  0.11674146830070313        9.6952059719809205E-002
  0.11721798033519278       0.14569708259132028     
  0.11769643738307244       0.20418164848401615     
  0.11817684738344295       0.26943346733869816     
  0.11865921830781066       0.33819006407655527     
  0.11914355816021997       0.40706644242841694     
  0.11962987497738581       0.47272363081187729     
  0.12011817682882717       0.53202981641057367     
  0.12060847181700105       0.58220651455233341     
  0.12110076807743671       0.62095329168760949     
  0.12159507377887094       0.64654588944587854     
  0.12209139712338332       0.65790410430393775     
  0.12258974634653247       0.65462737896504875     
  0.12309012971749274       0.63699767528026185     
  0.12359255553919130       0.60595074705302254     
  0.12409703214844603       0.56301834526852457     
  0.12460356791610375       0.51024511008558471     
  0.12511217124717913       0.45008488815671988     
  0.12562285058099434       0.38528192943551776     
  0.12613561439131882       0.31874284802708308     
  0.12665047118650996       0.25340537447310602     
  0.12716742950965446       0.19210979302453218     
  0.12768649793870987       0.13747856960104377     
  0.12820768508664696        9.1809066796374794E-002
  0.12873099960159279        5.6983451661276961E-002
  0.12925645016697404        3.4398975587290999E-002
  0.12978404550166117        2.4920791819741002E-002
  0.13031379436011306        2.8858423887019771E-002
  0.13084570553252231        4.5965954848230683E-002
  0.13137978784496107        7.5465016465389695E-002
  0.13191605015952751       0.11608875774478691     
  0.13245450137449291       0.16614419585664245     
  0.13299515042444918       0.22358972399112970     
  0.13353800628045717       0.28612408716538301     
  0.13408307795019572       0.35128284732622006     
  0.13463037447811083       0.41653824452338895     
  0.13517990494556581       0.47939841547177164     
  0.13573167847099218       0.53750214205990643     
  0.13628570421004074       0.58870565243206463     
  0.13684199135573349       0.63115846398633013     
  0.13740054913861643       0.66336581569445729     
  0.13796138682691236       0.68423585939438203     
  0.13852451372667493       0.69311043830129926     
  0.13908993918194296       0.68977894857927080     
  0.13965767257489561       0.67447543056747561     
  0.14022772332600780       0.64785964671195984     
  0.14080010089420669       0.61098345307533664     
  0.14137481477702879       0.56524424379776783     
  0.14195187451077720       0.51232763038791118     
  0.14253128967068007       0.45414180174482971     
  0.14311306987104958       0.39274619205240835     
  0.14369722476544117       0.33027716188565082     
  0.14428376404681392       0.26887337650208998     
  0.14487269744769149       0.21060345118176768     
  0.14546403474032335       0.15739823628305985     
  0.14605778573684705       0.11098984633963710     
  0.14665396028945119        7.2859211663495835E-002
  0.14725256829053859        4.4193562242863325E-002
  0.14785361967289068        2.5854857417339297E-002
  0.14845712440983222        1.8359765976686187E-002
  0.14906309251539690        2.1871394463605927E-002
  0.14967153404449324        3.6202570011824309E-002
  0.15028245909307170        6.0830120032387115E-002
  0.15089587779829214        9.4919264754943569E-002
  0.15151180033869191       0.13735695837030898     
  0.15213023693435482       0.18679278656068371     
  0.15275119784708088       0.24168585666659798     
  0.15337469338055626       0.30035600364268794     
  0.15400073388052446       0.36103758029957722     
  0.15462932973495802       0.42193410225568584     
  0.15526049137423079       0.48127207300620178     
  0.15589422927129087       0.53735241760707253     
  0.15653055394183482       0.58859809855579692     
  0.15716947594448166       0.63359666753454458     
  0.15781100588094832       0.67113671417154008     
  0.15845515439622559       0.70023739996365097     
  0.15910193217875471       0.72017050402826222     
  0.15975134996060453       0.73047464965260711     
  0.16040341851764989       0.73096161934000548     
  0.16105814866975027       0.72171489447847725     
  0.16171555128092935       0.70308076790520968     
  0.16237563725955523       0.67565256842109300     
  0.16303841755852153       0.64024870160089065     
  0.16370390317542910       0.59788534793972792     
  0.16437210515276834       0.54974476539688666     
  0.16504303457810285       0.49714021767661887     
  0.16571670258425286       0.44147859202236284     
  0.16639312034948034       0.38422178168906435     
  0.16707229909767446       0.32684789020060123     
  0.16775425009853762       0.27081326929602551     
  0.16843898466777257       0.21751633300431522     
  0.16912651416727026       0.16826399990883012     
  0.16981685000529834       0.12424150804634992     
  0.17051000363669019        8.6486225919789481E-002
  0.17120598656303537        5.5865952761451232E-002
  0.17190481033287031        3.3062065414430457E-002
  0.17260648654186983        1.8557731821694963E-002
  0.17331102683303970        1.2631275725306068E-002
  0.17401844289690985        1.5354647082033778E-002
  0.17472874647172817        2.6596830835379361E-002
  0.17544194934365545        4.6031915575280066E-002
  0.17615806334696094        7.3151445349001018E-002
  0.17687710036421864       0.10728059407849011     
  0.17759907232650440       0.14759763383973765     
  0.17832399121359424       0.19315611635249605     
  0.17905186905416270       0.24290915165380550     
  0.17978271792598266       0.29573514890636654     
  0.18051654995612570       0.35046438106178784     
  0.18125337732116351       0.40590574675814423     
  0.18199321224736950       0.46087312818828630     
  0.18273606701092207       0.51421078129573894     
  0.18348195393810826       0.56481724291557622     
  0.18423088540552804       0.61166729662031383     
  0.18498287384029991       0.65383160321237610     
  0.18573793172026712       0.69049367114747529     
  0.18649607157420448       0.72096391481228084     
  0.18725730598202642       0.74469062270269304     
  0.18802164757499584       0.76126773143608517     
  0.18878910903593346       0.77043937358497372     
  0.18955970309942835       0.77210123609525294     
  0.19033344255204943       0.76629883027396417     
  0.19111034023255730       0.75322283291295411     
  0.19189040903211749       0.73320171016438962     
  0.19267366189451438       0.70669188061349075     
  0.19346011181636599       0.67426571111541578     
  0.19424977184733941       0.63659766808626683     
  0.19504265509036750       0.59444896796049285     
  0.19583877470186650       0.54865108352172554     
  0.19663814389195391       0.50008846801716011     
  0.19744077592466802       0.44968085675475028     
  0.19824668411818794       0.39836549676363264     
  0.19905588184505443       0.34707963967999633     
  0.19986838253239200       0.29674361199785160     
  0.20068419966213161       0.24824475095627904     
  0.20150334677123438       0.20242246442307685     
  0.20232583745191612       0.16005464000772965     
  0.20315168535187320       0.12184559312577969     
  0.20398090417450848        8.8415706664902255E-002
  0.20481350767915915        6.0292877064600542E-002
  0.20564950968132489        3.7905843772177039E-002
  0.20648892405289709        2.1579441880206017E-002
  0.20733176472238896        1.1531781927068364E-002
  0.20817804567516671        7.8733269243917731E-003
  0.20902778095368180        1.0607805161113516E-002
  0.20988098465770355        1.9634868641780621E-002
  0.21073767094455342        3.4754381484823758E-002
  0.21159785402933992        5.5672200491944407E-002
  0.21246154818519422        8.2007291579977049E-002
  0.21332876774350720       0.11330001094224880     
  0.21419952709416737       0.14902136870582144     
  0.21507384068579924       0.18858308543309943     
  0.21595172302600341       0.23134824798041875     
  0.21683318868159726       0.27664237081345283     
  0.21771825227885655       0.32376467168434298     
  0.21860692850375804       0.37199937635103925     
  0.21949923210222347       0.42062687548409927     
  0.22039517788036408       0.46893456775287584     
  0.22129478070472614       0.51622723598594467     
  0.22219805550253774       0.56183681792071738     
  0.22310501726195672       0.60513144905181959     
  0.22401568103231900       0.64552367211400696     
  0.22493006192438844       0.68247772545795971     
  0.22584817511060773       0.71551584067185947     
  0.22677003582534988       0.74422349796081488     
  0.22769565936517111       0.76825360573292123     
  0.22862506108906488       0.78732958829016697     
  0.22955825641871638       0.80124738224728187     
  0.23049526083875860       0.80987635809105418     
  0.23143608989702943       0.81315919796560687     
  0.23238075920482931       0.81111077417429045     
  0.23332928443718048       0.80381608490451362     
  0.23428168133308711       0.79142731421636681     
  0.23523796569579644       0.77416009232615235     
  0.23619815339306083       0.75228903962645921     
  0.23716226035740115       0.72614268370599966     
  0.23813030258637141       0.69609784287986520     
  0.23910229614282377       0.66257357245148296     
  0.24007825715517533       0.62602477115821131     
  0.24105820181767584       0.58693554507834755     
  0.24204214639067612       0.54581242478778091     
  0.24303010720089804       0.50317752885257416     
  0.24402210064170560       0.45956176294207368     
  0.24501814317337661       0.41549813906649302     
  0.24601825132337590       0.37151529380897896     
  0.24702244168662996       0.32813127806504699     
  0.24803073092580163       0.28584768385186193     
  0.24904313577156709       0.24514416633563263     
  0.25005967302289334       0.20647341147546733     
  0.25108035954731700       0.17025659171802213     
  0.25210521228122396       0.13687934411771849     
  0.25313424823013059       0.10668829721157479     
  0.25416748446896609        7.9988165049926174E-002
  0.25520493814235545        5.7039419067246036E-002
  0.25624662646490398        3.8056541056854007E-002
  0.25729256672148348        2.3206853464223194E-002
  0.25834277626751834        1.2609916601200095E-002
  0.25939727252927380        6.3374762627299731E-003
  0.26045607300414547        4.4139396439725198E-003
  0.26151919526094891        6.8173524437219832E-003
  0.26258665694021183        1.3480845625615204E-002
  0.26365847575446660        2.4294516507862511E-002
  0.26473466948854396        3.9107705672702969E-002
  0.26581525599986822        5.7731628627768483E-002
  0.26690025321875377        7.9942319204891490E-002
  0.26798967914870253       0.10548384033224814     
  0.26908355186670235       0.13407171704205761     
  0.27018188952352734       0.16539654635129392     
  0.27128471034403900       0.19912773894562730     
  0.27239203262748851       0.23491734837153649     
  0.27350387474782023       0.27240394465960083     
  0.27462025515397709       0.31121649092196130     
  0.27574119237020622       0.35097818344565246     
  0.27686670499636645       0.39131021809709204     
  0.27799681170823720       0.43183544841591093     
  0.27913153125782791       0.47218190356407097     
  0.28027088247368953       0.51198613726463638     
  0.28141488426122702       0.55089638196966950     
  0.28256355560301261       0.58857548569720919     
  0.28371691555910122       0.62470361223299498     
  0.28487498326734656       0.65898068866488413     
  0.28603777794371876       0.69112858747249151     
  0.28720531888262307       0.72089303359703738     
  0.28837762545721990       0.74804523003797052     
  0.28955471711974690       0.77238319853551962     
  0.29073661340184104       0.79373283477824708     
  0.29192333391486291       0.81194868030055134     
  0.29311489835022253       0.82691441578921598     
  0.29431132647970543       0.83854308288500190     
  0.29551263815580109       0.84677704373338458     
  0.29671885331203263       0.85158768949836761     
  0.29792999196328690       0.85297491079855592     
  0.29914607420614708       0.85096634455161402     
  0.30036712021922612       0.84561641302039892     
  0.30159315026350136       0.83700517194260593     
  0.30282418468265071       0.82523698549866398     
  0.30406024390339059       0.81043904653492860     
  0.30530134843581452       0.79275976091777278     
  0.30654751887373349       0.77236701515715567     
  0.30779877589501764       0.74944634651530351     
  0.30905514026193970       0.72419903471819780     
  0.31031663282151906       0.69684013412614831     
  0.31158327450586787       0.66759646480734491     
  0.31285508633253861       0.63670458040817846     
  0.31413208940487242       0.60440873003969076     
  0.31541430491234945       0.57095883061402142     
  0.31670175413094059       0.53660846518315308     
  0.31799445842346041       0.50161292186680140     
  0.31929243923992134       0.46622728692201543     
  0.32059571811789023       0.43070460441630026     
  0.32190431668284508       0.39529411383218666     
  0.32321825664853443       0.36023957576656290     
  0.32453755981733712       0.32577769470430912     
  0.32586224808062436       0.29213664665454131     
  0.32719234341912323       0.25953471824922708     
  0.32852786790328065       0.22817906272800470     
  0.32986884369363056       0.19826457707868517     
  0.33121529304116082       0.16997290347860874     
  0.33256723828768275       0.14347155709472134     
  0.33392470186620210       0.11891318125692056     
  0.33528770630129073        9.6434930025635412E-002
  0.33665627420946076        7.6157977235206065E-002
  0.33803042829953994        5.8187150214438738E-002
  0.33941019137304806        4.2610685567389381E-002
  0.34079558632457546        2.9500103643825930E-002
  0.34218663614216327        1.8910197642230064E-002
  0.34358336390768413        1.0879132669308886E-002
  0.34498579279722608        5.4286495298386380E-003
  0.34639394608147639        2.5643675391728241E-003
  0.34780784712610791        2.2761802372625968E-003
  0.34922751939216706        4.5387375367262027E-003
  0.35065298643646264        9.3120075567213918E-003
  0.35208427191195729        1.6541911177259609E-002
  0.35352139956815942        2.6161022192872106E-002
  0.35496439325151735        3.8089325847608227E-002
  0.35641327690581565        5.2235028492272823E-002
  0.35786807457257153        6.8495411116498400E-002
  0.35932881039143427        8.6757719569475603E-002
  0.36079550860058590       0.10690008439023919     
  0.36226819353714296       0.12879246331803940     
  0.36374688963756052       0.15229759974159626     
  0.36523162143803800       0.17727199056940041     
  0.36672241357492547       0.20356685725790691     
  0.36821929078513355       0.23102911401685575     
  0.36972227790654283       0.25950232751719243     
  0.37123139987841652       0.28882766275383809     
  0.37274668174181458       0.31884481005929988     
  0.37426814864000829       0.34939288862108903     
  0.37579582581889864       0.38031132222386926     
  0.37732973862743413       0.41144068331141948     
  0.37886991251803198       0.44262350184302962     
  0.38041637304700071       0.47370503579909629     
  0.38196914587496344       0.50453400057007991     
  0.38352825676728425       0.53496325483898466     
  0.38509373159449567       0.56485044093733361     
  0.38666559633272773       0.59405857801699580     
  0.38824387706413899       0.62245660673270531     
  0.38982859997734975       0.64991988447137106     
  0.39141979136787586       0.67633063049256958     
  0.39301747763856587       0.70157832065898662     
  0.39462168530003849       0.72556003173450323     
  0.39623244097112265       0.74818073551056763     
  0.39784977137929967       0.76935354328730643     
  0.39947370336114574       0.78899990148424104     
  0.40110426386277853       0.80704973938578917     
  0.40274147994030307       0.82344157023867770     
  0.40438537876026137       0.83812254711201994     
  0.40603598760008325       0.85104847510561510     
  0.40769333384853856       0.86218378164866749     
  0.40935744500619187       0.87150144676924413     
  0.41102834868585908       0.87898289533509322     
  0.41270607261306486       0.88461785336901533     
  0.41439064462650332       0.88840417062752208     
  0.41608209267850005       0.89034761170035426     
  0.41778044483547516       0.89046161794137779     
  0.41948572927840988       0.88876704257889882     
  0.42119797430331363       0.88529186137640137     
  0.42291720832169355       0.88007086122377909     
  0.42464345986102636       0.87314530903512522     
  0.42637675756523108       0.86456260331285306     
  0.42811713019514508       0.85437591071018348     
  0.42986460662900056       0.84264378988574462     
  0.43161921586290408       0.82942980489586327     
  0.43338098701131811       0.81480213031321747     
  0.43514994930754325       0.79883315019539591     
  0.43692613210420378       0.78159905295466137     
  0.43870956487373508       0.76317942410152084     
  0.44050027720887197       0.74365683875036748     
  0.44229829882313998       0.72311645568638938     
  0.44410365955134889       0.70164561469971387     
  0.44591638935008682       0.67933343879626662     
  0.44773651829821842       0.65627044279561553     
  0.44956407659738296       0.63254814972501694     
  0.45139909457249600       0.60825871631635797     
  0.45324160267225266       0.58349456880955397     
  0.45509163146963244       0.55834805016263034     
  0.45694921166240710       0.53291107966566320     
  0.45881437407364939       0.50727482585377492     
  0.46068714965224478       0.48152939351347523     
  0.46256756947340538       0.45576352547763127     
  0.46445566473918498       0.43006431980745730     
  0.46635146677899686       0.40451696286539990     
  0.46825500705013429       0.37920447869111229     
  0.47016631713829160       0.35420749500422877     
  0.47208542875808879       0.32960402607208322     
  0.47401237375359806       0.30546927259901802     
  0.47594718409887132       0.28187543871555559     
  0.47788989189847175       0.25889156607162761     
  0.47984052938800570       0.23658338496764433     
  0.48179912893465782       0.21501318239100631     
  0.48376572303772875       0.19423968676347658     
  0.48574034432917323       0.17431796914694009     
  0.48772302557414277       0.15529936060121369     
  0.48971379967152823       0.13723138533802673     
  0.49171269965450648       0.12015770926987200     
  0.49371975869108847       0.10411810351097153     
  0.49573501008466908        8.9148422350519035E-002
  0.49775848727458005        7.5280595184888555E-002
  0.49979022383664523        6.2542631866217571E-002
  0.50183025348373689        5.0958640899149837E-002
  0.50387861006633561        4.0548859895558537E-002
  0.50593532757309234        3.1329697678788918E-002
  0.50800044013139123        2.3313787413946175E-002
  0.51007398200791731        1.6510050129203022E-002
  0.51215598760922409        1.0923767984523276E-002
  0.51424649148230461        6.5566666388027868E-003
  0.51634552831516523        3.4070060636807917E-003
  0.51845313293740036        1.4696791524124837E-003
  0.52056934032077162        7.3631747470034880E-004
  0.52269418557978653        1.1954035333606090E-003
  0.52482770397228251        2.8323888858456684E-003
  0.52696993090001132        5.6298175028598532E-003
  0.52912090190922667        9.5674537474063938E-003
  0.53128065269127367        1.4622414370443124E-002
  0.53344921908318188        2.0769303933765151E-002
  0.53562663706825886        2.7980353086578643E-002
  0.53781294277668812        3.6225559139386208E-002
  0.54000817248612853        4.5472828397113751E-002
  0.54221236262231554        5.5688119732654126E-002
  0.54442554975966673        6.6835588902260101E-002
  0.54664777062188774        7.8877733125016031E-002
  0.54887906208258186        9.1775535470242517E-002
  0.55111946116586275       0.10548860861865510     
  0.55336900504696696       0.11997533758550404     
  0.55562773105287300       0.13519302101665306     
  0.55789567666291884       0.15109801069132234     
  0.56017287950942463       0.16764584888825687     
  0.56245937737831742       0.18479140329494340     
  0.56475520820975744       0.20248899916229562     
  0.56706041009876806       0.22069254842995106     
  0.56937502129586803       0.23935567556966522     
  0.57169908020770599       0.25843183991635910     
  0.57403262539769728       0.27787445427810381     
  0.57637569558666502       0.29763699963759405     
  0.57872832965348131       0.31767313577837486     
  0.58109056663571335       0.33793680768942080     
  0.58346244573027040       0.35838234762118915     
  0.58584400629405475       0.37896457268551459     
  0.58823528784461476       0.39963887790989366     
  0.59063633006079996       0.42036132467462906     
  0.59304717278342045       0.44108872447822356     
  0.59546785601590702       0.46177871799280790     
  0.59789841992497528       0.48238984938690505     
  0.60033890484129260       0.50288163590780277     
  0.60278935126014666       0.52321463272974300     
  0.60524979984211758       0.54335049308770444     
  0.60772029141375294       0.56325202372888983     
  0.61020086696824494       0.58288323572611456     
  0.61269156766611022       0.60220939070822443     
  0.61519243483587394       0.62119704257302910     
  0.61770350997475421       0.63981407475794139     
  0.62022483474935197       0.65802973315225854     
  0.62275645099634114       0.67581465474327007     
  0.62529840072316345       0.69314089209585761     
  0.62785072610872605       0.70998193377192276     
  0.63041346950409982       0.72631272080227871     
  0.63298667343322390       0.74210965932889061     
  0.63557038059361004       0.75735062954040311     
  0.63816463385705124       0.77201499102794702     
  0.64076947627033398       0.78608358469199424     
  0.64338495105595150       0.79953873133401920     
  0.64601110161282127       0.81236422706931821     
  0.64864797151700582       0.82454533569933164     
  0.65129560452243462       0.83606877818333347     
  0.65395404456163087       0.84692271935043129     
  0.65662333574644061       0.85709675199337243     
  0.65930352236876377       0.86658187848586909     
  0.66199464890129045       0.87537049006491985     
  0.66469675999823752       0.88345634391897465     
  0.66740990049609028       0.89083453822185998     
  0.67013411541434675       0.89750148525108053     
  0.67286944995626363       0.90345488272748997     
  0.67561594950960757       0.90869368351147528     
  0.67837365964740748       0.91321806378858705     
  0.68114262612871068       0.91702938987522020     
  0.68392289489934310       0.92013018377223454     
  0.68671451209267076       0.92252408759167870     
  0.68951752403036504       0.92421582697867033     
  0.69233197722317286       0.92521117364739358     
  0.69515791837168661       0.92551690714678281     
  0.69799539436711988       0.92514077596805899     
  0.70084445229208592       0.92409145810267923     
  0.70370513942137802       0.92237852115565233     
  0.70657750322275481       0.92001238211534231     
  0.70946159135772713       0.91700426687719028     
  0.71235745168234910       0.91336616961481665     
  0.71526513224801314       0.90911081208814504     
  0.71818468130224533       0.90425160297422547     
  0.72111614728950835       0.89880259730252143     
  0.72405957885200312       0.89277845607246531     
  0.72701502483047720       0.88619440612719036     
  0.72998253426503557       0.87906620035339578     
  0.73296215639595286       0.87141007827346839     
  0.73595394066449149       0.86324272709208905     
  0.73895793671372234       0.85458124325579288     
  0.74197419438934753       0.84544309458017564     
  0.74500276374052765       0.83584608299578855     
  0.74804369502071344       0.82580830796006466     
  0.75109703868847777       0.81534813057917765     
  0.75416284540835488       0.80448413848015032     
  0.75724116605167924       0.79323511147021730     
  0.76033205169743068       0.78161998801707822     
  0.76343555363308235       0.76965783258049936     
  0.76655172335545019       0.75736780382256530     
  0.76968061257154952       0.74476912372086235     
  0.77282227319945096       0.73188104760594375     
  0.77597675736914307       0.71872283514155855     
  0.77914411742339751       0.70531372226342604     
  0.78232440591863694       0.69167289408968280     
  0.78551767562580699       0.67781945881360262     
  0.78872397953125306       0.66377242258673108     
  0.79194337083759792       0.64955066539832484     
  0.79517590296462559       0.63517291795465791     
  0.79842162955016782       0.62065773955972203     
  0.80168060445099321       0.60602349699678792     
  0.80495288174370172       0.59128834440841149     
  0.80823851572562166       0.57647020417058126     
  0.81153756091571005       0.56158674875508363     
  0.81485007205545901       0.54665538357246035     
  0.81817610410980179       0.53169323078648012     
  0.82151571226802678       0.51671711408953325     
  0.82486895194469190       0.50174354442712132     
  0.82823587878054472       0.48678870665827317     
  0.83161654864344625       0.47186844713765530     
  0.83501101762929653       0.45699826220397610     
  0.83841934206296653       0.44219328755840642     
  0.84184157849923302       0.42746828851571211     
  0.84527778372371576       0.41283765111010740     
  0.84872801475382054       0.39831537403696626     
  0.85219232883968588       0.38391506141091730     
  0.85567078346513115       0.36964991632026661     
  0.85916343634861292       0.35553273515709766     
  0.86267034544418009       0.34157590270200550     
  0.86619156894243732       0.32779138794192197     
  0.86972716527151039       0.31419074059929059     
  0.87327719309801433       0.30078508835044138     
  0.87684171132802924       0.28758513471081909     
  0.88042077910807537       0.27460115756465897     
  0.88401445582609561       0.26184300831638790     
  0.88762280111244185       0.24932011164114909     
  0.89124587484086226       0.23704146581170951     
  0.89488373712949654       0.22501564357907383     
  0.89853644834187318       0.21325079358417548     
  0.90220406908791040       0.20175464227813530     
  0.90588666022492215       0.19053449632869648     
  0.90958428285862880       0.17959724549061895     
  0.91329699834416944       0.16894936591805479     
  0.91702486828712149       0.15859692389709679     
  0.92076795454452198       0.14854557997704002     
  0.92452631922589401       0.13880059347910009     
  0.92830002469427830       0.12936682736171348     
  0.93208913356726641       0.12024875342185967     
  0.93589370871804145       0.11145045781216738     
  0.93971381327641990       0.10297564685402442     
  0.94354951062989978        9.4827653127196626E-002
  0.94740086442471305        8.7009441816973440E-002
  0.95126793856688030        7.9523617300215177E-002
  0.95515079722327212        7.2372429952106423E-002
  0.95904950482267404        6.5557783155930430E-002
  0.96296412605685466        5.9081240498547891E-002
  0.96689472588163972        5.2944033134788314E-002
  0.97084136951799027        4.7147067304400672E-002
  0.97480412245308368        4.1690931985695200E-002
  0.97878305044140190        3.6575906670471524E-002
  0.98277821950582100        3.1801969245335633E-002
  0.98678969593870736        2.7368803964961885E-002
  0.99081754630301844        2.3275809503354516E-002
  0.99486183743340539        1.9522107069654793E-002
  0.99892263643732426        1.6106548575502456E-002
   1.0030000106961476        1.3027724841460905E-002
   1.0070940278662834        1.0283973830483045E-002
   1.0112047558802988        7.8733888968742973E-003
   1.0153322629480441        5.7938270396848297E-003
   1.0194766175577885        4.0429171499199003E-003
   1.0236378884773538        2.6180682414309433E-003
   1.0278161447552574        1.5164776558012512E-003
   1.0320114557218547        7.3513923198872044E-004
   1.0362238909904942        2.7085143193320341E-004
   1.0404535204586696        1.2022541377653971E-004
   1.0447004143091787        2.7969304476437690E-004
   1.0489646430112913        7.4551484632622619E-004
   1.0532462773219167        1.5137878642408336E-003
   1.0575453882867758        2.5804534571965735E-003
   1.0618620472415838        3.9413049974569847E-003
   1.0661963258132321        5.5919954777219703E-003
   1.0705482959209747        7.5280450186557268E-003
   1.0749180297776255        9.7448482719242075E-003
   1.0793055998907541        1.2237681713935350E-002
   1.0837110790638902        1.5001710825829849E-002
   1.0881345403977287        1.8031997155608898E-002
   1.0925760572913470        2.1323505258615805E-002
   1.0970357034434204        2.4871109512904020E-002
   1.1015135528534441        2.8669600806335176E-002
   1.1060096798229635        3.2713693092557831E-002
   1.1105241589568067        3.6998029813298978E-002
   1.1150570651643195        4.1517190184676624E-002
   1.1196084736606120        4.6265695345536692E-002
   1.1241784599678060        5.1238014366045671E-002
   1.1287670999162849        5.6428570115036804E-002
   1.1333744696459565        6.1831744984872858E-002
   1.1380006456075142        6.7441886472766208E-002
   1.1426457045637044        7.3253312617769489E-002
   1.1473097235906025        7.9260317292851240E-002
   1.1519927800788912        8.5457175351656769E-002
   1.1566949517351428        9.1838147629768219E-002
   1.1614163165831117        9.8397485800468559E-002
   1.1661569529650266       0.10512943708517433     
   1.1709169395428922       0.11202824881889019     
   1.1756963552997917       0.11908817287117993     
   1.1804952795412009       0.12630346992333513     
   1.1853137918963028       0.13366841360252193     
   1.1901519723193061       0.14117729447386085     
   1.1950099010907769       0.14882442389152850     
   1.1998876588189678       0.15660413771003817     
   1.2047853264411541       0.16451079985704531     
   1.2097029852249803       0.17253880576908862     
   1.2146407167698074       0.18068258569177645     
   1.2195986030080641       0.18893660784604277     
   1.2245767262066105       0.19729538146218253     
   1.2295751689681005       0.20575345968343922     
   1.2345940142323542       0.21430544234101670     
   1.2396333452777308       0.22294597860244472     
   1.2446932457225151       0.23166976949530149     
   1.2497737995263021       0.24047157030833066     
   1.2548750909913893       0.24934619287208368     
   1.2599972047641785       0.25828850772124268     
   1.2651402258365791       0.26729344614080136     
   1.2703042395474162       0.27635600209837768     
   1.2754893315838498       0.28547123406491615     
   1.2806955879827961       0.29463426672608034     
   1.2859230951323521       0.30384029258667244     
   1.2911719397732333       0.31308457347043700     
   1.2964422090002106       0.32236244191760138     
   1.3017339902635547       0.33166930248255300     
   1.3070473713704895       0.34100063293404215     
   1.3123824404866489       0.35035198536030804     
   1.3177392861375357       0.35971898718152123     
   1.3231179972099965       0.36909734207198402     
   1.3285186629536925       0.37848283079444861     
   1.3339413729825829       0.38787131194898561     
   1.3393862172764077       0.39725872263875744     
   1.3448532861821869       0.40664107905512009     
   1.3503426704157151       0.41601447698438948     
   1.3558544610630672       0.42537509223862696     
   1.3613887495821120       0.43471918101279983     
   1.3669456278040288       0.44404308017061705     
   1.3725251879348284       0.45334320746132828     
   1.3781275225568879       0.46261606166980546     
   1.3837527246304846       0.47185822270209071     
   1.3894008874953359       0.48106635160868783     
   1.3950721048721533       0.49023719054777615     
   1.4007664708641934       0.49936756269051025     
   1.4064840799588225       0.50845437207056254     
   1.4122250270290799       0.51749460337999142     
   1.4179894073352572       0.52648532171353990     
   1.4237773165264773       0.53542367226340160     
   1.4295888506422783       0.54430687996644966     
   1.4354241061142121       0.55313224910593040     
   1.4412831797674421       0.56189716286954894     
   1.4471661688223481       0.57059908286585159     
   1.4530731708961429       0.57923554860080395     
   1.4590042840044910       0.58780417691634823     
   1.4649596065631323       0.59630266139279686     
   1.4709392373895191       0.60472877171677419     
   1.4769432757044543       0.61308035301646790     
   1.4829718211337348       0.62135532516583758     
   1.4890249737098105       0.62955168205947498     
   1.4951028338734396       0.63766749085967578     
   1.5012055024753554       0.64570089121733754     
   1.5073330807779428       0.65365009446819666     
   1.5134856704569155       0.66151338280589378     
   1.5196633736030056       0.66928910843335887     
   1.5258662927236537       0.67697569269389091     
   1.5320945307447145       0.68457162518335990     
   1.5383481910121630       0.69207546284484722     
   1.5446273772938062       0.69948582904703982     
   1.5509321937810101       0.70680141264766827     
   1.5572627450904259       0.71402096704319395     
   1.5636191362657244       0.72114330920597070     
   1.5700014727793419       0.72816731871002660     
   1.5764098605342303       0.73509193674661266     
   1.5828444058656099       0.74191616513058423     
   1.5893052155427401       0.74863906529870783     
   1.5957923967706868       0.75525975730088390     
   1.6023060571921037       0.76177741878529892     
   1.6088463048890147       0.76819128397845093     
   1.6154132483846122       0.77450064266097851     
   1.6220069966450557       0.78070483914019317     
   1.6286276590812767       0.78680327122014393     
   1.6352753455508005       0.79279538917009029     
   1.6419501663595648       0.79868069469213965     
   1.6486522322637496       0.80445873988883343     
   1.6553816544716176       0.81012912623142874     
   1.6621385446453594       0.81569150352957231     
   1.6689230149029417       0.82114556890304524     
   1.6757351778199741       0.82649106575624265     
   1.6825751464315746       0.83172778275601000     
   1.6894430342342412       0.83685555281342128     
   1.6963389551877424       0.84187425207009448     
   1.7032630237170037       0.84678379888957167     
   1.7102153547140044       0.85158415285429034     
   1.7171960635396897       0.85627531376864929     
   1.7242052660258809       0.86085732066864085     
   1.7312430784771990       0.86533025083848070     
   1.7383096176729915       0.86969421883469178     
   1.7454050008692747       0.87394937551803220     
   1.7525293458006783       0.87809590709364005     
   1.7596827706823941       0.88213403415977654     
   1.7668653942121444       0.88606401076550190     
   1.7740773355721486       0.88988612347759288     
   1.7813187144310982       0.89360069045702906     
   1.7885896509461472       0.89720806054530977     
   1.7958902657649043       0.90070861236087485     
   1.8032206800274309       0.90410275340587964     
   1.8105810153682576       0.90739091918354509     
   1.8179713939183981       0.91057357232631009     
   1.8253919383073787       0.91365120173496917     
   1.8328427716652678       0.91662432172897734     
   1.8403240176247260       0.91949347120811331     
   1.8478358003230537       0.92225921282560575     
   1.8553782444042495       0.92492213217290853     
   1.8629514750210820       0.92748283697621547     
   1.8705556178371661       0.92994195630484155     
   1.8781907990290427       0.93230013979155035     
   1.8858571452882809       0.93455805686494253     
   1.8935547838235744       0.93671639599394263     
   1.9012838423628520       0.93877586394446977     
   1.9090444491554013       0.94073718504833859     
   1.9168367329739937       0.94260110048441581     
   1.9246608231170197       0.94436836757208464     
   1.9325168494106386       0.94603975907701499     
   1.9404049422109304       0.94761606252926522     
   1.9483252324060565       0.94909807955370074     
   1.9562778514184365       0.95048662521274185     
   1.9642629312069249       0.95178252736140245     
   1.9722806042690040       0.95298662601461148     
   1.9803310036429771       0.95409977272677515     
   1.9884142629101824       0.95512282998355136     
   1.9965305161972071       0.95605667060577781     
   2.0046798981781091       0.95690217716550230     
   2.0128625440766581       0.95766024141407524     
   2.0210785896685763       0.95833176372220563     
   2.0293281712837890       0.95891765253193872     
   2.0376114258086915       0.95941882382046506     
   2.0459284906884188       0.95983620057567731     
   2.0542795039291217       0.96017071228339912     
   2.0626646041002639       0.96042329442618146     
   2.0710839303369175       0.96059488799358372     
   2.0795376223420732       0.96068643900382245     
   2.0880258203889532       0.96069889803670772     
   2.0965486653233478       0.96063321977773819     
   2.1051062985659468       0.96049036257325227     
   2.1136988621146831       0.96027128799652850     
   2.1223264985470975       0.95997696042470182     
   2.1309893510226989       0.95960834662639227     
   2.1396875632853374       0.95916641535991576     
   2.1484212796655959       0.95865213698194973     
   2.1571906450831819       0.95806648306653441     
   2.1659958050493291       0.95741042603427773     
   2.1748369056692178       0.95668493879162120     
   2.1837140936443968       0.95589099438006631     
   2.1926275162752127       0.95502956563518393     
   2.2015773214632635       0.95410162485530825     
   2.2105636577138457       0.95310814347975770     
   2.2195866741384194       0.95205009177646505     
   2.2286465204570853       0.95092843853884013     
   2.2377433470010675       0.94974415079177965     
   2.2468773047152077       0.94849819350663978     
   2.2560485451604677       0.94719152932505302     
   2.2652572205164492       0.94582511829144011     
   2.2745034835839171       0.94439991759408370     
   2.2837874877873303       0.94291688131461726     
   2.2931093871773944       0.94137696018578509     
   2.3024693364336155       0.93978110135734239     
   2.3118674908668622       0.93813024816994373     
   2.3213040064219506       0.93642533993688826     
   2.3307790396802273       0.93466731173357442     
   2.3402927478621649       0.93285709419452689     
   2.3498452888299783       0.93099561331785596     
   2.3594368210902377       0.92908379027701504     
   2.3690675037965030       0.92712254123970461     
   2.3787374967519588       0.92511277719380569     
   2.3884469604120731       0.92305540378018414     
   2.3981960558872570       0.92095132113224754     
   2.4079849449455333       0.91880142372210993     
   2.4178137900152290       0.91660660021323026     
   2.4276827541876669       0.91436773331939880     
   2.4375920012198664       0.91208569966993069     
   2.4475416955372706       0.90976136968094312     
   2.4575320022364697       0.90739560743257908     
   2.4675630870879357       0.90498927055205769     
   2.4776351165387829       0.90254321010241478     
   2.4877482577155234       0.90005827047681497     
   2.4979026784268394       0.89753528929830928     
   2.5080985471663721       0.89497509732490654     
   2.5183360331155162       0.89237851835985027     
   2.5286153061462220       0.88974636916696936     
   2.5389365368238228       0.88707945939098698     
   2.5492998964098588       0.88437859148267550     
   2.5597055568649218       0.88164456062872476     
   2.5701536908515048       0.87887815468623354     
   2.5806444717368717       0.87608015412168416     
   2.5911780735959340       0.87325133195430849     
   2.6017546712141315       0.87039245370372631     
   2.6123744400903441       0.86750427734174673     
   2.6230375564397970       0.86458755324822945     
   2.6337441971969815       0.86164302417089500     
   2.6444945400185995       0.85867142518898254     
   2.6552887632865070       0.85567348368065599     
   2.6661270461106703       0.85264991929405176     
   2.6770095683321458       0.84960144392186721     
   2.6879365105260575       0.84652876167940028     
   2.6989080540045989       0.84343256888593676     
   2.7099243808200328       0.84031355404939523     
   2.7209856737677236       0.83717239785412612     
   2.7320921163891634       0.83400977315179003     
   2.7432438929750149       0.83082634495521068     
   2.7544411885681774       0.82762277043512444     
   2.7656841889668535       0.82439969891972131     
   2.7769730807276272       0.82115777189692252     
   2.7883080511685678       0.81789762301928448     
   2.7996892883723348       0.81461987811144454     
   2.8111169811892935       0.81132515518006498     
   2.8225913192406575       0.80801406442614232     
   2.8341124929216317       0.80468720825964390     
   2.8456806934045655       0.80134518131638599     
   2.8572961126421350       0.79798857047706417     
   2.8689589433705232       0.79461795488838294     
   2.8806693791126143       0.79123390598619903     
   2.8924276141812122       0.78783698752061304     
   2.9042338436822610       0.78442775558293432     
   2.9160882635180831       0.78100675863446756     
   2.9279910703906258       0.77757453753703321     
   2.9399424618047334       0.77413162558517001     
   2.9519426360714194       0.77067854853995421     
   2.9639917923111532       0.76721582466437555     
   2.9760901304571732       0.76374396476020046     
   2.9882378512587997       0.76026347220627077     
   3.0004351562847607       0.75677484299817976     
   3.0126822479265480       0.75327856578926100     
   3.0249793294017673       0.74977512193284768     
   3.0373266047575087       0.74626498552573572     
   3.0497242788737404       0.74274862345280013     
   3.0621725574667020       0.73922649543271857     
   3.0746716470923223       0.73569905406474889     
   3.0872217551496384       0.73216674487650413     
   3.0998230898842483       0.72863000637268949     
   3.1124758603917613       0.72508927008474111     
   3.1251802766212617       0.72154496062133122     
   3.1379365493788032       0.71799749571969151     
   3.1507448903309023       0.71444728629770116     
   3.1636055120080444       0.71089473650672119     
   3.1765186278082207       0.70734024378510296     
   3.1894844520004644       0.70378419891235333     
   3.2025031997284015       0.70022698606390921     
   3.2155750870138298       0.69666898286648227     
   3.2287003307602982       0.69311056045393327     
   3.2418791487567020       0.68955208352365449     
   3.2551117596809069       0.68599391039339741     
   3.2683983831033703       0.68243639305854675     
   3.2817392394907818       0.67887987724977350     
   3.2951345502097307       0.67532470249105503     
   3.3085845375303724       0.67177120215802599     
   3.3220894246301196       0.66821970353662608     
   3.3356494355973410       0.66467052788201675     
   3.3492647954350852       0.66112399047773618     
   3.3629357300648142       0.65758040069507173     
   3.3766624663301439       0.65404006205260945     
   3.3904452320006189       0.65050327227594429     
   3.4042842557754875       0.64697032335752336     
   3.4181797672874907       0.64344150161659386     
   3.4321319971066844       0.63991708775923750     
   3.4461411767442565       0.63639735693845423     
   3.4602075386563675       0.63288257881429866     
   3.4743313162480152       0.62937301761401443     
   3.4885127438769019       0.62586893219217143     
   3.5027520568573265       0.62237057609077184     
   3.5170494914640815       0.61887819759931195     
   3.5314052849363842       0.61539203981477197     
   3.5458196754818094       0.61191234070152467     
   3.5602929022802345       0.60843933315113941     
   3.5748252054878202       0.60497324504206396     
   3.5894168262409902       0.60151429929917077     
   3.6040680066604258       0.59806271395314936     
   3.6187789898550959       0.59461870219972712     
   3.6335500199262847       0.59118247245870836     
   3.6483813419716364       0.58775422843281289     
   3.6632732020892336       0.58433416916630088     
   3.6782258473816740       0.58092248910337496     
   3.6932395259601685       0.57751937814634291     
   3.7083144869486642       0.57412502171352076     
   3.7234509804879772       0.57073960079688446     
   3.7386492577399353       0.56736329201944136     
   3.7539095708915569       0.56399626769231126     
   3.7692321731592284       0.56063869587152160     
   3.7846173187929102       0.55729074041448556     
   3.8000652630803460       0.55395256103617552     
   3.8155762623513128       0.55062431336495932     
   3.8311505739818670       0.54730614899811292     
   3.8467884563986092       0.54399821555699091     
   3.8624901690829847       0.54070065674183410     
   3.8782559725755825       0.53741361238623764     
   3.8940861284804527       0.53413721851124474     
   3.9099808994694594       0.53087160737906458     
   3.9259405492866346       0.52761690754642276     
   3.9419653427525452       0.52437324391752249     
   3.9580555457687030       0.52114073779661374     
   3.9742114253219660       0.51791950694016986     
   3.9904332494889743       0.51470966560866493     
   4.0067212874405893       0.51151132461794391     
   4.0230758094463717       0.50832459139018071     
   4.0394970868790629       0.50514957000442795     
   4.0559853922190783       0.50198636124674345     
   4.0725409990590427       0.49883506265989919     
   4.0891641821083224       0.49569576859266162     
   4.1058552171975808       0.49256857024864781     
   4.1226143812833644       0.48945355573474553     
   4.1394419524526915       0.48635081010910419     
   4.1563382099276636       0.48326041542869042     
   4.1733034340701094       0.48018245079639738     
   4.1903379063862296       0.47711699240772470     
   4.2074419095312638       0.47406411359701156     
   4.2246157273141920       0.47102388488322200     
   4.2418596447024361       0.46799637401529609     
   4.2591739478265858       0.46498164601704534     
   4.2765589239851547       0.46197976323160650     
   4.2940148616493437       0.45899078536544863     
   4.3115420504678283       0.45601476953192760     
   4.3291407812715565       0.45305177029439925     
   4.3468113460785895       0.45010183970887746     
   4.3645540380989400       0.44716502736624758     
   4.3823691517394279       0.44424138043403216     
   4.4002569826085844       0.44133094369770337     
   4.4182178275215458       0.43843375960155562     
   4.4362519845049730       0.43554986828912456     
   4.4543597528020111       0.43267930764316137     
   4.4725414328772475       0.42982211332516446     
   4.4907973264216903       0.42697831881446419     
   4.5091277363577875       0.42414795544686257     
   4.5275329668444471       0.42133105245283431     
   4.5460133232820850       0.41852763699528361     
   4.5645691123176864       0.41573773420686544     
   4.5832006418499045       0.41296136722686222     
   4.6019082210341660       0.41019855723763282     
   4.6206921602877928       0.40744932350062057     
   4.6395527712951647       0.40471368339192954     
   4.6584903670128890       0.40199165243747115     
   4.6775052616749795       0.39928324434768342     
   4.6965977707980926       0.39658847105181899     
   4.7157682111867478       0.39390734273181427     
   4.7350169009385850       0.39123986785572923     
   4.7543441594496505       0.38858605321077372     
   4.7737503074196939       0.38594590393591377     
   4.7932356668574805       0.38331942355406040     
   4.8128005610861475       0.38070661400384997     
   4.8324453147485658       0.37810747567100828     
   4.8521702538127149       0.37552200741931591     
   4.8719757055771122       0.37295020662115935     
   4.8918619986762248       0.37039206918768569     
   4.9118294630859394       0.36784758959855779     
   4.9318784301290162       0.36531676093130994     
   4.9520092324806102       0.36279957489031339     
   4.9722222041737796       0.36029602183534604     
   4.9925176806050207       0.35780609080978132     
   5.0128959985398502       0.35532976956838597     
   5.0333574961183860       0.35286704460473833     
   5.0539025128609465       0.35041790117827010     
   5.0745313896737043       0.34798232334092755     
   5.0952444688543324       0.34556029396346255     
   5.1160420940976774       0.34315179476135671     
   5.1369246105014765       0.34075680632037525     
   5.1578923645720769       0.33837530812175659     
   5.1789457042301867       0.33600727856704754     
   5.2000849788166388       0.33365269500257783     
   5.2213105390982024       0.33131153374357963     
   5.2426227372734004       0.32898377009795898     
   5.2640219269783390       0.32666937838972299     
   5.2855084632925946       0.32436833198205400     
   5.3070827027450962       0.32208060330005506     
   5.3287450033200381       0.31980616385314609     
   5.3504957244628288       0.31754498425713623     
   5.3723352270860527       0.31529703425595806     
   5.3942638735754480       0.31306228274307984     
   5.4162820277959387       0.31084069778258583     
   5.4383900550976607       0.30863224662994709     
   5.4605883223220175       0.30643689575246313     
   5.4828771978077846       0.30425461084939603     
   5.5052570513972130       0.30208535687179189     
   5.5277282544421542       0.29992909804199247     
   5.5502911798102446       0.29778579787284765     
   5.5729462018910780       0.29565541918661808     
   5.5956936966024218       0.29353792413358870     
   5.6185340413964466       0.29143327421038195     
   5.6414676152660075       0.28934143027798104     
   5.6644947987509173       0.28726235257946553     
   5.6876159739442613       0.28519600075746082     
   5.7108315244987482       0.28314233387130705     
   5.7341418356330687       0.28110131041394798     
   5.7575472941382806       0.27907288832854676     
   5.7810482883842447       0.27705702502482626     
   5.8046452083260549       0.27505367739514269     
   5.8283384455105089       0.27306280183029347     
   5.8521283930826149       0.27108435423506039     
   5.8760154457921070       0.26911829004349519     
