  0.10000000000000001       0.14950998772352947     
  0.10040817718110437       0.15654414754877094     
  0.10081802044832047       0.16993559445364759     
  0.10122953660223166       0.18848738742594306     
  0.10164273247117964       0.21067416067836048     
  0.10205761491137796       0.23476020848767909     
  0.10247419080702558       0.25892711691257553     
  0.10289246707042120       0.28140160403696002     
  0.10331245064207799       0.30057475974177505     
  0.10373414849083867       0.31510498011517440     
  0.10415756761399117       0.32399845212870981     
  0.10458271503738485       0.32666292068408076     
  0.10500959781554686       0.32293251167619946     
  0.10543822303179938       0.31306344128243840     
  0.10586859779837712       0.29770237425798241     
  0.10630072925654524       0.27783088305958620     
  0.10673462457671801       0.25469081142091193     
  0.10717029095857759       0.22969629666666902     
  0.10760773563119364       0.20433872212927126     
  0.10804696585314330       0.18009095289926413     
  0.10848798891263144       0.15831688141738762     
  0.10893081212761184       0.14019162476802538     
  0.10937544284590843       0.12663674231747826     
  0.10982188844533726       0.11827366254635366     
  0.11027015633382903       0.11539720988639468     
  0.11072025394955184       0.11796979466247592     
  0.11117218876103470       0.12563555513657992     
  0.11162596826729153       0.13775259344490895     
  0.11208159999794542       0.15344048659757659     
  0.11253909151335369       0.17163952330811938     
  0.11299845040473337       0.19117764359060618     
  0.11345968429428700       0.21084084981008999     
  0.11392280083532935       0.22944290783670379     
  0.11438780771241415       0.24589044327710569     
  0.11485471264146174       0.25924002663671952     
  0.11532352336988719       0.26874448996745304     
  0.11579424767672861       0.27388647766260543     
  0.11626689337277650       0.27439805474848827     
  0.11674146830070313       0.27026602715875869     
  0.11721798033519278       0.26172342339206733     
  0.11769643738307244       0.24922830474809052     
  0.11817684738344295       0.23343167865279152     
  0.11865921830781066       0.21513676178139532     
  0.11914355816021997       0.19525216143061966     
  0.11962987497738581       0.17474170886478271     
  0.12011817682882717       0.15457368997435009     
  0.12060847181700105       0.13567208725440350     
  0.12110076807743671       0.11887219018645759     
  0.12159507377887094       0.10488257108453397     
  0.12209139712338332        9.4254986352398595E-002
  0.12258974634653247        8.7363276754185953E-002
  0.12309012971749274        8.4391832840561898E-002
  0.12359255553919130        8.5333690006723167E-002
  0.12409703214844603        8.9997846228922568E-002
  0.12460356791610375        9.8024975293832306E-002
  0.12511217124717913       0.10891035603568805     
  0.12562285058099434       0.12203256578114090     
  0.12613561439131882       0.13668630105635857     
  0.12665047118650996       0.15211759302907052     
  0.12716742950965446       0.16755967704904676     
  0.12768649793870987       0.18226784893125081     
  0.12820768508664696       0.19555178586593272     
  0.12873099960159279       0.20680401500043080     
  0.12925645016697404       0.21552346396924724     
  0.12978404550166117       0.22133331009910151     
  0.13031379436011306       0.22399264360423510     
  0.13084570553252231       0.22340176022309860     
  0.13137978784496107       0.21960118695159117     
  0.13191605015952751       0.21276480894774674     
  0.13245450137449291       0.20318769648291077     
  0.13299515042444918       0.19126942043922313     
  0.13353800628045717       0.17749378816147113     
  0.13408307795019572       0.16240602575049676     
  0.13463037447811083       0.14658847775606626     
  0.13517990494556581       0.13063589245521057     
  0.13573167847099218       0.11513131413305741     
  0.13628570421004074       0.10062351822135493     
  0.13684199135573349        8.7606807200193815E-002
  0.13740054913861643        7.6503842060910210E-002
  0.13796138682691236        6.7652023542937756E-002
  0.13852451372667493        6.1293767066418176E-002
  0.13908993918194296        5.7570842820892421E-002
  0.13965767257489561        5.6522784849503321E-002
  0.14022772332600780        5.8089216436530228E-002
  0.14080010089420669        6.2115798964825747E-002
  0.14137481477702879        6.8363391884113556E-002
  0.14195187451077720        7.6519915596963500E-002
  0.14253128967068007        8.6214338833424414E-002
  0.14311306987104958        9.7032168213364661E-002
  0.14369722476544117       0.10853179988296059     
  0.14428376404681392       0.12026110008966029     
  0.14487269744769149       0.13177361122838177     
  0.14546403474032335       0.14264382947299836     
  0.14605778573684705       0.15248106631025743     
  0.14665396028945119       0.16094148548161208     
  0.14725256829053859       0.16773799519677085     
  0.14785361967289068       0.17264776917215455     
  0.14845712440983222       0.17551726534944262     
  0.14906309251539690       0.17626470458962165     
  0.14967153404449324       0.17488006009057527     
  0.15028245909307170       0.17142268904530167     
  0.15089587779829214       0.16601680893497966     
  0.15151180033869191       0.15884508015120430     
  0.15213023693435482       0.15014060321532480     
  0.15275119784708088       0.14017767208953980     
  0.15337469338055626       0.12926164483744074     
  0.15400073388052446       0.11771829953750962     
  0.15462932973495802       0.10588303763914843     
  0.15526049137423079        9.4090279983291919E-002
  0.15589422927129087        8.2663373876167123E-002
  0.15653055394183482        7.1905294502639078E-002
  0.15716947594448166        6.2090382331485311E-002
  0.15781100588094832        5.3457311804390770E-002
  0.15845515439622559        4.6203437324046664E-002
  0.15910193217875471        4.0480612120166209E-002
  0.15975134996060453        3.6392525625142474E-002
  0.16040341851764989        3.3993557033618088E-002
  0.16105814866975027        3.3289098068742834E-002
  0.16171555128092935        3.4237257739421184E-002
  0.16237563725955523        3.6751826929399573E-002
  0.16303841755852153        4.0706351659637596E-002
  0.16370390317542910        4.5939141226802718E-002
  0.16437210515276834        5.2259021335137448E-002
  0.16504303457810285        5.9451632787783912E-002
  0.16571670258425286        6.7286073076938152E-002
  0.16639312034948034        7.5521680931267376E-002
  0.16707229909767446        8.3914772023111567E-002
  0.16775425009853762        9.2225146971610272E-002
  0.16843898466777257       0.10022220978002302     
  0.16912651416727026       0.10769055513754766     
  0.16981685000529834       0.11443490578986153     
  0.17051000363669019       0.12028430562616012     
  0.17120598656303537       0.12509549945109816     
  0.17190481033287031       0.12875545585515258     
  0.17260648654186983       0.13118301447211730     
  0.17331102683303970       0.13232966259489309     
  0.17401844289690985       0.13217946807091091     
  0.17472874647172817       0.13074821516738608     
  0.17544194934365545       0.12808180732958854     
  0.17615806334696094       0.12425401519435501     
  0.17687710036421864       0.11936365970237857     
  0.17759907232650440       0.11353132860319362     
  0.17832399121359424       0.10689573007794081     
  0.17905186905416270        9.9609789705163265E-002
  0.17978271792598266        9.1836596720228009E-002
  0.18051654995612570        8.3745302683529796E-002
  0.18125337732116351        7.5507070537434440E-002
  0.18199321224736950        6.7291164894469971E-002
  0.18273606701092207        5.9261265582664133E-002
  0.18348195393810826        5.1572076316338963E-002
  0.18423088540552804        4.4366289205769183E-002
  0.18498287384029991        3.7771954006767444E-002
  0.18573793172026712        3.1900288869665172E-002
  0.18649607157420448        2.6843957185730738E-002
  0.18725730598202642        2.2675823232420525E-002
  0.18802164757499584        1.9448187942335479E-002
  0.18878910903593346        1.7192495486683668E-002
  0.18955970309942835        1.5919491659186102E-002
  0.19033344255204943        1.5619806421071109E-002
  0.19111034023255730        1.6264925535087807E-002
  0.19189040903211749        1.7808510053082205E-002
  0.19267366189451438        2.0188017569259031E-002
  0.19346011181636599        2.3326575618620213E-002
  0.19424977184733941        2.7135055365637747E-002
  0.19504265509036750        3.1514292743595129E-002
  0.19583877470186650        3.6357404397827392E-002
  0.19663814389195391        4.1552147064422340E-002
  0.19744077592466802        4.6983271271450591E-002
  0.19824668411818794        5.2534823361995470E-002
  0.19905588184505443        5.8092353678044897E-002
  0.19986838253239200        6.3544993177576600E-002
  0.20068419966213161        6.8787365648152465E-002
  0.20150334677123438        7.3721307894639487E-002
  0.20232583745191612        7.8257375686210301E-002
  0.20315168535187320        8.2316118724877180E-002
  0.20398090417450848        8.5829113329436046E-002
  0.20481350767915915        8.8739746810297698E-002
  0.20564950968132489        9.1003752548836164E-002
  0.20648892405289709        9.2589499509159484E-002
  0.20733176472238896        9.3478044232691723E-002
  0.20817804567516671        9.3662957242491005E-002
  0.20902778095368180        9.3149939173475998E-002
  0.20988098465770355        9.1956244818548805E-002
  0.21073767094455342        9.0109935622993784E-002
  0.21159785402933992        8.7648982966152325E-002
  0.21246154818519422        8.4620245846505210E-002
  0.21332876774350720        8.1078347349827495E-002
  0.21419952709416737        7.7084474554277263E-002
  0.21507384068579924        7.2705126342775761E-002
  0.21595172302600341        6.8010832989308739E-002
  0.21683318868159726        6.3074870404124211E-002
  0.21771825227885655        5.7971990609174684E-002
  0.21860692850375804        5.2777188417525524E-002
  0.21949923210222347        4.7564522458567897E-002
  0.22039517788036408        4.2406006674125224E-002
  0.22129478070472614        3.7370586258138355E-002
  0.22219805550253774        3.2523209771763553E-002
  0.22310501726195672        2.7924006881732438E-002
  0.22401568103231900        2.3627578884796718E-002
  0.22493006192438844        1.9682406933915264E-002
  0.22584817511060773        1.6130380707571002E-002
  0.22677003582534988        1.3006448193080639E-002
  0.22769565936517111        1.0338385314745249E-002
  0.22862506108906488        8.1466823503170555E-003
  0.22955825641871638        6.4445424625369369E-003
  0.23049526083875860        5.2379862399037080E-003
  0.23143608989702943        4.5260549018370511E-003
  0.23238075920482931        4.3011037833602522E-003
  0.23332928443718048        4.5491768751542566E-003
  0.23428168133308711        5.2504525545532671E-003
  0.23523796569579644        6.3797501969881376E-003
  0.23619815339306083        7.9070870980335883E-003
  0.23716226035740115        9.7982750535967195E-003
  0.23813030258637141        1.2015546028018784E-002
  0.23910229614282377        1.4518196573350323E-002
  0.24007825715517533        1.7263241032942661E-002
  0.24105820181767584        2.0206064053034101E-002
  0.24204214639067612        2.3301063520769549E-002
  0.24303010720089804        2.6502275729464619E-002
  0.24402210064170560        2.9763975325261698E-002
  0.24501814317337661        3.3041243397172834E-002
  0.24601825132337590        3.6290497919096887E-002
  0.24702244168662996        3.9469981622456476E-002
  0.24803073092580163        4.2540203257342951E-002
  0.24904313577156709        4.5464329075252496E-002
  0.25005967302289334        4.8208522225421449E-002
  0.25108035954731700        5.0742228588522523E-002
  0.25210521228122396        5.3038408366429826E-002
  0.25313424823013059        5.5073713496526580E-002
  0.25416748446896609        5.6828611656592566E-002
  0.25520493814235545        5.8287458265992298E-002
  0.25624662646490398        5.9438518466208540E-002
  0.25729256672148348        6.0273941575598365E-002
  0.25834277626751834        6.0789690957482496E-002
  0.25939727252927380        6.0985432616494598E-002
  0.26045607300414547        6.0864386145526569E-002
  0.26151919526094891        6.0433141885701744E-002
  0.26258665694021183        5.9701448336415969E-002
  0.26365847575446660        5.8681973964226197E-002
  0.26473466948854396        5.7390047611485501E-002
  0.26581525599986822        5.5843381701864932E-002
  0.26690025321875377        5.4061782384527718E-002
  0.26798967914870253        5.2066850656240227E-002
  0.26908355186670235        4.9881678355948089E-002
  0.27018188952352734        4.7530542744306188E-002
  0.27128471034403900        4.5038603166334949E-002
  0.27239203262748851        4.2431603053903366E-002
  0.27350387474782023        3.9735580261063524E-002
  0.27462025515397709        3.6976588444323277E-002
  0.27574119237020622        3.4180431906403408E-002
  0.27686670499636645        3.1372416020395533E-002
  0.27799681170823720        2.8577115045771720E-002
  0.27913153125782791        2.5818158842276853E-002
  0.28027088247368953        2.3118039686046317E-002
  0.28141488426122702        2.0497940097561854E-002
  0.28256355560301261        1.7977582306284906E-002
  0.28371691555910122        1.5575099704491183E-002
  0.28487498326734656        1.3306930385286977E-002
  0.28603777794371876        1.1187732618796312E-002
  0.28720531888262307        9.2303218976677731E-003
  0.28837762545721990        7.4456289794743585E-003
  0.28955471711974690        5.8426781701895053E-003
  0.29073661340184104        4.4285849302626162E-003
  0.29192333391486291        3.2085717430933719E-003
  0.29311489835022253        2.1860010650834039E-003
  0.29431132647970543        1.3624240764874285E-003
  0.29551263815580109        7.3764387272386156E-004
  0.29671885331203263        3.0979167588762735E-004
  0.29792999196328690        7.5414605158669046E-005
  0.29914607420614708        2.9573521637515920E-005
  0.30036712021922612        1.6594945682564533E-004
  0.30159315026350136        4.7695714323936489E-004
  0.30282418468265071        9.5386418935346218E-004
  0.30406024390339059        1.5869144777565375E-003
  0.30530134843581452        2.3654544138902167E-003
  0.30654751887373349        3.2780607114536453E-003
  0.30779877589501764        4.3126684683329891E-003
  0.30905514026193970        5.4566983622071630E-003
  0.31031663282151906        6.6971818765890201E-003
  0.31158327450586787        8.0208835546469320E-003
  0.31285508633253861        9.4144193684453717E-003
  0.31413208940487242        1.0864370384113864E-002
  0.31541430491234945        1.2357390997778363E-002
  0.31670175413094059        1.3880311111783131E-002
  0.31799445842346041        1.5420231714908007E-002
  0.31929243923992134        1.6964613422992277E-002
  0.32059571811789023        1.8501357626884735E-002
  0.32190431668284508        2.0018879982184636E-002
  0.32321825664853443        2.1506176059234321E-002
  0.32453755981733712        2.2952879051729817E-002
  0.32586224808062436        2.4349309517649242E-002
  0.32719234341912323        2.5686517196624709E-002
  0.32852786790328065        2.6956315013075716E-002
  0.32986884369363056        2.8151305434180471E-002
  0.33121529304116082        2.9264899405917102E-002
  0.33256723828768275        3.0291328138889094E-002
  0.33392470186620210        3.1225648058427362E-002
  0.33528770630129073        3.2063739270566174E-002
  0.33665627420946076        3.2802297927009345E-002
  0.33803042829953994        3.3438822898259363E-002
  0.33941019137304806        3.3971597184851862E-002
  0.34079558632457546        3.4399664512331500E-002
  0.34218663614216327        3.4722801566436326E-002
  0.34358336390768413        3.4941486331213800E-002
  0.34498579279722608        3.5056862994758783E-002
  0.34639394608147639        3.5070703885198590E-002
  0.34780784712610791        3.4985368893839484E-002
  0.34922751939216706        3.4803762833270732E-002
  0.35065298643646264        3.4529291166096113E-002
  0.35208427191195729        3.4165814525107481E-002
  0.35352139956815942        3.3717602428473437E-002
  0.35496439325151735        3.3189286574215895E-002
  0.35641327690581565        3.2585814077186588E-002
  0.35786807457257153        3.1912400989253950E-002
  0.35932881039143427        3.1174486419750156E-002
  0.36079550860058590        3.0377687548685774E-002
  0.36226819353714296        2.9527755800111764E-002
  0.36374688963756052        2.8630534417478620E-002
  0.36523162143803800        2.7691917657235048E-002
  0.36672241357492547        2.6717811791347031E-002
  0.36821929078513355        2.5714098084167150E-002
  0.36972227790654283        2.4686597884302310E-002
  0.37123139987841652        2.3641039947952310E-002
  0.37274668174181458        2.2583030086818619E-002
  0.37426814864000829        2.1518023211196294E-002
  0.37579582581889864        2.0451297817375584E-002
  0.37732973862743413        1.9387932948122473E-002
  0.37886991251803198        1.8332787635797806E-002
  0.38041637304700071        1.7290482819735838E-002
  0.38196914587496344        1.6265385712822426E-002
  0.38352825676728425        1.5261596576875251E-002
  0.38509373159449567        1.4282937852415613E-002
  0.38666559633272773        1.3332945575750994E-002
  0.38824387706413899        1.2414863004983574E-002
  0.38982859997734975        1.1531636366547041E-002
  0.39141979136787586        1.0685912625206233E-002
  0.39301747763856587        9.8800391730257120E-003
  0.39462168530003849        9.1160653266518094E-003
  0.39623244097112265        8.3957455172574413E-003
  0.39784977137929967        7.7205440536532582E-003
  0.39947370336114574        7.0916413363157141E-003
  0.40110426386277853        6.5099413983371809E-003
  0.40274147994030307        5.9760806485448723E-003
  0.40438537876026137        5.4904376921426357E-003
  0.40603598760008325        5.0531441052157483E-003
  0.40769333384853856        4.6640960411407500E-003
  0.40935744500619187        4.3229665493786928E-003
  0.41102834868585908        4.0292184901807998E-003
  0.41270607261306486        3.7821179323545839E-003
  0.41439064462650332        3.5807479253489732E-003
  0.41608209267850005        3.4240225414680497E-003
  0.41778044483547516        3.3107010889492847E-003
  0.41948572927840988        3.2394024018548989E-003
  0.42119797430331363        3.2086191182346471E-003
  0.42291720832169355        3.2167318636724604E-003
  0.42464345986102636        3.2620232631778226E-003
  0.42637675756523108        3.3426917102946860E-003
  0.42811713019514508        3.4568648282800110E-003
  0.42986460662900056        3.6026125641794998E-003
  0.43161921586290408        3.7779598625836130E-003
  0.43338098701131811        3.9808988717214208E-003
  0.43514994930754325        4.2094006403247466E-003
  0.43692613210420378        4.4614262693503659E-003
  0.43870956487373508        4.7349374881190259E-003
  0.44050027720887197        5.0279066297461844E-003
  0.44229829882313998        5.3383259858299364E-003
  0.44410365955134889        5.6642165252467971E-003
  0.44591638935008682        6.0036359665415623E-003
  0.44773651829821842        6.3546861977978111E-003
  0.44956407659738296        6.7155200420044650E-003
  0.45139909457249600        7.0843473698101803E-003
  0.45324160267225266        7.4594405651539700E-003
  0.45509163146963244        7.8391393525855529E-003
  0.45694921166240710        8.2218549981451852E-003
  0.45881437407364939        8.6060738984463092E-003
  0.46068714965224478        8.9903605751162213E-003
  0.46256756947340538        9.3733600939894246E-003
  0.46445566473918498        9.7537999304272566E-003
  0.46635146677899686        1.0130491303862968E-002
  0.46825500705013429        1.0502330006150938E-002
  0.47016631713829160        1.0868296749535808E-002
  0.47208542875808879        1.1227457061068463E-002
  0.47401237375359806        1.1578960751094495E-002
  0.47594718409887132        1.1922040984013393E-002
  0.47788989189847175        1.2256012979909577E-002
  0.47984052938800570        1.2580272375845560E-002
  0.48179912893465782        1.2894293275650115E-002
  0.48376572303772875        1.3197626016894025E-002
  0.48574034432917323        1.3489894683468829E-002
  0.48772302557414277        1.3770794391773412E-002
  0.48971379967152823        1.4040088377954910E-002
  0.49171269965450648        1.4297604913016172E-002
  0.49371975869108847        1.4543234071823185E-002
  0.49573501008466908        1.4776924381215653E-002
  0.49775848727458005        1.4998679371484237E-002
  0.49979022383664523        1.5208554054490966E-002
  0.50183025348373689        1.5406651350645888E-002
  0.50387861006633561        1.5593118485860724E-002
  0.50593532757309234        1.5768143378446120E-002
  0.50800044013139123        1.5931951034754518E-002
  0.51007398200791731        1.6084799971173687E-002
  0.51215598760922409        1.6226978678865280E-002
  0.51424649148230461        1.6358802146427407E-002
  0.51634552831516523        1.6480608454450027E-002
  0.51845313293740036        1.6592755454716668E-002
  0.52056934032077162        1.6695617545613949E-002
  0.52269418557978653        1.6789582554135363E-002
  0.52482770397228251        1.6875048733703411E-002
  0.52696993090001132        1.6952421885918327E-002
  0.52912090190922667        1.7022112613233047E-002
  0.53128065269127367        1.7084533708506731E-002
  0.53344921908318188        1.7140097686354060E-002
  0.53562663706825886        1.7189214460234640E-002
  0.53781294277668812        1.7232289168283038E-002
  0.54000817248612853        1.7269720149984256E-002
  0.54221236262231554        1.7301897074959660E-002
  0.54442554975966673        1.7329199224312319E-002
  0.54664777062188774        1.7351993924245340E-002
  0.54887906208258186        1.7370635130947776E-002
  0.55111946116586275        1.7385462165097555E-002
  0.55336900504696696        1.7396798593719728E-002
  0.55562773105287300        1.7404951256579877E-002
  0.55789567666291884        1.7410209433787068E-002
  0.56017287950942463        1.7412844150812696E-002
  0.56245937737831742        1.7413107616718659E-002
  0.56475520820975744        1.7411232791018093E-002
  0.56706041009876806        1.7407433074262447E-002
  0.56937502129586803        1.7401902117163762E-002
  0.57169908020770599        1.7394813742824946E-002
  0.57403262539769728        1.7386321976436667E-002
  0.57637569558666502        1.7376561176647105E-002
  0.57872832965348131        1.7365646262668118E-002
  0.58109056663571335        1.7353673031099592E-002
  0.58346244573027040        1.7340718556383233E-002
  0.58584400629405475        1.7326841668771090E-002
  0.58823528784461476        1.7312083503688507E-002
  0.59063633006079996        1.7296468116401450E-002
  0.59304717278342045        1.7280003155942893E-002
  0.59546785601590702        1.7262680592330965E-002
  0.59789841992497528        1.7244477491204890E-002
  0.60033890484129260        1.7225356830122256E-002
  0.60278935126014666        1.7205268350889535E-002
  0.60524979984211758        1.7184149442453861E-002
  0.60772029141375294        1.7161926049041317E-002
  0.61020086696824494        1.7138513598407679E-002
  0.61269156766611022        1.7113817945255384E-002
  0.61519243483587394        1.7087736325066237E-002
  0.61770350997475421        1.7060158313806917E-002
  0.62022483474935197        1.7030966789178356E-002
  0.62275645099634114        1.7000038889295736E-002
  0.62529840072316345        1.6967246964911011E-002
  0.62785072610872605        1.6932459521515481E-002
  0.63041346950409982        1.6895542147886938E-002
  0.63298667343322390        1.6856358427875202E-002
  0.63557038059361004        1.6814770832447666E-002
  0.63816463385705124        1.6770641589244538E-002
  0.64076947627033398        1.6723833527120514E-002
  0.64338495105595150        1.6674210893369172E-002
  0.64601110161282127        1.6621640141547003E-002
  0.64864797151700582        1.6565990688031600E-002
  0.65129560452243462        1.6507135635654958E-002
  0.65395404456163087        1.6444952462961022E-002
  0.65662333574644061        1.6379323677834338E-002
  0.65930352236876377        1.6310137434440625E-002
  0.66199464890129045        1.6237288112605788E-002
  0.66469675999823752        1.6160676858940376E-002
  0.66740990049609028        1.6080212089187924E-002
  0.67013411541434675        1.5995809951442272E-002
  0.67286944995626363        1.5907394750032854E-002
  0.67561594950960757        1.5814899330030600E-002
  0.67837365964740748        1.5718265422466383E-002
  0.68114262612871068        1.5617443950487309E-002
  0.68392289489934310        1.5512395296803969E-002
  0.68671451209267076        1.5403089532897526E-002
  0.68951752403036504        1.5289506610566224E-002
  0.69233197722317286        1.5171636516494481E-002
  0.69515791837168661        1.5049479390618743E-002
  0.69799539436711988        1.4923045609153619E-002
  0.70084445229208592        1.4792355833218980E-002
  0.70370513942137802        1.4657441024085290E-002
  0.70657750322275481        1.4518342426108950E-002
  0.70946159135772713        1.4375111518499330E-002
  0.71235745168234910        1.4227809937099468E-002
  0.71526513224801314        1.4076509367414856E-002
  0.71818468130224533        1.3921291410154725E-002
  0.72111614728950835        1.3762247420588965E-002
  0.72405957885200312        1.3599478323046511E-002
  0.72701502483047720        1.3433094401897987E-002
  0.72998253426503557        1.3263215070389814E-002
  0.73296215639595286        1.3089968618693021E-002
  0.73595394066449149        1.2913491942548948E-002
  0.73895793671372234        1.2733930253883904E-002
  0.74197419438934753        1.2551436774765647E-002
  0.74500276374052765        1.2366172416065597E-002
  0.74804369502071344        1.2178305442177163E-002
  0.75109703868847777        1.1988011123128590E-002
  0.75416284540835488        1.1795471375404969E-002
  0.75724116605167924        1.1600874392776822E-002
  0.76033205169743068        1.1404414268403731E-002
  0.76343555363308235        1.1206290609458588E-002
  0.76655172335545019        1.1006708145484177E-002
  0.76968061257154952        1.0805876331663754E-002
  0.77282227319945096        1.0604008948154931E-002
  0.77597675736914307        1.0401323696597513E-002
  0.77914411742339751        1.0198041794871705E-002
  0.78232440591863694        9.9943875711439242E-003
  0.78551767562580699        9.7905880581970715E-003
  0.78872397953125306        9.5868725890041195E-003
  0.79194337083759792        9.3834723944597118E-003
  0.79517590296462559        9.1806202041453018E-003
  0.79842162955016782        8.9785498509610227E-003
  0.80168060445099321        8.7774958804127494E-003
  0.80495288174370172        8.5776931653028451E-003
  0.80823851572562166        8.3793765265298518E-003
  0.81153756091571005        8.1827803606584551E-003
  0.81485007205545901        7.9881382748812173E-003
  0.81817610410980179        7.7956827299487490E-003
  0.82151571226802678        7.6056446916068082E-003
  0.82486895194469190        7.4182532910344740E-003
  0.82823587878054472        7.2337354947400248E-003
  0.83161654864344625        7.0523157843296394E-003
  0.83501101762929653        6.8742158465260085E-003
  0.83841934206296653        6.6996542737758867E-003
  0.84184157849923302        6.5288462757473117E-003
  0.84527778372371576        6.3620034019842599E-003
  0.84872801475382054        6.1993332759458890E-003
  0.85219232883968588        6.0410393406291965E-003
  0.85567078346513115        5.8873206159369643E-003
  0.85916343634861292        5.7383714679221411E-003
  0.86267034544418009        5.5943813900089946E-003
  0.86619156894243732        5.4555347962623978E-003
  0.86972716527151039        5.3220108267457225E-003
  0.87327719309801433        5.1939831649842217E-003
  0.87684171132802924        5.0716198675208393E-003
  0.88042077910807537        4.9550832055294623E-003
  0.88401445582609561        4.8445295184250132E-003
  0.88762280111244185        4.7401090793887223E-003
  0.89124587484086226        4.6419659727040263E-003
  0.89488373712949654        4.5502379827801736E-003
  0.89853644834187318        4.4650564947205477E-003
  0.90220406908791040        4.3865464062746475E-003
  0.90588666022492215        4.3148260509980833E-003
  0.90958428285862880        4.2500071324263764E-003
  0.91329699834416944        4.1921946690567698E-003
  0.91702486828712149        4.1414869499175871E-003
  0.92076795454452198        4.0979755004920595E-003
  0.92452631922589401        4.0617450587542136E-003
  0.92830002469427830        4.0328735610618881E-003
  0.93208913356726641        4.0114321376444658E-003
  0.93589370871804145        3.9974851174140172E-003
  0.93971381327641990        3.9910900418217701E-003
  0.94354951062989978        3.9922976874739785E-003
  0.94740086442471305        4.0011520972182352E-003
  0.95126793856688030        4.0176906194036308E-003
  0.95515079722327212        4.0419439550176215E-003
  0.95904950482267404        4.0739362123949794E-003
  0.96296412605685466        4.1136849691976816E-003
  0.96689472588163972        4.1612013413564637E-003
  0.97084136951799027        4.2164900586690859E-003
  0.97480412245308368        4.2795495467472626E-003
  0.97878305044140190        4.3503720150050960E-003
  0.98277821950582100        4.4289435503829678E-003
  0.98678969593870736        4.5152442165021190E-003
  0.99081754630301844        4.6092481579469583E-003
  0.99486183743340539        4.7109237093751139E-003
  0.99892263643732426        4.8202335091576442E-003
   1.0030000106961476        4.9371346172548108E-003
   1.0070940278662834        5.0615786370381234E-003
   1.0112047558802988        5.1935118407714954E-003
   1.0153322629480441        5.3328752984702519E-003
   1.0194766175577885        5.4796050098614765E-003
   1.0236378884773538        5.6336320391728858E-003
   1.0278161447552574        5.7948826524853395E-003
   1.0320114557218547        5.9632784573864367E-003
   1.0362238909904942        6.1387365446719409E-003
   1.0404535204586696        6.3211696318459165E-003
   1.0447004143091787        6.5104862081755751E-003
   1.0489646430112913        6.7065906810668827E-003
   1.0532462773219167        6.9093835235298981E-003
   1.0575453882867758        7.1187614225110673E-003
   1.0618620472415838        7.3346174278772578E-003
   1.0661963258132321        7.5568411018403434E-003
   1.0705482959209747        7.7853186686225803E-003
   1.0749180297776255        8.0199331641649836E-003
   1.0793055998907541        8.2605645856918195E-003
   1.0837110790638902        8.5070900409492702E-003
   1.0881345403977287        8.7593838969435706E-003
   1.0925760572913470        9.0173179280127885E-003
   1.0970357034434204        9.2807614630702299E-003
   1.1015135528534441        9.5495815318665384E-003
   1.1060096798229635        9.8236430101256537E-003
   1.1105241589568067        1.0102808763412734E-002
   1.1150570651643195        1.0386939789602759E-002
   1.1196084736606120        1.0675895359823698E-002
   1.1241784599678060        1.0969533157754953E-002
   1.1287670999162849        1.1267709417167352E-002
   1.1333744696459565        1.1570279057599667E-002
   1.1380006456075142        1.1877095818071105E-002
   1.1426457045637044        1.2188012388735776E-002
   1.1473097235906025        1.2502880540392254E-002
   1.1519927800788912        1.2821551251765718E-002
   1.1566949517351428        1.3143874834488405E-002
   1.1614163165831117        1.3469701055706449E-002
   1.1661569529650266        1.3798879258250773E-002
   1.1709169395428922        1.4131258478312007E-002
   1.1756963552997917        1.4466687560566025E-002
   1.1804952795412009        1.4805015270701990E-002
   1.1853137918963028        1.5146090405310335E-002
   1.1901519723193061        1.5489761899090388E-002
   1.1950099010907769        1.5835878929346230E-002
   1.1998876588189678        1.6184291017740923E-002
   1.2047853264411541        1.6534848129283124E-002
   1.2097029852249803        1.6887400768529251E-002
   1.2146407167698074        1.7241800072981438E-002
   1.2195986030080641        1.7597897903671576E-002
   1.2245767262066105        1.7955546932922777E-002
   1.2295751689681005        1.8314600729282943E-002
   1.2345940142323542        1.8674913839630911E-002
   1.2396333452777308        1.9036341868455972E-002
   1.2446932457225151        1.9398741554318529E-002
   1.2497737995263021        1.9761970843499212E-002
   1.2548750909913893        2.0125888960848732E-002
   1.2599972047641785        2.0490356477854063E-002
   1.2651402258365791        2.0855235377937244E-002
   1.2703042395474162        2.1220389119007692E-002
   1.2754893315838498        2.1585682693289861E-002
   1.2806955879827961        2.1950982684452398E-002
   1.2859230951323521        2.2316157322063435E-002
   1.2911719397732333        2.2681076533403566E-002
   1.2964422090002106        2.3045611992666422E-002
   1.3017339902635547        2.3409637167578740E-002
   1.3070473713704895        2.3773027363476862E-002
   1.3123824404866489        2.4135659764873210E-002
   1.3177392861375357        2.4497413474551769E-002
   1.3231179972099965        2.4858169550231610E-002
   1.3285186629536925        2.5217811038838210E-002
   1.3339413729825829        2.5576223008423878E-002
   1.3393862172764077        2.5933292577779946E-002
   1.3448532861821869        2.6288908943784821E-002
   1.3503426704157151        2.6642963406530749E-002
   1.3558544610630672        2.6995349392275485E-002
   1.3613887495821120        2.7345962474264837E-002
   1.3669456278040288        2.7694700391471198E-002
   1.3725251879348284        2.8041463065296188E-002
   1.3781275225568879        2.8386152614284347E-002
   1.3837527246304846        2.8728673366895850E-002
   1.3894008874953359        2.9068931872385108E-002
   1.3950721048721533        2.9406836909836177E-002
   1.4007664708641934        2.9742299495400054E-002
   1.4064840799588225        3.0075232887785158E-002
   1.4122250270290799        3.0405552592047937E-002
   1.4179894073352572        3.0733176361733505E-002
   1.4237773165264773        3.1058024199413333E-002
   1.4295888506422783        3.1380018355669059E-002
   1.4354241061142121        3.1699083326571592E-002
   1.4412831797674421        3.2015145849701526E-002
   1.4471661688223481        3.2328134898759617E-002
   1.4530731708961429        3.2637981676815871E-002
   1.4590042840044910        3.2944619608241514E-002
   1.4649596065631323        3.3247984329372558E-002
   1.4709392373895191        3.3548013677951183E-002
   1.4769432757044543        3.3844647681389485E-002
   1.4829718211337348        3.4137828543901128E-002
   1.4890249737098105        3.4427500632547195E-002
   1.4951028338734396        3.4713610462237629E-002
   1.5012055024753554        3.4996106679734108E-002
   1.5073330807779428        3.5274940046696651E-002
   1.5134856704569155        3.5550063421815561E-002
   1.5196633736030056        3.5821431742071613E-002
   1.5258662927236537        3.6089002003164318E-002
   1.5320945307447145        3.6352733239149629E-002
   1.5383481910121630        3.6612586501326025E-002
   1.5446273772938062        3.6868524836408095E-002
   1.5509321937810101        3.7120513264025885E-002
   1.5572627450904259        3.7368518753587383E-002
   1.5636191362657244        3.7612510200540759E-002
   1.5700014727793419        3.7852458402072721E-002
   1.5764098605342303        3.8088336032277494E-002
   1.5828444058656099        3.8320117616831129E-002
   1.5893052155427401        3.8547779507205615E-002
   1.5957923967706868        3.8771299854453309E-002
   1.6023060571921037        3.8990658582597391E-002
   1.6088463048890147        3.9205837361655560E-002
   1.6154132483846122        3.9416819580330636E-002
   1.6220069966450557        3.9623590318396837E-002
   1.6286276590812767        3.9826136318809102E-002
   1.6352753455508005        4.0024445959566932E-002
   1.6419501663595648        4.0218509225356497E-002
   1.6486522322637496        4.0408317679000126E-002
   1.6553816544716176        4.0593864432738311E-002
   1.6621385446453594        4.0775144119369180E-002
   1.6689230149029417        4.0952152863269184E-002
   1.6757351778199741        4.1124888251320185E-002
   1.6825751464315746        4.1293349303764548E-002
   1.6894430342342412        4.1457536445009116E-002
   1.6963389551877424        4.1617451474403828E-002
   1.7032630237170037        4.1773097537009640E-002
   1.7102153547140044        4.1924479094380698E-002
   1.7171960635396897        4.2071601895376953E-002
   1.7242052660258809        4.2214472947027716E-002
   1.7312430784771990        4.2353100485462016E-002
   1.7383096176729915        4.2487493946924880E-002
   1.7454050008692747        4.2617663938894490E-002
   1.7525293458006783        4.2743622211317514E-002
   1.7596827706823941        4.2865381627976241E-002
   1.7668653942121444        4.2982956138003542E-002
   1.7740773355721486        4.3096360747558508E-002
   1.7813187144310982        4.3205611491676725E-002
   1.7885896509461472        4.3310725406308578E-002
   1.7958902657649043        4.3411720500555410E-002
   1.8032206800274309        4.3508615729118509E-002
   1.8105810153682576        4.3601430964968546E-002
   1.8179713939183981        4.3690186972249190E-002
   1.8253919383073787        4.3774905379421816E-002
   1.8328427716652678        4.3855608652663115E-002
   1.8403240176247260        4.3932320069522746E-002
   1.8478358003230537        4.4005063692851579E-002
   1.8553782444042495        4.4073864345005764E-002
   1.8629514750210820        4.4138747582335908E-002
   1.8705556178371661        4.4199739669968735E-002
   1.8781907990290427        4.4256867556885196E-002
   1.8858571452882809        4.4310158851304612E-002
   1.8935547838235744        4.4359641796377580E-002
   1.9012838423628520        4.4405345246194494E-002
   1.9090444491554013        4.4447298642114087E-002
   1.9168367329739937        4.4485531989416051E-002
   1.9246608231170197        4.4520075834282649E-002
   1.9325168494106386        4.4550961241112012E-002
   1.9404049422109304        4.4578219770167606E-002
   1.9483252324060565        4.4601883455565358E-002
   1.9562778514184365        4.4621984783602672E-002
   1.9642629312069249        4.4638556671430282E-002
   1.9722806042690040        4.4651632446070233E-002
   1.9803310036429771        4.4661245823779762E-002
   1.9884142629101824        4.4667430889765526E-002
   1.9965305161972071        4.4670222078245829E-002
   2.0046798981781091        4.4669654152863850E-002
   2.0128625440766581        4.4665762187452385E-002
   2.0210785896685763        4.4658581547149009E-002
   2.0293281712837890        4.4648147869863507E-002
   2.0376114258086915        4.4634497048095571E-002
   2.0459284906884188        4.4617665211104537E-002
   2.0542795039291217        4.4597688707427932E-002
   2.0626646041002639        4.4574604087750332E-002
   2.0710839303369175        4.4548448088198404E-002
   2.0795376223420732        4.4519257613598054E-002
   2.0880258203889532        4.4487069721835720E-002
   2.0965486653233478        4.4451921607816053E-002
   2.1051062985659468        4.4413850588130882E-002
   2.1136988621146831        4.4372894085995457E-002
   2.1223264985470975        4.4329089616522863E-002
   2.1309893510226989        4.4282474772334948E-002
   2.1396875632853374        4.4233087209506791E-002
   2.1484212796655959        4.4180964633842121E-002
   2.1571906450831819        4.4126144787477978E-002
   2.1659958050493291        4.4068665435814176E-002
   2.1748369056692178        4.4008564354766910E-002
   2.1837140936443968        4.3945879318341652E-002
   2.1926275162752127        4.3880648086523560E-002
   2.2015773214632635        4.3812908393480940E-002
   2.2105636577138457        4.3742697936079947E-002
   2.2195866741384194        4.3670054362706753E-002
   2.2286465204570853        4.3595015262392595E-002
   2.2377433470010675        4.3517618154240323E-002
   2.2468773047152077        4.3437900477146810E-002
   2.2560485451604677        4.3355899579819501E-002
   2.2652572205164492        4.3271652711081986E-002
   2.2745034835839171        4.3185197010465581E-002
   2.2837874877873303        4.3096569499082971E-002
   2.2931093871773944        4.3005807070780971E-002
   2.3024693364336155        4.2912946483565716E-002
   2.3118674908668622        4.2818024351301463E-002
   2.3213040064219506        4.2721077135673136E-002
   2.3307790396802273        4.2622141138414060E-002
   2.3402927478621649        4.2521252493790747E-002
   2.3498452888299783        4.2418447161343770E-002
   2.3594368210902377        4.2313760918878701E-002
   2.3690675037965030        4.2207229355704597E-002
   2.3787374967519588        4.2098887866114695E-002
   2.3884469604120731        4.1988771643106548E-002
   2.3981960558872570        4.1876915672336534E-002
   2.4079849449455333        4.1763354726305303E-002
   2.4178137900152290        4.1648123358770356E-002
   2.4276827541876669        4.1531255899380941E-002
   2.4375920012198664        4.1412786448531941E-002
   2.4475416955372706        4.1292748872432269E-002
   2.4575320022364697        4.1171176798384737E-002
   2.4675630870879357        4.1048103610271808E-002
   2.4776351165387829        4.0923562444244985E-002
   2.4877482577155234        4.0797586184612614E-002
   2.4979026784268394        4.0670207459923294E-002
   2.5080985471663721        4.0541458639239566E-002
   2.5183360331155162        4.0411371828599246E-002
   2.5286153061462220        4.0279978867660944E-002
   2.5389365368238228        4.0147311326527560E-002
   2.5492998964098588        4.0013400502746967E-002
   2.5597055568649218        3.9878277418483779E-002
   2.5701536908515048        3.9741972817860308E-002
   2.5806444717368717        3.9604517164461374E-002
   2.5911780735959340        3.9465940639000163E-002
   2.6017546712141315        3.9326273137141737E-002
   2.6123744400903441        3.9185544267479770E-002
   2.6230375564397970        3.9043783349664608E-002
   2.6337441971969815        3.8901019412675493E-002
   2.6444945400185995        3.8757281193239325E-002
   2.6552887632865070        3.8612597134385439E-002
   2.6661270461106703        3.8466995384140050E-002
   2.6770095683321458        3.8320503794351188E-002
   2.6879365105260575        3.8173149919644794E-002
   2.6989080540045989        3.8024961016505876E-002
   2.7099243808200328        3.7875964042483709E-002
   2.7209856737677236        3.7726185655516893E-002
   2.7320921163891634        3.7575652213374187E-002
   2.7432438929750149        3.7424389773210137E-002
   2.7544411885681774        3.7272424091230466E-002
   2.7656841889668535        3.7119780622465313E-002
   2.7769730807276272        3.6966484520647006E-002
   2.7883080511685678        3.6812560638189301E-002
   2.7996892883723348        3.6658033526265371E-002
   2.8111169811892935        3.6502927434982055E-002
   2.8225913192406575        3.6347266313646417E-002
   2.8341124929216317        3.6191073811123020E-002
   2.8456806934045655        3.6034373276279147E-002
   2.8572961126421350        3.5877187758514027E-002
   2.8689589433705232        3.5719540008371353E-002
   2.8806693791126143        3.5561452478230865E-002
   2.8924276141812122        3.5402947323077166E-002
   2.9042338436822610        3.5244046401343432E-002
   2.9160882635180831        3.5084771275827098E-002
   2.9279910703906258        3.4925143214675762E-002
   2.9399424618047334        3.4765183192440013E-002
   2.9519426360714194        3.4604911891191907E-002
   2.9639917923111532        3.4444349701705741E-002
   2.9760901304571732        3.4283516724700105E-002
   2.9882378512587997        3.4122432772137931E-002
   3.0004351562847607        3.3961117368583073E-002
   3.0126822479265480        3.3799589752610618E-002
   3.0249793294017673        3.3637868878269937E-002
   3.0373266047575087        3.3475973416597790E-002
   3.0497242788737404        3.3313921757178913E-002
   3.0621725574667020        3.3151732009753139E-002
   3.0746716470923223        3.2989422005867554E-002
   3.0872217551496384        3.2827009300569511E-002
   3.0998230898842483        3.2664511174141715E-002
   3.1124758603917613        3.2501944633875485E-002
   3.1251802766212617        3.2339326415880561E-002
   3.1379365493788032        3.2176672986931817E-002
   3.1507448903309023        3.2014000546347572E-002
   3.1636055120080444        3.1851325027902277E-002
   3.1765186278082207        3.1688662101767476E-002
   3.1894844520004644        3.1526027176483673E-002
   3.2025031997284015        3.1363435400957970E-002
   3.2155750870138298        3.1200901666488451E-002
   3.2287003307602982        3.1038440608813292E-002
   3.2418791487567020        3.0876066610182253E-002
   3.2551117596809069        3.0713793801450003E-002
   3.2683983831033703        3.0551636064190452E-002
   3.2817392394907818        3.0389607032828954E-002
   3.2951345502097307        3.0227720096793149E-002
   3.3085845375303724        3.0065988402680162E-002
   3.3220894246301196        2.9904424856438787E-002
   3.3356494355973410        2.9743042125565736E-002
   3.3492647954350852        2.9581852641315166E-002
   3.3629357300648142        2.9420868600919924E-002
   3.3766624663301439        2.9260101969823402E-002
   3.3904452320006189        2.9099564483920801E-002
   3.4042842557754875        2.8939267651809472E-002
   3.4181797672874907        2.8779222757047005E-002
   3.4321319971066844        2.8619440860414961E-002
   3.4461411767442565        2.8459932802189440E-002
   3.4602075386563675        2.8300709204416054E-002
   3.4743313162480152        2.8141780473187935E-002
   3.4885127438769019        2.7983156800928364E-002
   3.5027520568573265        2.7824848168673682E-002
   3.5170494914640815        2.7666864348359306E-002
   3.5314052849363842        2.7509214905104669E-002
   3.5458196754818094        2.7351909199499244E-002
   3.5602929022802345        2.7194956389886740E-002
   3.5748252054878202        2.7038365434647660E-002
   3.5894168262409902        2.6882145094480062E-002
   3.6040680066604258        2.6726303934676281E-002
   3.6187789898550959        2.6570850327396929E-002
   3.6335500199262847        2.6415792453939477E-002
   3.6483813419716364        2.6261138307002600E-002
   3.6632732020892336        2.6106895692944665E-002
   3.6782258473816740        2.5953072234035587E-002
   3.6932395259601685        2.5799675370703358E-002
   3.7083144869486642        2.5646712363771206E-002
   3.7234509804879772        2.5494190296688951E-002
   3.7386492577399353        2.5342116077755113E-002
   3.7539095708915569        2.5190496442330079E-002
   3.7692321731592284        2.5039337955040861E-002
   3.7846173187929102        2.4888647011975483E-002
   3.8000652630803460        2.4738429842867796E-002
   3.8155762623513128        2.4588692513271282E-002
   3.8311505739818670        2.4439440926722587E-002
   3.8467884563986092        2.4290680826893320E-002
   3.8624901690829847        2.4142417799730385E-002
   3.8782559725755825        2.3994657275584523E-002
   3.8940861284804527        2.3847404531326274E-002
   3.9099808994694594        2.3700664692449636E-002
   3.9259405492866346        2.3554442735162544E-002
   3.9419653427525452        2.3408743488464175E-002
   3.9580555457687030        2.3263571636209145E-002
   3.9742114253219660        2.3118931719157586E-002
   3.9904332494889743        2.2974828137011072E-002
   4.0067212874405893        2.2831265150435258E-002
   4.0230758094463717        2.2688246883066844E-002
   4.0394970868790629        2.2545777323506551E-002
   4.0559853922190783        2.2403860327297687E-002
   4.0725409990590427        2.2262499618888668E-002
   4.0891641821083224        2.2121698793580748E-002
   4.1058552171975808        2.1981461319461035E-002
   4.1226143812833644        2.1841790539318735E-002
   4.1394419524526915        2.1702689672546668E-002
   4.1563382099276636        2.1564161817026563E-002
   4.1733034340701094        2.1426209950998594E-002
   4.1903379063862296        2.1288836934914460E-002
   4.2074419095312638        2.1152045513274945E-002
   4.2246157273141920        2.1015838316450430E-002
   4.2418596447024361        2.0880217862485870E-002
   4.2591739478265858        2.0745186558888486E-002
   4.2765589239851547        2.0610746704399566E-002
   4.2940148616493437        2.0476900490749479E-002
   4.3115420504678283        2.0343650004395926E-002
   4.3291407812715565        2.0210997228245882E-002
   4.3468113460785895        2.0078944043359973E-002
   4.3645540380989400        1.9947492230641080E-002
   4.3823691517394279        1.9816643472505717E-002
   4.4002569826085844        1.9686399354538288E-002
   4.4182178275215458        1.9556761367103988E-002
   4.4362519845049730        1.9427730907067616E-002
   4.4543597528020111        1.9299309279252802E-002
   4.4725414328772475        1.9171497698124110E-002
   4.4907973264216903        1.9044297289334031E-002
   4.5091277363577875        1.8917709091276193E-002
   4.5275329668444471        1.8791734056625473E-002
   4.5460133232820850        1.8666373053844446E-002
   4.5645691123176864        1.8541626868706119E-002
   4.5832006418499045        1.8417496205767461E-002
   4.6019082210341660        1.8293981689841650E-002
   4.6206921602877928        1.8171083867451462E-002
   4.6395527712951647        1.8048803208265535E-002
   4.6584903670128890        1.7927140106517914E-002
   4.6775052616749795        1.7806094882411340E-002
   4.6965977707980926        1.7685667783504232E-002
   4.7157682111867478        1.7565858986080818E-002
   4.7350169009385850        1.7446668596505385E-002
   4.7543441594496505        1.7328096652559896E-002
   4.7737503074196939        1.7210143124765612E-002
   4.7932356668574805        1.7092807917688829E-002
   4.8128005610861475        1.6976090871230129E-002
   4.8324453147485658        1.6859991761897522E-002
   4.8521702538127149        1.6744510304064871E-002
   4.8719757055771122        1.6629646151213033E-002
   4.8918619986762248        1.6515398897156162E-002
   4.9118294630859394        1.6401768077252334E-002
   4.9318784301290162        1.6288753169598380E-002
   4.9520092324806102        1.6176353596209607E-002
   4.9722222041737796        1.6064568724183770E-002
   4.9925176806050207        1.5953397866850485E-002
   5.0128959985398502        1.5842840284904559E-002
   5.0333574961183860        1.5732895187525367E-002
   5.0539025128609465        1.5623561733480427E-002
   5.0745313896737043        1.5514839032214619E-002
   5.0952444688543324        1.5406726144924620E-002
   5.1160420940976774        1.5299222085618559E-002
   5.1369246105014765        1.5192325822161602E-002
   5.1578923645720769        1.5086036277306536E-002
   5.1789457042301867        1.4980352329710634E-002
   5.2000849788166388        1.4875272814938258E-002
   5.2213105390982024        1.4770796526448958E-002
   5.2426227372734004        1.4666922216572439E-002
   5.2640219269783390        1.4563648597468989E-002
   5.2855084632925946        1.4460974342076657E-002
   5.3070827027450962        1.4358898085044711E-002
   5.3287450033200381        1.4257418423653741E-002
   5.3504957244628288        1.4156533918722082E-002
   5.3723352270860527        1.4056243095499649E-002
   5.3942638735754480        1.3956544444547973E-002
   5.4162820277959387        1.3857436422607826E-002
   5.4383900550976607        1.3758917453453760E-002
   5.4605883223220175        1.3660985928735487E-002
   5.4828771978077846        1.3563640208808254E-002
   5.5052570513972130        1.3466878623548072E-002
   5.5277282544421542        1.3370699473156979E-002
   5.5502911798102446        1.3275101028954992E-002
   5.5729462018910780        1.3180081534159997E-002
   5.5956936966024218        1.3085639204655837E-002
   5.6185340413964466        1.2991772229748382E-002
   5.6414676152660075        1.2898478772909885E-002
   5.6644947987509173        1.2805756972511627E-002
   5.6876159739442613        1.2713604942545382E-002
   5.7108315244987482        1.2622020773333006E-002
   5.7341418356330687        1.2531002532225034E-002
   5.7575472941382806        1.2440548264288191E-002
   5.7810482883842447        1.2350655992981699E-002
   5.8046452083260549        1.2261323720822805E-002
   5.8283384455105089        1.2172549430041535E-002
   5.8521283930826149        1.2084331083224579E-002
   5.8760154457921070        1.1996666623948965E-002
