  0.10000000000000001       0.42203362629063618     
  0.10040817718110437       0.43094850584947231     
  0.10081802044832047       0.43186482936320636     
  0.10122953660223166       0.42476921028035919     
  0.10164273247117964       0.41021100187542592     
  0.10205761491137796       0.38924641025627227     
  0.10247419080702558       0.36334950054141640     
  0.10289246707042120       0.33429781343264620     
  0.10331245064207799       0.30404164909034714     
  0.10373414849083867       0.27456670610400463     
  0.10415756761399117       0.24775969078720111     
  0.10458271503738485       0.22528578958240747     
  0.10500959781554686       0.20848561908916458     
  0.10543822303179938       0.19829755882847380     
  0.10586859779837712       0.19520937561543156     
  0.10630072925654524       0.19924091781418427     
  0.10673462457671801       0.20995754255744012     
  0.10717029095857759       0.22651197652413696     
  0.10760773563119364       0.24771061788478788     
  0.10804696585314330       0.27209895390621047     
  0.10848798891263144       0.29805985570869081     
  0.10893081212761184       0.32391804756189158     
  0.10937544284590843       0.34804403097335840     
  0.10982188844533726       0.36895114374790000     
  0.11027015633382903       0.38538019749023206     
  0.11072025394955184       0.39636719158224187     
  0.11117218876103470       0.40129086298886113     
  0.11162596826729153       0.39989820868341786     
  0.11208159999794542       0.39230752029890892     
  0.11253909151335369       0.37898981349951477     
  0.11299845040473337       0.36073074233625119     
  0.11345968429428700       0.33857610007440891     
  0.11392280083532935       0.31376477748623344     
  0.11438780771241415       0.28765354977084145     
  0.11485471264146174       0.26163828417058721     
  0.11532352336988719       0.23707610886247374     
  0.11579424767672861       0.21521278166305494     
  0.11626689337277650       0.19711897882446511     
  0.11674146830070313       0.18363853353463910     
  0.11721798033519278       0.17535084071137397     
  0.11769643738307244       0.17254876225459154     
  0.11817684738344295       0.17523246778532878     
  0.11865921830781066       0.18311877960501247     
  0.11914355816021997       0.19566480112652776     
  0.11962987497738581       0.21210393183949300     
  0.12011817682882717       0.23149183663298567     
  0.12060847181700105       0.25275956110966674     
  0.12110076807743671       0.27477077577313380     
  0.12159507377887094       0.29638008970530222     
  0.12209139712338332       0.31648948911811370     
  0.12258974634653247       0.33410021120935884     
  0.12309012971749274       0.34835773649232971     
  0.12359255553919130       0.35858804643329800     
  0.12409703214844603       0.36432381856574980     
  0.12460356791610375       0.36531978819624789     
  0.12511217124717913       0.36155706507235108     
  0.12562285058099434       0.35323672778920601     
  0.12613561439131882       0.34076350440397307     
  0.12665047118650996       0.32472076502128949     
  0.12716742950965446       0.30583838610277186     
  0.12768649793870987       0.28495528712570267     
  0.12820768508664696       0.26297858328831503     
  0.12873099960159279       0.24084134347035691     
  0.12925645016697404       0.21946089534340624     
  0.12978404550166117       0.19969948801912446     
  0.13031379436011306       0.18232891873068852     
  0.13084570553252231       0.16800046793330481     
  0.13137978784496107       0.15722118257482803     
  0.13191605015952751       0.15033721650386314     
  0.13245450137449291       0.14752459632072107     
  0.13299515042444918       0.14878744588617468     
  0.13353800628045717       0.15396338720120489     
  0.13408307795019572       0.16273555154787422     
  0.13463037447811083       0.17465039243722741     
  0.13517990494556581       0.18914029832442172     
  0.13573167847099218       0.20554986288333063     
  0.13628570421004074       0.22316458594408517     
  0.13684199135573349       0.24124074858236516     
  0.13740054913861643       0.25903522866095890     
  0.13796138682691236       0.27583409377156193     
  0.13852451372667493       0.29097892082548432     
  0.13908993918194296       0.30388993810987658     
  0.13965767257489561       0.31408525827227485     
  0.14022772332600780       0.32119566082642759     
  0.14080010089420669       0.32497458176565469     
  0.14137481477702879       0.32530316742275778     
  0.14195187451077720       0.32219044214318066     
  0.14253128967068007       0.31576881782295219     
  0.14311306987104958       0.30628533214678100     
  0.14369722476544117       0.29408913687843474     
  0.14428376404681392       0.27961586450611720     
  0.14487269744769149       0.26336957891647833     
  0.14546403474032335       0.24590306280238206     
  0.14605778573684705       0.22779721161822128     
  0.14665396028945119       0.20964029256185751     
  0.14725256829053859       0.19200778968151624     
  0.14785361967289068       0.17544349593043193     
  0.14845712440983222       0.16044243354874227     
  0.14906309251539690       0.14743608966070643     
  0.14967153404449324       0.13678034876818393     
  0.15028245909307170       0.12874639227124457     
  0.15089587779829214       0.12351472150974419     
  0.15151180033869191       0.12117234909524349     
  0.15213023693435482       0.12171309711657245     
  0.15275119784708088       0.12504084331333198     
  0.15337469338055626       0.13097547014148220     
  0.15400073388052446       0.13926119884571347     
  0.15462932973495802       0.14957693264543070     
  0.15526049137423079       0.16154819077745397     
  0.15589422927129087       0.17476018868526105     
  0.15653055394183482       0.18877160883135166     
  0.15716947594448166       0.20312861068291316     
  0.15781100588094832       0.21737864621077149     
  0.15845515439622559       0.23108367723145629     
  0.15910193217875471       0.24383243132941906     
  0.15975134996060453       0.25525138194942631     
  0.16040341851764989       0.26501419346664767     
  0.16105814866975027       0.27284943150683966     
  0.16171555128092935       0.27854640041767664     
  0.16237563725955523       0.28195903159559915     
  0.16303841755852153       0.28300780650981772     
  0.16370390317542910       0.28167975508671922     
  0.16437210515276834       0.27802662220012919     
  0.16504303457810285       0.27216134118073709     
  0.16571670258425286       0.26425299260027346     
  0.16639312034948034       0.25452045845946547     
  0.16707229909767446       0.24322500593491347     
  0.16775425009853762       0.23066205089390512     
  0.16843898466777257       0.21715235957847767     
  0.16912651416727026       0.20303294751487203     
  0.16981685000529834       0.18864792833131916     
  0.17051000363669019       0.17433955243160520     
  0.17120598656303537       0.16043965716363950     
  0.17190481033287031       0.14726172712280103     
  0.17260648654186983       0.13509373647993853     
  0.17331102683303970       0.12419191569338357     
  0.17401844289690985       0.11477555362254112     
  0.17472874647172817       0.10702291385076693     
  0.17544194934365545       0.10106831184058054     
  0.17615806334696094        9.7000368208991702E-002
  0.17687710036421864        9.4861423663512828E-002
  0.17759907232650440        9.4648073621071194E-002
  0.17832399121359424        9.6312755777367781E-002
  0.17905186905416270        9.9766302326255232E-002
  0.17978271792598266       0.10488135045801175     
  0.18051654995612570       0.11149649039066378     
  0.18125337732116351       0.11942101960163670     
  0.18199321224736950       0.12844016511896567     
  0.18273606701092207       0.13832063260149249     
  0.18348195393810826       0.14881634130317700     
  0.18423088540552804       0.15967420762505705     
  0.18498287384029991       0.17063984649818553     
  0.18573793172026712       0.18146306895476405     
  0.18649607157420448       0.19190306554225040     
  0.18725730598202642       0.20173317830440343     
  0.18802164757499584       0.21074517847260688     
  0.18878910903593346       0.21875298235987206     
  0.18955970309942835       0.22559575381920294     
  0.19033344255204943       0.23114035762739721     
  0.19111034023255730       0.23528314392192234     
  0.19189040903211749       0.23795105902218522     
  0.19267366189451438       0.23910209231518087     
  0.19346011181636599       0.23872508212829910     
  0.19424977184733941       0.23683891544172275     
  0.19504265509036750       0.23349116674652837     
  0.19583877470186650       0.22875623021404076     
  0.19663814389195391       0.22273300653217257     
  0.19744077592466802       0.21554221125185208     
  0.19824668411818794       0.20732337527629391     
  0.19905588184505443       0.19823161025829045     
  0.19986838253239200       0.18843421221783641     
  0.20068419966213161       0.17810717575375501     
  0.20150334677123438       0.16743168892085153     
  0.20232583745191612       0.15659067531960563     
  0.20315168535187320       0.14576544535337824     
  0.20398090417450848       0.13513251311338756     
  0.20481350767915915       0.12486062912439634     
  0.20564950968132489       0.11510807239599563     
  0.20648892405289709       0.10602023804522312     
  0.20733176472238896        9.7727549350458007E-002
  0.20817804567516671        9.0343715620372814E-002
  0.20902778095368180        8.3964349860915277E-002
  0.20988098465770355        7.8665953030989555E-002
  0.21073767094455342        7.4505264812668892E-002
  0.21159785402933992        7.1518974388264572E-002
  0.21246154818519422        6.9723778801989419E-002
  0.21332876774350720        6.9116771159762072E-002
  0.21419952709416737        6.9676136241804146E-002
  0.21507384068579924        7.1362127108106049E-002
  0.21595172302600341        7.4118292989940104E-002
  0.21683318868159726        7.7872926190309222E-002
  0.21771825227885655        8.2540693857788644E-002
  0.21860692850375804        8.8024419334492315E-002
  0.21949923210222347        9.4216977281836520E-002
  0.22039517788036408       0.10100326691953530     
  0.22129478070472614       0.10826222842804614     
  0.22219805550253774       0.11586886880990374     
  0.22310501726195672       0.12369626522336810     
  0.22401568103231900       0.13161751593113893     
  0.22493006192438844       0.13950761148383642     
  0.22584817511060773       0.14724520151770071     
  0.22677003582534988       0.15471423552390889     
  0.22769565936517111       0.16180545907976818     
  0.22862506108906488       0.16841775025861952     
  0.22955825641871638       0.17445928419767032     
  0.23049526083875860       0.17984851704693153     
  0.23143608989702943       0.18451498369817898     
  0.23238075920482931       0.18839990675554213     
  0.23332928443718048       0.19145661711916873     
  0.23428168133308711       0.19365078927626178     
  0.23523796569579644       0.19496049690080386     
  0.23619815339306083       0.19537609663144995     
  0.23716226035740115       0.19489994990856413     
  0.23813030258637141       0.19354599449389651     
  0.23910229614282377       0.19133917876258505     
  0.24007825715517533       0.18831477304445898     
  0.24105820181767584       0.18451757320189649     
  0.24204214639067612       0.18000101227057713     
  0.24303010720089804       0.17482619636690383     
  0.24402210064170560       0.16906088119423537     
  0.24501814317337661       0.16277840537476418     
  0.24601825132337590       0.15605659651246551     
  0.24702244168662996       0.14897666537446685     
  0.24803073092580163       0.14162210288427268     
  0.24904313577156709       0.13407759377212020     
  0.25005967302289334       0.12642795974786292     
  0.25108035954731700       0.11875714397238947     
  0.25210521228122396       0.11114724742726317     
  0.25313424823013059       0.10367762654057058     
  0.25416748446896609        9.6424060141342416E-002
  0.25520493814235545        8.9457992505127093E-002
  0.25624662646490398        8.2845857938561876E-002
  0.25729256672148348        7.6648491048543793E-002
  0.25834277626751834        7.0920625567974779E-002
  0.25939727252927380        6.5710483379518500E-002
  0.26045607300414547        6.1059454204253676E-002
  0.26151919526094891        5.7001865314594682E-002
  0.26258665694021183        5.3564839599828815E-002
  0.26365847575446660        5.0768239365824502E-002
  0.26473466948854396        4.8624692393885949E-002
  0.26581525599986822        4.7139696021846131E-002
  0.26690025321875377        4.6311794346163053E-002
  0.26798967914870253        4.6132823078479809E-002
  0.26908355186670235        4.6588216123854019E-002
  0.27018188952352734        4.7657367579575588E-002
  0.27128471034403900        4.9314042580789703E-002
  0.27239203262748851        5.1526830238798824E-002
  0.27350387474782023        5.4259631825688034E-002
  0.27462025515397709        5.7472177349900039E-002
  0.27574119237020622        6.1120563735957763E-002
  0.27686670499636645        6.5157807961612871E-002
  0.27799681170823720        6.9534408710808848E-002
  0.27913153125782791        7.4198910364134563E-002
  0.28027088247368953        7.9098463463055935E-002
  0.28141488426122702        8.4179376142982279E-002
  0.28256355560301261        8.9387651426210593E-002
  0.28371691555910122        9.4669505692039135E-002
  0.28487498326734656        9.9971864091009111E-002
  0.28603777794371876       0.10524282913693328     
  0.28720531888262307       0.11043211918770555     
  0.28837762545721990       0.11549147400809265     
  0.28955471711974690       0.12037502508920005     
  0.29073661340184104       0.12503962887503134     
  0.29192333391486291       0.12944516151183627     
  0.29311489835022253       0.13355477418664552     
  0.29431132647970543       0.13733510855370193     
  0.29551263815580109       0.14075647215828277     
  0.29671885331203263       0.14379297415380260     
  0.29792999196328690       0.14642262196785583     
  0.29914607420614708       0.14862737990409985     
  0.30036712021922612       0.15039319096821241     
  0.30159315026350136       0.15170996347656018     
  0.30282418468265071       0.15257152424511472     
  0.30406024390339059       0.15297554036329830     
  0.30530134843581452       0.15292341173294280     
  0.30654751887373349       0.15242013669684595     
  0.30779877589501764       0.15147415319522889     
  0.30905514026193970       0.15009715797264589     
  0.31031663282151906       0.14830390641386013     
  0.31158327450586787       0.14611199561615371     
  0.31285508633253861       0.14354163330913872     
  0.31413208940487242       0.14061539521296457     
  0.31541430491234945       0.13735797338375297     
  0.31670175413094059       0.13379591803294438     
  0.31799445842346041       0.12995737522696438     
  0.31929243923992134       0.12587182277718501     
  0.32059571811789023       0.12156980651947263     
  0.32190431668284508       0.11708267905974451     
  0.32321825664853443       0.11244234292870670     
  0.32453755981733712       0.10768099994728987     
  0.32586224808062436       0.10283090845603160     
  0.32719234341912323        9.7924149908492214E-002
  0.32852786790328065        9.2992406172481862E-002
  0.32986884369363056        8.8066748724864807E-002
  0.33121529304116082        8.3177440767640026E-002
  0.33256723828768275        7.8353753136039317E-002
  0.33392470186620210        7.3623794714977764E-002
  0.33528770630129073        6.9014357929348402E-002
  0.33665627420946076        6.4550779727443330E-002
  0.33803042829953994        6.0256818336143630E-002
  0.33941019137304806        5.6154545932209310E-002
  0.34079558632457546        5.2264257246683030E-002
  0.34218663614216327        4.8604393999757314E-002
  0.34358336390768413        4.5191484951793592E-002
  0.34498579279722608        4.2040101252974124E-002
  0.34639394608147639        3.9162826679551517E-002
  0.34780784712610791        3.6570242258986543E-002
  0.34922751939216706        3.4270924709562521E-002
  0.35065298643646264        3.2271458052306017E-002
  0.35208427191195729        3.0576457694179701E-002
  0.35352139956815942        2.9188606231401897E-002
  0.35496439325151735        2.8108700180188864E-002
  0.35641327690581565        2.7335706808974954E-002
  0.35786807457257153        2.6866830220918327E-002
  0.35932881039143427        2.6697585817923621E-002
  0.36079550860058590        2.6821882267121969E-002
  0.36226819353714296        2.7232110087337291E-002
  0.36374688963756052        2.7919235976097235E-002
  0.36523162143803800        2.8872902006785963E-002
  0.36672241357492547        3.0081528840079263E-002
  0.36821929078513355        3.1532422113439422E-002
  0.36972227790654283        3.3211881196625354E-002
  0.37123139987841652        3.5105309529479933E-002
  0.37274668174181458        3.7197325790175345E-002
  0.37426814864000829        3.9471875177174078E-002
  0.37579582581889864        4.1912340125955946E-002
  0.37732973862743413        4.4501649821580010E-002
  0.37886991251803198        4.7222387910033983E-002
  0.38041637304700071        5.0056897854592781E-002
  0.38196914587496344        5.2987385427712780E-002
  0.38352825676728425        5.5996017873949429E-002
  0.38509373159449567        5.9065019324638555E-002
  0.38666559633272773        6.2176762090316126E-002
  0.38824387706413899        6.5313853501766939E-002
  0.38982859997734975        6.8459218014883472E-002
  0.39141979136787586        7.1596174337967555E-002
  0.39301747763856587        7.4708507382455269E-002
  0.39462168530003849        7.7780534879099972E-002
  0.39623244097112265        8.0797168541228759E-002
  0.39784977137929967        8.3743969694620252E-002
  0.39947370336114574        8.6607199329715778E-002
  0.40110426386277853        8.9373862566153373E-002
  0.40274147994030307        9.2031747551888449E-002
  0.40438537876026137        9.4569458849414756E-002
  0.40603598760008325        9.6976445389695243E-002
  0.40769333384853856        9.9243023100391015E-002
  0.40935744500619187       0.10136039233876849     
  0.41102834868585908       0.10332065028128418     
  0.41270607261306486       0.10511679844129590     
  0.41439064462650332       0.10674274550367072     
  0.41608209267850005       0.10819330568024901     
  0.41778044483547516       0.10946419280327627     
  0.41948572927840988       0.11055201038504965     
  0.42119797430331363       0.11145423788121427     
  0.42291720832169355       0.11216921340247551     
  0.42464345986102636       0.11269611312503457     
  0.42637675756523108       0.11303492765387349     
  0.42811713019514508       0.11318643559524366     
  0.42986460662900056       0.11315217459538587     
  0.43161921586290408       0.11293441010178752     
  0.43338098701131811       0.11253610210119183     
  0.43514994930754325       0.11196087008528649     
  0.43692613210420378       0.11121295649054141     
  0.43870956487373508       0.11029718885320164     
  0.44050027720887197       0.10921894091401468     
  0.44229829882313998       0.10798409290002176     
  0.44410365955134889       0.10659899120272652     
  0.44591638935008682       0.10507040766330303     
  0.44773651829821842       0.10340549866626475     
  0.44956407659738296       0.10161176423331994     
  0.45139909457249600        9.9697007299025531E-002
  0.45324160267225266        9.7669293339432792E-002
  0.45509163146963244        9.5536910514260179E-002
  0.45694921166240710        9.3308330472287579E-002
  0.45881437407364939        9.0992169958744762E-002
  0.46068714965224478        8.8597153352483499E-002
  0.46256756947340538        8.6132076249786221E-002
  0.46445566473918498        8.3605770200778945E-002
  0.46635146677899686        8.1027068693680010E-002
  0.46825500705013429        7.8404774471540900E-002
  0.47016631713829160        7.5747628255780353E-002
  0.47208542875808879        7.3064278940710589E-002
  0.47401237375359806        7.0363255313450918E-002
  0.47594718409887132        6.7652939344121116E-002
  0.47788989189847175        6.4941541082067955E-002
  0.47984052938800570        6.2237075185099480E-002
  0.48179912893465782        5.9547339100308919E-002
  0.48376572303772875        5.6879892907086727E-002
  0.48574034432917323        5.4242040825353763E-002
  0.48772302557414277        5.1640814384898190E-002
  0.48971379967152823        4.9082957244998185E-002
  0.49171269965450648        4.6574911647239814E-002
  0.49371975869108847        4.4122806478603352E-002
  0.49573501008466908        4.1732446916508625E-002
  0.49775848727458005        3.9409305622543758E-002
  0.49979022383664523        3.7158515447084539E-002
  0.50183025348373689        3.4984863602910178E-002
  0.50387861006633561        3.2892787262235358E-002
  0.50593532757309234        3.0886370528309809E-002
  0.50800044013139123        2.8969342729848559E-002
  0.51007398200791731        2.7145077984070429E-002
  0.51215598760922409        2.5416595971987956E-002
  0.51424649148230461        2.3786563867836109E-002
  0.51634552831516523        2.2257299363088401E-002
  0.51845313293740036        2.0830774724426526E-002
  0.52056934032077162        1.9508621824227045E-002
  0.52269418557978653        1.8292138081650176E-002
  0.52482770397228251        1.7182293252189011E-002
  0.52696993090001132        1.6179737003597667E-002
  0.52912090190922667        1.5284807216399677E-002
  0.53128065269127367        1.4497538947705734E-002
  0.53344921908318188        1.3817673997799004E-002
  0.53562663706825886        1.3244671019878427E-002
  0.53781294277668812        1.2777716114453381E-002
  0.54000817248612853        1.2415733851158420E-002
  0.54221236262231554        1.2157398662175443E-002
  0.54442554975966673        1.2001146552995300E-002
  0.54664777062188774        1.1945187077933173E-002
  0.54887906208258186        1.1987515529571608E-002
  0.55111946116586275        1.2125925293178920E-002
  0.55336900504696696        1.2358020319086001E-002
  0.55562773105287300        1.2681227668009606E-002
  0.55789567666291884        1.3092810086370940E-002
  0.56017287950942463        1.3589878570750913E-002
  0.56245937737831742        1.4169404882757752E-002
  0.56475520820975744        1.4828233977724911E-002
  0.56706041009876806        1.5563096312820796E-002
  0.56937502129586803        1.6370620002306296E-002
  0.57169908020770599        1.7247342789833652E-002
  0.57403262539769728        1.8189723809812850E-002
  0.57637569558666502        1.9194155111989492E-002
  0.57872832965348131        2.0256972925464575E-002
  0.58109056663571335        2.1374468640436170E-002
  0.58346244573027040        2.2542899487953197E-002
  0.58584400629405475        2.3758498899941381E-002
  0.58823528784461476        2.5017486533668958E-002
  0.59063633006079996        2.6316077946689075E-002
  0.59304717278342045        2.7650493910091580E-002
  0.59546785601590702        2.9016969349646874E-002
  0.59789841992497528        3.0411761906100239E-002
  0.60033890484129260        3.1831160107489806E-002
  0.60278935126014666        3.3271491147911170E-002
  0.60524979984211758        3.4729128268628187E-002
  0.60772029141375294        3.6200497738839169E-002
  0.61020086696824494        3.7682085434747936E-002
  0.61269156766611022        3.9170443016855939E-002
  0.61519243483587394        4.0662193706589710E-002
  0.61770350997475421        4.2154037664505595E-002
  0.62022483474935197        4.3642756973367731E-002
  0.62275645099634114        4.5125220230384622E-002
  0.62529840072316345        4.6598386753808618E-002
  0.62785072610872605        4.8059310409948867E-002
  0.63041346950409982        4.9505143067438730E-002
  0.63298667343322390        5.0933137686311969E-002
  0.63557038059361004        5.2340651050102459E-002
  0.63816463385705124        5.3725146149773501E-002
  0.64076947627033398        5.5084194228818814E-002
  0.64338495105595150        5.6415476499349797E-002
  0.64601110161282127        5.7716785539409024E-002
  0.64864797151700582        5.8986026382110687E-002
  0.65129560452243462        6.0221217307524146E-002
  0.65395404456163087        6.1420490348481953E-002
  0.65662333574644061        6.2582091521708488E-002
  0.65930352236876377        6.3704380795834681E-002
  0.66199464890129045        6.4785831807995520E-002
  0.66469675999823752        6.5825031340790277E-002
  0.66740990049609028        6.6820678571432077E-002
  0.67013411541434675        6.7771584104928617E-002
  0.67286944995626363        6.8676668803105884E-002
  0.67561594950960757        6.9534962421237578E-002
  0.67837365964740748        7.0345602063948756E-002
  0.68114262612871068        7.1107830471956401E-002
  0.68392289489934310        7.1820994151060580E-002
  0.68671451209267076        7.2484541354642135E-002
  0.68951752403036504        7.3098019930731062E-002
  0.69233197722317286        7.3661075044506655E-002
  0.69515791837168661        7.4173446786860386E-002
  0.69799539436711988        7.4634967679414410E-002
  0.70084445229208592        7.5045560086129975E-002
  0.70370513942137802        7.5405233541368827E-002
  0.70657750322275481        7.5714082003987909E-002
  0.70946159135772713        7.5972281046758738E-002
  0.71235745168234910        7.6180084990097846E-002
  0.71526513224801314        7.6337823988787912E-002
  0.71818468130224533        7.6445901080055043E-002
  0.72111614728950835        7.6504789201048029E-002
  0.72405957885200312        7.6515028183442274E-002
  0.72701502483047720        7.6477221732566492E-002
  0.72998253426503557        7.6392034398122963E-002
  0.73296215639595286        7.6260188543246010E-002
  0.73595394066449149        7.6082461318315822E-002
  0.73895793671372234        7.5859681645620694E-002
  0.74197419438934753        7.5592727220637160E-002
  0.74500276374052765        7.5282521535378344E-002
  0.74804369502071344        7.4930030928943750E-002
  0.75109703868847777        7.4536261670093695E-002
  0.75416284540835488        7.4102257076362157E-002
  0.75724116605167924        7.3629094673922785E-002
  0.76033205169743068        7.3117883402125786E-002
  0.76343555363308235        7.2569760866334501E-002
  0.76655172335545019        7.1985890642410622E-002
  0.76968061257154952        7.1367459635914565E-002
  0.77282227319945096        7.0715675498831995E-002
  0.77597675736914307        7.0031764106362582E-002
  0.77914411742339751        6.9316967096068244E-002
  0.78232440591863694        6.8572539471425192E-002
  0.78551767562580699        6.7799747271592048E-002
  0.78872397953125306        6.6999865308978279E-002
  0.79194337083759792        6.6174174975978411E-002
  0.79517590296462559        6.5323962122025570E-002
  0.79842162955016782        6.4450515001918840E-002
  0.80168060445099321        6.3555122296182126E-002
  0.80495288174370172        6.2639071204031879E-002
  0.80823851572562166        6.1703645609349121E-002
  0.81153756091571005        6.0750124319890506E-002
  0.81485007205545901        5.9779779379806566E-002
  0.81817610410980179        5.8793874455390444E-002
  0.82151571226802678        5.7793663293833092E-002
  0.82486895194469190        5.6780388254629575E-002
  0.82823587878054472        5.5755278913150942E-002
  0.83161654864344625        5.4719550735780075E-002
  0.83501101762929653        5.3674403825896694E-002
  0.83841934206296653        5.2621021739893199E-002
  0.84184157849923302        5.1560570372304361E-002
  0.84527778372371576        5.0494196909050069E-002
  0.84872801475382054        4.9423028847698079E-002
  0.85219232883968588        4.8348173083586028E-002
  0.85567078346513115        4.7270715060568617E-002
  0.85916343634861292        4.6191717985090808E-002
  0.86267034544418009        4.5112222102235103E-002
  0.86619156894243732        4.4033244032332886E-002
  0.86972716527151039        4.2955776166691030E-002
  0.87327719309801433        4.1880786120939192E-002
  0.87684171132802924        4.0809216244467747E-002
  0.88042077910807537        3.9741983184401607E-002
  0.88401445582609561        3.8679977502520904E-002
  0.88762280111244185        3.7624063343525166E-002
  0.89124587484086226        3.6575078153018858E-002
  0.89488373712949654        3.5533832443580889E-002
  0.89853644834187318        3.4501109607275642E-002
  0.90220406908791040        3.3477665772955849E-002
  0.90588666022492215        3.2464229706706232E-002
  0.90958428285862880        3.1461502753778729E-002
  0.91329699834416944        3.0470158820375948E-002
  0.91702486828712149        2.9490844393645098E-002
  0.92076795454452198        2.8524178598257385E-002
  0.92452631922589401        2.7570753287960208E-002
  0.92830002469427830        2.6631133170503474E-002
  0.93208913356726641        2.5705855964363478E-002
  0.93589370871804145        2.4795432585700626E-002
  0.93971381327641990        2.3900347364017659E-002
  0.94354951062989978        2.3021058284999885E-002
  0.94740086442471305        2.2157997259051328E-002
  0.95126793856688030        2.1311570414062564E-002
  0.95515079722327212        2.0482158410976004E-002
  0.95904950482267404        1.9670116780743097E-002
  0.96296412605685466        1.8875776281298967E-002
  0.96689472588163972        1.8099443273208740E-002
  0.97084136951799027        1.7341400112675553E-002
  0.97480412245308368        1.6601905560629890E-002
  0.97878305044140190        1.5881195206653917E-002
  0.98277821950582100        1.5179481906530483E-002
  0.98678969593870736        1.4496956232238008E-002
  0.99081754630301844        1.3833786933248144E-002
  0.99486183743340539        1.3190121408019440E-002
  0.99892263643732426        1.2566086184613036E-002
   1.0030000106961476        1.1961787409393392E-002
   1.0070940278662834        1.1377311342810729E-002
   1.0112047558802988        1.0812724861299127E-002
   1.0153322629480441        1.0268075964356735E-002
   1.0194766175577885        9.7433942859116024E-003
   1.0236378884773538        9.2386916091095894E-003
   1.0278161447552574        8.7539623836965213E-003
   1.0320114557218547        8.2891842452001933E-003
   1.0362238909904942        7.8443185351503991E-003
   1.0404535204586696        7.4193108216109539E-003
   1.0447004143091787        7.0140914193277948E-003
   1.0489646430112913        6.6285759088308424E-003
   1.0532462773219167        6.2626656538586527E-003
   1.0575453882867758        5.9162483165074295E-003
   1.0618620472415838        5.5891983695327118E-003
   1.0661963258132321        5.2813776052676471E-003
   1.0705482959209747        4.9926356406461894E-003
   1.0749180297776255        4.7228104178507271E-003
   1.0793055998907541        4.4717287001313308E-003
   1.0837110790638902        4.2392065623712769E-003
   1.0881345403977287        4.0250498759993774E-003
   1.0925760572913470        3.8290547878766104E-003
   1.0970357034434204        3.6510081928092806E-003
   1.1015135528534441        3.4906881993661100E-003
   1.1060096798229635        3.3478645886994111E-003
   1.1105241589568067        3.2222992660947301E-003
   1.1150570651643195        3.1137467049954424E-003
   1.1196084736606120        3.0219543832699231E-003
   1.1241784599678060        2.9466632115109962E-003
   1.1287670999162849        2.8876079531764240E-003
   1.1333744696459565        2.8445176363995155E-003
   1.1380006456075142        2.8171159573176009E-003
   1.1426457045637044        2.8051216747847219E-003
   1.1473097235906025        2.8082489963507130E-003
   1.1519927800788912        2.8262079554079696E-003
   1.1566949517351428        2.8587047794217044E-003
   1.1614163165831117        2.9054422491748746E-003
   1.1661569529650266        2.9661200489747939E-003
   1.1709169395428922        3.0404351077819246E-003
   1.1756963552997917        3.1280819312342828E-003
   1.1804952795412009        3.2287529245551374E-003
   1.1853137918963028        3.3421387063425809E-003
   1.1901519723193061        3.4679284132519807E-003
   1.1950099010907769        3.6058099955933913E-003
   1.1998876588189678        3.7554705038760289E-003
   1.2047853264411541        3.9165963663422010E-003
   1.2097029852249803        4.0888736575429704E-003
   1.2146407167698074        4.2719883580152208E-003
   1.2195986030080641        4.4656266051300124E-003
   1.2245767262066105        4.6694749351885705E-003
   1.2295751689681005        4.8832205168506150E-003
   1.2345940142323542        5.1065513759853791E-003
   1.2396333452777308        5.3391566120435437E-003
   1.2446932457225151        5.5807266060536615E-003
   1.2497737995263021        5.8309532203515806E-003
   1.2548750909913893        6.0895299901576128E-003
   1.2599972047641785        6.3561523071205949E-003
   1.2651402258365791        6.6305175949518350E-003
   1.2703042395474162        6.9123254772760299E-003
   1.2754893315838498        7.2012779378310748E-003
   1.2806955879827961        7.4970794731502631E-003
   1.2859230951323521        7.7994372378636786E-003
   1.2911719397732333        8.1080611827600308E-003
   1.2964422090002106        8.4226641857491763E-003
   1.3017339902635547        8.7429621758707277E-003
   1.3070473713704895        9.0686742504943810E-003
   1.3123824404866489        9.3995227858586251E-003
   1.3177392861375357        9.7352335410967571E-003
   1.3231179972099965        1.0075535755900004E-002
   1.3285186629536925        1.0420162241967065E-002
   1.3339413729825829        1.0768849468391357E-002
   1.3393862172764077        1.1121337641136207E-002
   1.3448532861821869        1.1477370776750073E-002
   1.3503426704157151        1.1836696770471484E-002
   1.3558544610630672        1.2199067458874405E-002
   1.3613887495821120        1.2564238677205269E-002
   1.3669456278040288        1.2931970311559328E-002
   1.3725251879348284        1.3302026346045845E-002
   1.3781275225568879        1.3674174905090816E-002
   1.3837527246304846        1.4048188291021274E-002
   1.3894008874953359        1.4423843017079017E-002
   1.3950721048721533        1.4800919836006557E-002
   1.4007664708641934        1.5179203764348330E-002
   1.4064840799588225        1.5558484102607940E-002
   1.4122250270290799        1.5938554451400858E-002
   1.4179894073352572        1.6319212723741143E-002
   1.4237773165264773        1.6700261153596702E-002
   1.4295888506422783        1.7081506300847985E-002
   1.4354241061142121        1.7462759052782172E-002
   1.4412831797674421        1.7843834622252325E-002
   1.4471661688223481        1.8224552542629918E-002
   1.4530731708961429        1.8604736659676477E-002
   1.4590042840044910        1.8984215120457525E-002
   1.4649596065631323        1.9362820359420965E-002
   1.4709392373895191        1.9740389081758368E-002
   1.4769432757044543        2.0116762244166253E-002
   1.4829718211337348        2.0491785033122226E-002
   1.4890249737098105        2.0865306840787433E-002
   1.4951028338734396        2.1237181238646007E-002
   1.5012055024753554        2.1607265948988090E-002
   1.5073330807779428        2.1975422814342387E-002
   1.5134856704569155        2.2341517764960211E-002
   1.5196633736030056        2.2705420784451837E-002
   1.5258662927236537        2.3067005873672150E-002
   1.5320945307447145        2.3426151012952746E-002
   1.5383481910121630        2.3782738122771600E-002
   1.5446273772938062        2.4136653022952412E-002
   1.5509321937810101        2.4487785390481485E-002
   1.5572627450904259        2.4836028716028011E-002
   1.5636191362657244        2.5181280259251690E-002
   1.5700014727793419        2.5523441002978490E-002
   1.5764098605342303        2.5862415606324456E-002
   1.5828444058656099        2.6198112356842794E-002
   1.5893052155427401        2.6530443121770542E-002
   1.5957923967706868        2.6859323298445311E-002
   1.6023060571921037        2.7184671763963171E-002
   1.6088463048890147        2.7506410824144657E-002
   1.6154132483846122        2.7824466161875540E-002
   1.6220069966450557        2.8138766784884944E-002
   1.6286276590812767        2.8449244973022314E-002
   1.6352753455508005        2.8755836225093201E-002
   1.6419501663595648        2.9058479205310711E-002
   1.6486522322637496        2.9357115689417186E-002
   1.6553816544716176        2.9651690510531039E-002
   1.6621385446453594        2.9942151504768838E-002
   1.6689230149029417        3.0228449456692241E-002
   1.6757351778199741        3.0510538044628145E-002
   1.6825751464315746        3.0788373785907010E-002
   1.6894430342342412        3.1061915982063301E-002
   1.6963389551877424        3.1331126664041573E-002
   1.7032630237170037        3.1595970537446602E-002
   1.7102153547140044        3.1856414927878281E-002
   1.7171960635396897        3.2112429726387372E-002
   1.7242052660258809        3.2363987335088190E-002
   1.7312430784771990        3.2611062612961650E-002
   1.7383096176729915        3.2853632821881779E-002
   1.7454050008692747        3.3091677572896105E-002
   1.7525293458006783        3.3325178772789954E-002
   1.7596827706823941        3.3554120570962014E-002
   1.7668653942121444        3.3778489306638487E-002
   1.7740773355721486        3.3998273456450817E-002
   1.7813187144310982        3.4213463582400946E-002
   1.7885896509461472        3.4424052280236983E-002
   1.7958902657649043        3.4630034128260823E-002
   1.8032206800274309        3.4831405636587549E-002
   1.8105810153682576        3.5028165196876127E-002
   1.8179713939183981        3.5220313032549209E-002
   1.8253919383073787        3.5407851149518846E-002
   1.8328427716652678        3.5590783287433383E-002
   1.8403240176247260        3.5769114871461415E-002
   1.8478358003230537        3.5942852964625231E-002
   1.8553782444042495        3.6112006220696838E-002
   1.8629514750210820        3.6276584837669101E-002
   1.8705556178371661        3.6436600511811412E-002
   1.8781907990290427        3.6592066392321002E-002
   1.8858571452882809        3.6742997036578587E-002
   1.8935547838235744        3.6889408366016403E-002
   1.9012838423628520        3.7031317622606294E-002
   1.9090444491554013        3.7168743325974668E-002
   1.9168367329739937        3.7301705231150006E-002
   1.9246608231170197        3.7430224286948061E-002
   1.9325168494106386        3.7554322594999745E-002
   1.9404049422109304        3.7674023369425116E-002
   1.9483252324060565        3.7789350897156668E-002
   1.9562778514184365        3.7900330498915190E-002
   1.9642629312069249        3.8006988490839132E-002
   1.9722806042690040        3.8109352146769734E-002
   1.9803310036429771        3.8207449661192862E-002
   1.9884142629101824        3.8301310112837196E-002
   1.9965305161972071        3.8390963428929482E-002
   2.0046798981781091        3.8476440350105723E-002
   2.0128625440766581        3.8557772395977186E-002
   2.0210785896685763        3.8634991831350621E-002
   2.0293281712837890        3.8708131633099427E-002
   2.0376114258086915        3.8777225457684319E-002
   2.0459284906884188        3.8842307609321142E-002
   2.0542795039291217        3.8903413008791500E-002
   2.0626646041002639        3.8960577162894167E-002
   2.0710839303369175        3.9013836134532971E-002
   2.0795376223420732        3.9063226513436695E-002
   2.0880258203889532        3.9108785387507769E-002
   2.0965486653233478        3.9150550314794141E-002
   2.1051062985659468        3.9188559296079964E-002
   2.1136988621146831        3.9222850748090017E-002
   2.1223264985470975        3.9253463477302269E-002
   2.1309893510226989        3.9280436654363413E-002
   2.1396875632853374        3.9303809789101161E-002
   2.1484212796655959        3.9323622706128020E-002
   2.1571906450831819        3.9339915521029528E-002
   2.1659958050493291        3.9352728617131613E-002
   2.1748369056692178        3.9362102622839942E-002
   2.1837140936443968        3.9368078389545112E-002
   2.1926275162752127        3.9370696970086702E-002
   2.2015773214632635        3.9369999597769545E-002
   2.2105636577138457        3.9366027665925160E-002
   2.2195866741384194        3.9358822708011255E-002
   2.2286465204570853        3.9348426378242582E-002
   2.2377433470010675        3.9334880432745557E-002
   2.2468773047152077        3.9318226711228657E-002
   2.2560485451604677        3.9298507119163613E-002
   2.2652572205164492        3.9275763610466738E-002
   2.2745034835839171        3.9250038170675836E-002
   2.2837874877873303        3.9221372800613247E-002
   2.2931093871773944        3.9189809500528763E-002
   2.3024693364336155        3.9155390254713915E-002
   2.3118674908668622        3.9118157016580848E-002
   2.3213040064219506        3.9078151694197781E-002
   2.3307790396802273        3.9035416136273288E-002
   2.3402927478621649        3.8989992118582666E-002
   2.3498452888299783        3.8941921330827474E-002
   2.3594368210902377        3.8891245363922008E-002
   2.3690675037965030        3.8838005697698533E-002
   2.3787374967519588        3.8782243689023325E-002
   2.3884469604120731        3.8724000560317051E-002
   2.3981960558872570        3.8663317388470925E-002
   2.4079849449455333        3.8600235094152072E-002
   2.4178137900152290        3.8534794431490126E-002
   2.4276827541876669        3.8467035978137984E-002
   2.4375920012198664        3.8397000125699049E-002
   2.4475416955372706        3.8324727070514326E-002
   2.4575320022364697        3.8250256804801347E-002
   2.4675630870879357        3.8173629108138582E-002
   2.4776351165387829        3.8094883539287229E-002
   2.4877482577155234        3.8014059428344613E-002
   2.4979026784268394        3.7931195869220800E-002
   2.5080985471663721        3.7846331712432735E-002
   2.5183360331155162        3.7759505558208069E-002
   2.5286153061462220        3.7670755749892842E-002
   2.5389365368238228        3.7580120367655082E-002
   2.5492998964098588        3.7487637222479067E-002
   2.5597055568649218        3.7393343850442462E-002
   2.5701536908515048        3.7297277507270715E-002
   2.5806444717368717        3.7199475163161494E-002
   2.5911780735959340        3.7099973497873862E-002
   2.6017546712141315        3.6998808896074778E-002
   2.6123744400903441        3.6896017442937343E-002
   2.6230375564397970        3.6791634919985029E-002
   2.6337441971969815        3.6685696801175095E-002
   2.6444945400185995        3.6578238249215578E-002
   2.6552887632865070        3.6469294112110355E-002
   2.6661270461106703        3.6358898919926032E-002
   2.6770095683321458        3.6247086881775012E-002
   2.6879365105260575        3.6133891883009459E-002
   2.6989080540045989        3.6019347482620555E-002
   2.7099243808200328        3.5903486910837043E-002
   2.7209856737677236        3.5786343066918788E-002
   2.7320921163891634        3.5667948517138892E-002
   2.7432438929750149        3.5548335492950389E-002
   2.7544411885681774        3.5427535889331292E-002
   2.7656841889668535        3.5305581263303784E-002
   2.7769730807276272        3.5182502832622399E-002
   2.7883080511685678        3.5058331474626066E-002
   2.7996892883723348        3.4933097725249884E-002
   2.8111169811892935        3.4806831778191369E-002
   2.8225913192406575        3.4679563484226739E-002
   2.8341124929216317        3.4551322350673118E-002
   2.8456806934045655        3.4422137540991653E-002
   2.8572961126421350        3.4292037874527552E-002
   2.8689589433705232        3.4161051826382995E-002
   2.8806693791126143        3.4029207527418122E-002
   2.8924276141812122        3.3896532764376520E-002
   2.9042338436822610        3.3763054980131248E-002
   2.9160882635180831        3.3628801274046827E-002
   2.9279910703906258        3.3493798402454214E-002
   2.9399424618047334        3.3358072779234374E-002
   2.9519426360714194        3.3221650476506825E-002
   2.9639917923111532        3.3084557225419975E-002
   2.9760901304571732        3.2946818417038892E-002
   2.9882378512587997        3.2808459103327886E-002
   3.0004351562847607        3.2669503998224207E-002
   3.0126822479265480        3.2529977478798995E-002
   3.0249793294017673        3.2389903586503177E-002
   3.0373266047575087        3.2249306028494337E-002
   3.0497242788737404        3.2108208179042100E-002
   3.0621725574667020        3.1966633081008194E-002
   3.0746716470923223        3.1824603447399034E-002
   3.0872217551496384        3.1682141662987648E-002
   3.0998230898842483        3.1539269786001446E-002
   3.1124758603917613        3.1396009549874468E-002
   3.1251802766212617        3.1252382365059908E-002
   3.1379365493788032        3.1108409320901215E-002
   3.1507448903309023        3.0964111187559085E-002
   3.1636055120080444        3.0819508417991276E-002
   3.1765186278082207        3.0674621149983441E-002
   3.1894844520004644        3.0529469208228563E-002
   3.2025031997284015        3.0384072106451693E-002
   3.2155750870138298        3.0238449049579230E-002
   3.2287003307602982        3.0092618935949347E-002
   3.2418791487567020        2.9946600359561745E-002
   3.2551117596809069        2.9800411612364856E-002
   3.2683983831033703        2.9654070686578115E-002
   3.2817392394907818        2.9507595277047674E-002
   3.2951345502097307        2.9361002783633121E-002
   3.3085845375303724        2.9214310313623634E-002
   3.3220894246301196        2.9067534684181877E-002
   3.3356494355973410        2.8920692424813488E-002
   3.3492647954350852        2.8773799779860491E-002
   3.3629357300648142        2.8626872711017166E-002
   3.3766624663301439        2.8479926899866611E-002
   3.3904452320006189        2.8332977750436167E-002
   3.4042842557754875        2.8186040391770480E-002
   3.4181797672874907        2.8039129680520802E-002
   3.4321319971066844        2.7892260203548236E-002
   3.4461411767442565        2.7745446280540608E-002
   3.4602075386563675        2.7598701966641000E-002
   3.4743313162480152        2.7452041055086439E-002
   3.4885127438769019        2.7305477079855846E-002
   3.5027520568573265        2.7159023318325863E-002
   3.5170494914640815        2.7012692793933125E-002
   3.5314052849363842        2.6866498278842209E-002
   3.5458196754818094        2.6720452296617573E-002
   3.5602929022802345        2.6574567124899005E-002
   3.5748252054878202        2.6428854798078792E-002
   3.5894168262409902        2.6283327109980478E-002
   3.6040680066604258        2.6137995616537152E-002
   3.6187789898550959        2.5992871638469167E-002
   3.6335500199262847        2.5847966263959951E-002
   3.6483813419716364        2.5703290351329077E-002
   3.6632732020892336        2.5558854531701626E-002
   3.6782258473816740        2.5414669211673228E-002
   3.6932395259601685        2.5270744575969867E-002
   3.7083144869486642        2.5127090590101337E-002
   3.7234509804879772        2.4983717003008318E-002
   3.7386492577399353        2.4840633349701473E-002
   3.7539095708915569        2.4697848953892813E-002
   3.7692321731592284        2.4555372930617603E-002
   3.7846173187929102        2.4413214188847163E-002
   3.8000652630803460        2.4271381434091223E-002
   3.8155762623513128        2.4129883170989685E-002
   3.8311505739818670        2.3988727705892783E-002
   3.8467884563986092        2.3847923149429833E-002
   3.8624901690829847        2.3707477419064857E-002
   3.8782559725755825        2.3567398241639850E-002
   3.8940861284804527        2.3427693155904556E-002
   3.9099808994694594        2.3288369515032062E-002
   3.9259405492866346        2.3149434489120338E-002
   3.9419653427525452        2.3010895067679140E-002
   3.9580555457687030        2.2872758062101418E-002
   3.9742114253219660        2.2735030108119593E-002
   3.9904332494889743        2.2597717668245712E-002
   4.0067212874405893        2.2460827034195420E-002
   4.0230758094463717        2.2324364329295521E-002
   4.0394970868790629        2.2188335510874485E-002
   4.0559853922190783        2.2052746372636028E-002
   4.0725409990590427        2.1917602547014921E-002
   4.0891641821083224        2.1782909507515612E-002
   4.1058552171975808        2.1648672571032337E-002
   4.1226143812833644        2.1514896900151563E-002
   4.1394419524526915        2.1381587505435659E-002
   4.1563382099276636        2.1248749247688378E-002
   4.1733034340701094        2.1116386840201146E-002
   4.1903379063862296        2.0984504850980638E-002
   4.2074419095312638        2.0853107704957356E-002
   4.2246157273141920        2.0722199686174607E-002
   4.2418596447024361        2.0591784939958405E-002
   4.2591739478265858        2.0461867475067595E-002
   4.2765589239851547        2.0332451165824609E-002
   4.2940148616493437        2.0203539754226181E-002
   4.3115420504678283        2.0075136852034450E-002
   4.3291407812715565        1.9947245942848107E-002
   4.3468113460785895        1.9819870384153403E-002
   4.3645540380989400        1.9693013409355260E-002
   4.3823691517394279        1.9566678129788326E-002
   4.4002569826085844        1.9440867536707589E-002
   4.4182178275215458        1.9315584503259195E-002
   4.4362519845049730        1.9190831786430700E-002
   4.4543597528020111        1.9066612028981383E-002
   4.4725414328772475        1.8942927761352098E-002
   4.4907973264216903        1.8819781403555030E-002
   4.5091277363577875        1.8697175267043096E-002
   4.5275329668444471        1.8575111556559214E-002
   4.5460133232820850        1.8453592371965276E-002
   4.5645691123176864        1.8332619710051144E-002
   4.5832006418499045        1.8212195466323109E-002
   4.6019082210341660        1.8092321436772647E-002
   4.6206921602877928        1.7972999319624899E-002
   4.6395527712951647        1.7854230717067071E-002
   4.6584903670128890        1.7736017136957057E-002
   4.6775052616749795        1.7618359994512073E-002
   4.6965977707980926        1.7501260613977401E-002
   4.7157682111867478        1.7384720230275388E-002
   4.7350169009385850        1.7268739990634868E-002
   4.7543441594496505        1.7153320956200809E-002
   4.7737503074196939        1.7038464103624574E-002
   4.7932356668574805        1.6924170326634624E-002
   4.8128005610861475        1.6810440437587972E-002
   4.8324453147485658        1.6697275169002334E-002
   4.8521702538127149        1.6584675175069133E-002
   4.8719757055771122        1.6472641033147523E-002
   4.8918619986762248        1.6361173245239342E-002
   4.9118294630859394        1.6250272239445376E-002
   4.9318784301290162        1.6139938371402825E-002
   4.9520092324806102        1.6030171925704141E-002
   4.9722222041737796        1.5920973117297517E-002
   4.9925176806050207        1.5812342092868879E-002
   5.0128959985398502        1.5704278932205631E-002
   5.0333574961183860        1.5596783649542414E-002
   5.0539025128609465        1.5489856194888794E-002
   5.0745313896737043        1.5383496455339070E-002
   5.0952444688543324        1.5277704256364402E-002
   5.1160420940976774        1.5172479363087401E-002
   5.1369246105014765        1.5067821481539088E-002
   5.1578923645720769        1.4963730259898706E-002
   5.1789457042301867        1.4860205289716379E-002
   5.2000849788166388        1.4757246107118479E-002
   5.2213105390982024        1.4654852193996409E-002
   5.2426227372734004        1.4553022979178334E-002
   5.2640219269783390        1.4451757839584680E-002
   5.2855084632925946        1.4351056101366617E-002
   5.3070827027450962        1.4250917041028804E-002
   5.3287450033200381        1.4151339886535540E-002
   5.3504957244628288        1.4052323818401043E-002
   5.3723352270860527        1.3953867970763853E-002
   5.3942638735754480        1.3855971432445506E-002
   5.4162820277959387        1.3758633247993484E-002
   5.4383900550976607        1.3661852418708991E-002
   5.4605883223220175        1.3565627903659117E-002
   5.4828771978077846        1.3469958620674183E-002
   5.5052570513972130        1.3374843447329809E-002
   5.5277282544421542        1.3280281221914388E-002
   5.5502911798102446        1.3186270744381716E-002
   5.5729462018910780        1.3092810777289115E-002
   5.5956936966024218        1.2999900046721231E-002
   5.6185340413964466        1.2907537243199544E-002
   5.6414676152660075        1.2815721022577733E-002
   5.6644947987509173        1.2724450006923259E-002
   5.6876159739442613        1.2633722785385000E-002
   5.7108315244987482        1.2543537915047366E-002
   5.7341418356330687        1.2453893921770832E-002
   5.7575472941382806        1.2364789301019230E-002
   5.7810482883842447        1.2276222518673795E-002
   5.8046452083260549        1.2188192011834059E-002
   5.8283384455105089        1.2100696189606141E-002
   5.8521283930826149        1.2013733433877965E-002
   5.8760154457921070        1.1927302100082108E-002
