  0.10000000000000001       0.22886856878973222     
  0.10040817718110437       0.24546303471587710     
  0.10081802044832047       0.26762454420858073     
  0.10122953660223166       0.29370202685389379     
  0.10164273247117964       0.32182711637823674     
  0.10205761491137796       0.35004341611600881     
  0.10247419080702558       0.37643632773292113     
  0.10289246707042120       0.39925497589222597     
  0.10331245064207799       0.41701874300282415     
  0.10373414849083867       0.42860233341891835     
  0.10415756761399117       0.43329499458776694     
  0.10458271503738485       0.43083140248486740     
  0.10500959781554686       0.42139363815648911     
  0.10543822303179938       0.40558551693253247     
  0.10586859779837712       0.38438217251794382     
  0.10630072925654524       0.35905915605213962     
  0.10673462457671801       0.33110632120928091     
  0.10717029095857759       0.30213239283296983     
  0.10760773563119364       0.27376634735708882     
  0.10804696585314330       0.24756158225948130     
  0.10848798891263144       0.22490835495691058     
  0.10893081212761184       0.20695918279078604     
  0.10937544284590843       0.19457088219997576     
  0.10982188844533726       0.18826576203518874     
  0.11027015633382903       0.18821325138226211     
  0.11072025394955184       0.19423201245985516     
  0.11117218876103470       0.20581143417048670     
  0.11162596826729153       0.22215038200913592     
  0.11208159999794542       0.24221024319125942     
  0.11253909151335369       0.26477868591334208     
  0.11299845040473337       0.28854016767940449     
  0.11345968429428700       0.31214908409078379     
  0.11392280083532935       0.33430153726562828     
  0.11438780771241415       0.35380200104061532     
  0.11485471264146174       0.36962163744459342     
  0.11532352336988719       0.38094563749183225     
  0.11579424767672861       0.38720767640617682     
  0.11626689337277650       0.38811034434003328     
  0.11674146830070313       0.38363119451260219     
  0.11721798033519278       0.37401480038843504     
  0.11769643738307244       0.35975189579320938     
  0.11817684738344295       0.34154725675727104     
  0.11865921830781066       0.32027844873539441     
  0.11914355816021997       0.29694789286863377     
  0.11962987497738581       0.27263089326184314     
  0.12011817682882717       0.24842231458609929     
  0.12060847181700105       0.22538451334104764     
  0.12110076807743671       0.20449892044372703     
  0.12159507377887094       0.18662336583840700     
  0.12209139712338332       0.17245684940595768     
  0.12258974634653247       0.16251302055998440     
  0.12309012971749274       0.15710315629346935     
  0.12359255553919130       0.15632894834996455     
  0.12409703214844603       0.16008494731268180     
  0.12460356791610375       0.16807008488493139     
  0.12511217124717913       0.17980732237337468     
  0.12562285058099434       0.19467016651814537     
  0.12613561439131882       0.21191456242924697     
  0.12665047118650996       0.23071452245638197     
  0.12716742950965446       0.25019978031504103     
  0.12768649793870987       0.26949376899146565     
  0.12820768508664696       0.28775030286895931     
  0.12873099960159279       0.30418749045411775     
  0.12925645016697404       0.31811760322732879     
  0.12978404550166117       0.32897186623950198     
  0.13031379436011306       0.33631940407165317     
  0.13084570553252231       0.33987985844656693     
  0.13137978784496107       0.33952947832599539     
  0.13191605015952751       0.33530075785941549     
  0.13245450137449291       0.32737595153181503     
  0.13299515042444918       0.31607502041976437     
  0.13353800628045717       0.30183875163492396     
  0.13408307795019572       0.28520793986220833     
  0.13463037447811083       0.26679962248854627     
  0.13517990494556581       0.24728141726510122     
  0.13573167847099218       0.22734502471063106     
  0.13628570421004074       0.20767992917054592     
  0.13684199135573349       0.18894826663863548     
  0.13740054913861643       0.17176172930869754     
  0.13796138682691236       0.15666125237343889     
  0.13852451372667493       0.14410008438394925     
  0.13908993918194296       0.13443068531773003     
  0.13965767257489561       0.12789573312584437     
  0.14022772332600780       0.12462335639390124     
  0.14080010089420669       0.12462655379740448     
  0.14137481477702879       0.12780661550784872     
  0.14195187451077720       0.13396023203227847     
  0.14253128967068007       0.14278986564674948     
  0.14311306987104958       0.15391687114406843     
  0.14369722476544117       0.16689678761066501     
  0.14428376404681392       0.18123618197697092     
  0.14487269744769149       0.19641040785907662     
  0.14546403474032335       0.21188164862945558     
  0.14605778573684705       0.22711663992584402     
  0.14665396028945119       0.24160351155794804     
  0.14725256829053859       0.25486724918455872     
  0.14785361967289068       0.26648334908228810     
  0.14845712440983222       0.27608932150747972     
  0.14906309251539690       0.28339378621168987     
  0.14967153404449324       0.28818299432284283     
  0.15028245909307170       0.29032470093448137     
  0.15089587779829214       0.28976939950100966     
  0.15151180033869191       0.28654900999614569     
  0.15213023693435482       0.28077318562029357     
  0.15275119784708088       0.27262346592841236     
  0.15337469338055626       0.26234555632367274     
  0.15400073388052446       0.25024005409934497     
  0.15462932973495802       0.23665196922111323     
  0.15526049137423079       0.22195940384246701     
  0.15589422927129087       0.20656175852876521     
  0.15653055394183482       0.19086782605242059     
  0.15716947594448166       0.17528411641346611     
  0.15781100588094832       0.16020373066222571     
  0.15845515439622559       0.14599606754887046     
  0.15910193217875471       0.13299760750477552     
  0.15975134996060453       0.12150397453751521     
  0.16040341851764989       0.11176342986544179     
  0.16105814866975027       0.10397190305905984     
  0.16171555128092935        9.8269618542556794E-002
  0.16237563725955523        9.4739328870461298E-002
  0.16303841755852153        9.3406122416318987E-002
  0.16370390317542910        9.4238733010075446E-002
  0.16437210515276834        9.7152243473999519E-002
  0.16504303457810285       0.10201204457884813     
  0.16571670258425286       0.10863888612561103     
  0.16639312034948034       0.11681483791839015     
  0.16707229909767446       0.12628996541546911     
  0.16775425009853762       0.13678951774669951     
  0.16843898466777257       0.14802142433317314     
  0.16912651416727026       0.15968390017630563     
  0.16981685000529834       0.17147296852314498     
  0.17051000363669019       0.18308972250045480     
  0.17120598656303537       0.19424716381267712     
  0.17190481033287031       0.20467647604567304     
  0.17260648654186983       0.21413261181328647     
  0.17331102683303970       0.22239909622944792     
  0.17401844289690985       0.22929197330148571     
  0.17472874647172817       0.23466284616968466     
  0.17544194934365545       0.23840098605803034     
  0.17615806334696094       0.24043450780234765     
  0.17687710036421864       0.24073063140187034     
  0.17759907232650440       0.23929506878715126     
  0.17832399121359424       0.23617059257646816     
  0.17905186905416270       0.23143485874755071     
  0.17978271792598266       0.22519756770178501     
  0.18051654995612570       0.21759705804042584     
  0.18125337732116351       0.20879643447358212     
  0.18199321224736950       0.19897933567669054     
  0.18273606701092207       0.18834544968897071     
  0.18348195393810826       0.17710588375987235     
  0.18423088540552804       0.16547849258322817     
  0.18498287384029991       0.15368326384187653     
  0.18573793172026712       0.14193785317316418     
  0.18649607157420448       0.13045335233329747     
  0.18725730598202642       0.11943036477343585     
  0.18802164757499584       0.10905545233482358     
  0.18878910903593346        9.9498005613846474E-002
  0.18955970309942835        9.0907579022109858E-002
  0.19033344255204943        8.3411719938715725E-002
  0.19111034023255730        7.7114309870675662E-002
  0.19189040903211749        7.2094424429063914E-002
  0.19267366189451438        6.8405708394048997E-002
  0.19346011181636599        6.6076252354609941E-002
  0.19424977184733941        6.5108948512930365E-002
  0.19504265509036750        6.5482295354117204E-002
  0.19583877470186650        6.7151614084391756E-002
  0.19663814389195391        7.0050634091979827E-002
  0.19744077592466802        7.4093400213812749E-002
  0.19824668411818794        7.9176451301346762E-002
  0.19905588184505443        8.5181217450009658E-002
  0.19986838253239200        9.1976582247682750E-002
  0.20068419966213161        9.9421556447969281E-002
  0.20150334677123438       0.10736801050792139     
  0.20232583745191612       0.11566341535827973     
  0.20315168535187320       0.12415354349804524     
  0.20398090417450848       0.13268508591756970     
  0.20481350767915915       0.14110814434420108     
  0.20564950968132489       0.14927856275821155     
  0.20648892405289709       0.15706006693099264     
  0.20733176472238896       0.16432618578143490     
  0.20817804567516671       0.17096193352305217     
  0.20902778095368180       0.17686523678296703     
  0.20988098465770355       0.18194809602061371     
  0.21073767094455342       0.18613747557362711     
  0.21159785402933992       0.18937592143465481     
  0.21246154818519422       0.19162191034970721     
  0.21332876774350720       0.19284993796982228     
  0.21419952709416737       0.19305035753778890     
  0.21507384068579924       0.19222898391487314     
  0.21595172302600341       0.19040648062374077     
  0.21683318868159726       0.18761754998729080     
  0.21771825227885655       0.18390994837246916     
  0.21860692850375804       0.17934335000521290     
  0.21949923210222347       0.17398808381724590     
  0.22039517788036408       0.16792376833405787     
  0.22129478070472614       0.16123786973881363     
  0.22219805550253774       0.15402420797692670     
  0.22310501726195672       0.14638143513282245     
  0.22401568103231900       0.13841150934944213     
  0.22493006192438844       0.13021818631037130     
  0.22584817511060773       0.12190554880380956     
  0.22677003582534988       0.11357659317750526     
  0.22769565936517111       0.10533188961504227     
  0.22862506108906488        9.7268331156689133E-002
  0.22955825641871638        8.9477984291556636E-002
  0.23049526083875860        8.2047051799508386E-002
  0.23143608989702943        7.5054956356581978E-002
  0.23238075920482931        6.8573551269430683E-002
  0.23332928443718048        6.2666462602705766E-002
  0.23428168133308711        5.7388564935439410E-002
  0.23523796569579644        5.2785591052308220E-002
  0.23619815339306083        4.8893874063812078E-002
  0.23716226035740115        4.5740218773245342E-002
  0.23813030258637141        4.3341897581878362E-002
  0.23910229614282377        4.1706764857826033E-002
  0.24007825715517533        4.0833482496286690E-002
  0.24105820181767584        4.0711848373918294E-002
  0.24204214639067612        4.1323218549887672E-002
  0.24303010720089804        4.2641013389927609E-002
  0.24402210064170560        4.4631297284438466E-002
  0.24501814317337661        4.7253421292015610E-002
  0.24601825132337590        5.0460717858764215E-002
  0.24702244168662996        5.4201236732519996E-002
  0.24803073092580163        5.8418511299658790E-002
  0.24904313577156709        6.3052344809242197E-002
  0.25005967302289334        6.8039606302824907E-002
  0.25108035954731700        7.3315026525562446E-002
  0.25210521228122396        7.8811984642313260E-002
  0.25313424823013059        8.4463277207831269E-002
  0.25416748446896609        9.0201861529721275E-002
  0.25520493814235545        9.5961566303390061E-002
  0.25624662646490398       0.10167776317714555     
  0.25729256672148348       0.10728799371046471     
  0.25834277626751834       0.11273254700773101     
  0.25939727252927380       0.11795498413246279     
  0.26045607300414547       0.12290260622298586     
  0.26151919526094891       0.12752686403045069     
  0.26258665694021183       0.13178370737562942     
  0.26365847575446660       0.13563387376453301     
  0.26473466948854396       0.13904311610823034     
  0.26581525599986822       0.14198237015358775     
  0.26690025321875377       0.14442786284459866     
  0.26798967914870253       0.14636116339468999     
  0.26908355186670235       0.14776917935630887     
  0.27018188952352734       0.14864410042309373     
  0.27128471034403900       0.14898329309113736     
  0.27239203262748851       0.14878914963873968     
  0.27350387474782023       0.14806889515910360     
  0.27462025515397709       0.14683435659857777     
  0.27574119237020622       0.14510169791592270     
  0.27686670499636645       0.14289112558766703     
  0.27799681170823720       0.14022656874354464     
  0.27913153125782791       0.13713533822707780     
  0.28027088247368953       0.13364776884283239     
  0.28141488426122702       0.12979684897717361     
  0.28256355560301261       0.12561784166713946     
  0.28371691555910122       0.12114790104606984     
  0.28487498326734656       0.11642568791879714     
  0.28603777794371876       0.11149098801732749     
  0.28720531888262307       0.10638433626395596     
  0.28837762545721990       0.10114665012642564     
  0.28955471711974690        9.5818874892809630E-002
  0.29073661340184104        9.0441643425810847E-002
  0.29192333391486291        8.5054952680627377E-002
  0.29311489835022253        7.9697858990601556E-002
  0.29431132647970543        7.4408193843675641E-002
  0.29551263815580109        6.9222301592990004E-002
  0.29671885331203263        6.4174800269410831E-002
  0.29792999196328690        5.9298366394782795E-002
  0.29914607420614708        5.4623544434223008E-002
  0.30036712021922612        5.0178581275921383E-002
  0.30159315026350136        4.5989285889117520E-002
  0.30282418468265071        4.2078914086654692E-002
  0.30406024390339059        3.8468078108968705E-002
  0.30530134843581452        3.5174680552364120E-002
  0.30654751887373349        3.2213871986794797E-002
  0.30779877589501764        2.9598031447479953E-002
  0.30905514026193970        2.7336768840939385E-002
  0.31031663282151906        2.5436948179498379E-002
  0.31158327450586787        2.3902730448929644E-002
  0.31285508633253861        2.2735634821493461E-002
  0.31413208940487242        2.1934616850818701E-002
  0.31541430491234945        2.1496162225387652E-002
  0.31670175413094059        2.1414394613236690E-002
  0.31799445842346041        2.1681196101204697E-002
  0.31929243923992134        2.2286338716836079E-002
  0.32059571811789023        2.3217625519098086E-002
  0.32190431668284508        2.4461039754459239E-002
  0.32321825664853443        2.6000900596689233E-002
  0.32453755981733712        2.7820024021008805E-002
  0.32586224808062436        2.9899887404954521E-002
  0.32719234341912323        3.2220796498529346E-002
  0.32852786790328065        3.4762053463907962E-002
  0.32986884369363056        3.7502124749161168E-002
  0.33121529304116082        4.0418807630177751E-002
  0.33256723828768275        4.3489394329303870E-002
  0.33392470186620210        4.6690832697218083E-002
  0.33528770630129073        4.9999882525380575E-002
  0.33665627420946076        5.3393266639215599E-002
  0.33803042829953994        5.6847816006185527E-002
  0.33941019137304806        6.0340608177381932E-002
  0.34079558632457546        6.3849098465522114E-002
  0.34218663614216327        6.7351243345613904E-002
  0.34358336390768413        7.0825615646521026E-002
  0.34498579279722608        7.4251511181664370E-002
  0.34639394608147639        7.7609046544648494E-002
  0.34780784712610791        8.0879247870346241E-002
  0.34922751939216706        8.4044130433479317E-002
  0.35065298643646264        8.7086769024734528E-002
  0.35208427191195729        8.9991359108673424E-002
  0.35352139956815942        9.2743268827919265E-002
  0.35496439325151735        9.5329081974171850E-002
  0.35641327690581565        9.7736632098384471E-002
  0.35786807457257153        9.9955027979874267E-002
  0.35932881039143427       0.10197467071714278     
  0.36079550860058590       0.10378726274182651     
  0.36226819353714296       0.10538580909138412     
  0.36374688963756052       0.10676461130609369     
  0.36523162143803800       0.10791925434155522     
  0.36672241357492547       0.10884658690944975     
  0.36821929078513355       0.10954469567686739     
  0.36972227790654283       0.11001287376818486     
  0.37123139987841652       0.11025158402350195     
  0.37274668174181458       0.11026241747417562     
  0.37426814864000829       0.11004804749918086     
  0.37579582581889864       0.10961218012615376     
  0.37732973862743413       0.10895950093817859     
  0.37886991251803198       0.10809561904190676     
  0.38041637304700071       0.10702700854467131     
  0.38196914587496344       0.10576094797806951     
  0.38352825676728425       0.10430545809326984     
  0.38509373159449567       0.10266923843928137     
  0.38666559633272773       0.10086160311977022     
  0.38824387706413899        9.8892416106981920E-002
  0.38982859997734975        9.6772026473104289E-002
  0.39141979136787586        9.4511203880147054E-002
  0.39301747763856587        9.2121074649385848E-002
  0.39462168530003849        8.9613058710710222E-002
  0.39623244097112265        8.6998807711062734E-002
  0.39784977137929967        8.4290144539684017E-002
  0.39947370336114574        8.1499004506256120E-002
  0.40110426386277853        7.8637378386380463E-002
  0.40274147994030307        7.5717257527313550E-002
  0.40438537876026137        7.2750581185561214E-002
  0.40603598760008325        6.9749186247002964E-002
  0.40769333384853856        6.6724759459680066E-002
  0.40935744500619187        6.3688792289426616E-002
  0.41102834868585908        6.0652538489136147E-002
  0.41270607261306486        5.7626974453800016E-002
  0.41439064462650332        5.4622762415488482E-002
  0.41608209267850005        5.1650216515339770E-002
  0.41778044483547516        4.8719271773302757E-002
  0.41948572927840988        4.5839455960973351E-002
  0.42119797430331363        4.3019864368351146E-002
  0.42291720832169355        4.0269137441746920E-002
  0.42464345986102636        3.7595441257435275E-002
  0.42637675756523108        3.5006450783936383E-002
  0.42811713019514508        3.2509335875054966E-002
  0.42986460662900056        3.0110749926005959E-002
  0.43161921586290408        2.7816821116052971E-002
  0.43338098701131811        2.5633146153151303E-002
  0.43514994930754325        2.3564786429010307E-002
  0.43692613210420378        2.1616266486811971E-002
  0.43870956487373508        1.9791574698501350E-002
  0.44050027720887197        1.8094166044045901E-002
  0.44229829882313998        1.6526966881363327E-002
  0.44410365955134889        1.5092381592654101E-002
  0.44591638935008682        1.3792300990657530E-002
  0.44773651829821842        1.2628112366804502E-002
  0.44956407659738296        1.1600711062360217E-002
  0.45139909457249600        1.0710513443368609E-002
  0.45324160267225266        9.9574711605158669E-003
  0.45509163146963244        9.3410865758633138E-003
  0.45694921166240710        8.8604292397210811E-003
  0.45881437407364939        8.5141533027362267E-003
  0.46068714965224478        8.3005157504507862E-003
  0.46256756947340538        8.2173953501864985E-003
  0.46445566473918498        8.2623122030256596E-003
  0.46635146677899686        8.4324477968884572E-003
  0.46825500705013429        8.7246654602158996E-003
  0.47016631713829160        9.1355311194887146E-003
  0.47208542875808879        9.6613342677655655E-003
  0.47401237375359806        1.0298109055521424E-002
  0.47594718409887132        1.1041655419326599E-002
  0.47788989189847175        1.1887560168258145E-002
  0.47984052938800570        1.2831217952395812E-002
  0.48179912893465782        1.3867852042238536E-002
  0.48376572303772875        1.4992534852439246E-002
  0.48574034432917323        1.6200208147783092E-002
  0.48772302557414277        1.7485702873891316E-002
  0.48971379967152823        1.8843758559628904E-002
  0.49171269965450648        2.0269042242665253E-002
  0.49371975869108847        2.1756166874029672E-002
  0.49573501008466908        2.3299709161821589E-002
  0.49775848727458005        2.4894226818455798E-002
  0.49979022383664523        2.6534275179951494E-002
  0.50183025348373689        2.8214423169757977E-002
  0.50387861006633561        2.9929268583500465E-002
  0.50593532757309234        3.1673452674758809E-002
  0.50800044013139123        3.3441674025591658E-002
  0.51007398200791731        3.5228701688971395E-002
  0.51215598760922409        3.7029387593582992E-002
  0.51424649148230461        3.8838678204587557E-002
  0.51634552831516523        4.0651625436925527E-002
  0.51845313293740036        4.2463396820550489E-002
  0.52056934032077162        4.4269284919639343E-002
  0.52269418557978653        4.6064716010316573E-002
  0.52482770397228251        4.7845258023756387E-002
  0.52696993090001132        4.9606627763684505E-002
  0.52912090190922667        5.1344697409320170E-002
  0.53128065269127367        5.3055500316627167E-002
  0.53344921908318188        5.4735236132451424E-002
  0.53562663706825886        5.6380275237648082E-002
  0.53781294277668812        5.7987162536695572E-002
  0.54000817248612853        5.9552620612545591E-002
  0.54221236262231554        6.1073552266555739E-002
  0.54442554975966673        6.2547042464325631E-002
  0.54664777062188774        6.3970359709103364E-002
  0.54887906208258186        6.5340956865129446E-002
  0.55111946116586275        6.6656471453906019E-002
  0.55336900504696696        6.7914725446824170E-002
  0.55562773105287300        6.9113724577991933E-002
  0.55789567666291884        7.0251657201341827E-002
  0.56017287950942463        7.1326892716284993E-002
  0.56245937737831742        7.2337979586256165E-002
  0.56475520820975744        7.3283642974462451E-002
  0.56706041009876806        7.4162782021098522E-002
  0.56937502129586803        7.4974466786080218E-002
  0.57169908020770599        7.5717934881144242E-002
  0.57403262539769728        7.6392587814843094E-002
  0.57637569558666502        7.6997987073610302E-002
  0.57872832965348131        7.7533849961647916E-002
  0.58109056663571335        7.8000045221928604E-002
  0.58346244573027040        7.8396588460088651E-002
  0.58584400629405475        7.8723637392435042E-002
  0.58823528784461476        7.8981486938708240E-002
  0.59063633006079996        7.9170564179614711E-002
  0.59304717278342045        7.9291423198502436E-002
  0.59546785601590702        7.9344739825875657E-002
  0.59789841992497528        7.9331306304761151E-002
  0.60033890484129260        7.9252025894225142E-002
  0.60278935126014666        7.9107907427626356E-002
  0.60524979984211758        7.8900059841452638E-002
  0.60772029141375294        7.8629686689864337E-002
  0.61020086696824494        7.8298080659314456E-002
  0.61269156766611022        7.7906618096888688E-002
  0.61519243483587394        7.7456753565254721E-002
  0.61770350997475421        7.6950014436387562E-002
  0.62022483474935197        7.6387995535500020E-002
  0.62275645099634114        7.5772353845884696E-002
  0.62529840072316345        7.5104803284670826E-002
  0.62785072610872605        7.4387109558785872E-002
  0.63041346950409982        7.3621085109735515E-002
  0.63298667343322390        7.2808584155131459E-002
  0.63557038059361004        7.1951497834250699E-002
  0.63816463385705124        7.1051749464254590E-002
  0.64076947627033398        7.0111289913083671E-002
  0.64338495105595150        6.9132093094431288E-002
  0.64601110161282127        6.8116151589618187E-002
  0.64864797151700582        6.7065472400616541E-002
  0.65129560452243462        6.5982072837934905E-002
  0.65395404456163087        6.4867976546539571E-002
  0.65662333574644061        6.3725209672491415E-002
  0.65930352236876377        6.2555797172488811E-002
  0.66199464890129045        6.1361759268046427E-002
  0.66469675999823752        6.0145108045599624E-002
  0.66740990049609028        5.8907844203400818E-002
  0.67013411541434675        5.7651953945683045E-002
  0.67286944995626363        5.6379406024180546E-002
  0.67561594950960757        5.5092148926745091E-002
  0.67837365964740748        5.3792108212461269E-002
  0.68114262612871068        5.2481183992344790E-002
  0.68392289489934310        5.1161248554416852E-002
  0.68671451209267076        4.9834144131671150E-002
  0.68951752403036504        4.8501680811192077E-002
  0.69233197722317286        4.7165634582445194E-002
  0.69515791837168661        4.5827745522545899E-002
  0.69799539436711988        4.4489716116106123E-002
  0.70084445229208592        4.3153209707073592E-002
  0.70370513942137802        4.1819849079818693E-002
  0.70657750322275481        4.0491215166564405E-002
  0.70946159135772713        3.9168845878120293E-002
  0.71235745168234910        3.7854235054766587E-002
  0.71526513224801314        3.6548831534021067E-002
  0.71818468130224533        3.5254038331933454E-002
  0.72111614728950835        3.3971211934470349E-002
  0.72405957885200312        3.2701661695489367E-002
  0.72701502483047720        3.1446649337745616E-002
  0.72998253426503557        3.0207388553327687E-002
  0.73296215639595286        2.8985044699897475E-002
  0.73595394066449149        2.7780734589072612E-002
  0.73895793671372234        2.6595526363292158E-002
  0.74197419438934753        2.5430439457492179E-002
  0.74500276374052765        2.4286444641933587E-002
  0.74804369502071344        2.3164464142527933E-002
  0.75109703868847777        2.2065371835041408E-002
  0.75416284540835488        2.0989993509569885E-002
  0.75724116605167924        1.9939107201731886E-002
  0.76033205169743068        1.8913443587050018E-002
  0.76343555363308235        1.7913686435050660E-002
  0.76655172335545019        1.6940473119659329E-002
  0.76968061257154952        1.5994395182524646E-002
  0.77282227319945096        1.5075998945970040E-002
  0.77597675736914307        1.4185786172331967E-002
  0.77914411742339751        1.3324214766515793E-002
  0.78232440591863694        1.2491699518672872E-002
  0.78551767562580699        1.1688612883973777E-002
  0.78872397953125306        1.0915285796532065E-002
  0.79194337083759792        1.0172008514612921E-002
  0.79517590296462559        9.4590314943407347E-003
  0.79842162955016782        8.7765662892025000E-003
  0.80168060445099321        8.1247864727272967E-003
  0.80495288174370172        7.5038285818093357E-003
  0.80823851572562166        6.9137930782239704E-003
  0.81153756091571005        6.3547453259750562E-003
  0.81485007205545901        5.8267165821956927E-003
  0.81817610410980179        5.3297049994134567E-003
  0.82151571226802678        4.8636766370755034E-003
  0.82486895194469190        4.4285664803129865E-003
  0.82823587878054472        4.0242794640140750E-003
  0.83161654864344625        3.6506915003547461E-003
  0.83501101762929653        3.3076505080226535E-003
  0.83841934206296653        2.9949774414514629E-003
  0.84184157849923302        2.7124673184640534E-003
  0.84527778372371576        2.4598902448052292E-003
  0.84872801475382054        2.2369924341199073E-003
  0.85219232883968588        2.0434972220160766E-003
  0.85567078346513115        1.8791060729217342E-003
  0.85916343634861292        1.7434995785238978E-003
  0.86267034544418009        1.6363384466498607E-003
  0.86619156894243732        1.5572644795196322E-003
  0.86972716527151039        1.5059015403727310E-003
  0.87327719309801433        1.4818565075343446E-003
  0.87684171132802924        1.4847202150567805E-003
  0.88042077910807537        1.5140683791337642E-003
  0.88401445582609561        1.5694625095457140E-003
  0.88762280111244185        1.6504508054588339E-003
  0.89124587484086226        1.7565690349531113E-003
  0.89488373712949654        1.8873413977163877E-003
  0.89853644834187318        2.0422813703914553E-003
  0.90220406908791040        2.2208925341183085E-003
  0.90588666022492215        2.4226693838628175E-003
  0.90958428285862880        2.6470981191726640E-003
  0.91329699834416944        2.8936574160460336E-003
  0.91702486828712149        3.1618191796464077E-003
  0.92076795454452198        3.4510492776363331E-003
  0.92452631922589401        3.7608082539464420E-003
  0.92830002469427830        4.0905520228342873E-003
  0.93208913356726641        4.4397325431243979E-003
  0.93589370871804145        4.8077984725580945E-003
  0.93971381327641990        5.1941958022138973E-003
  0.94354951062989978        5.5983684709915585E-003
  0.94740086442471305        6.0197589601860262E-003
  0.95126793856688030        6.4578088682015452E-003
  0.95515079722327212        6.9119594654882327E-003
  0.95904950482267404        7.3816522298065634E-003
  0.96296412605685466        7.8663293619493611E-003
  0.96689472588163972        8.3654342820748025E-003
  0.97084136951799027        8.8784121068255228E-003
  0.97480412245308368        9.4047101074250031E-003
  0.97878305044140190        9.9437781489678679E-003
  0.98277821950582100        1.0495069111131189E-002
  0.98678969593870736        1.1058039290552334E-002
  0.99081754630301844        1.1632148785137837E-002
  0.99486183743340539        1.2216861860571563E-002
  0.99892263643732426        1.2811647299314487E-002
   1.0030000106961476        1.3415978732389859E-002
   1.0070940278662834        1.4029334954264155E-002
   1.0112047558802988        1.4651200221140916E-002
   1.0153322629480441        1.5281064532992404E-002
   1.0194766175577885        1.5918423899662564E-002
   1.0236378884773538        1.6562780591381668E-002
   1.0278161447552574        1.7213643374035567E-002
   1.0320114557218547        1.7870527729542080E-002
   1.0362238909904942        1.8532956061685864E-002
   1.0404535204586696        1.9200457887770334E-002
   1.0447004143091787        1.9872570016446187E-002
   1.0489646430112913        2.0548836712076281E-002
   1.0532462773219167        2.1228809846002276E-002
   1.0575453882867758        2.1912049035073142E-002
   1.0618620472415838        2.2598121767801491E-002
   1.0661963258132321        2.3286603518509211E-002
   1.0705482959209747        2.3977077849822649E-002
   1.0749180297776255        2.4669136503882107E-002
   1.0793055998907541        2.5362379482617485E-002
   1.0837110790638902        2.6056415117451638E-002
   1.0881345403977287        2.6750860128781081E-002
   1.0925760572913470        2.7445339675585406E-002
   1.0970357034434204        2.8139487395511208E-002
   1.1015135528534441        2.8832945435773062E-002
   1.1060096798229635        2.9525364475210758E-002
   1.1105241589568067        3.0216403737836076E-002
   1.1150570651643195        3.0905730998198034E-002
   1.1196084736606120        3.1593022578893286E-002
   1.1241784599678060        3.2277963340538618E-002
   1.1287670999162849        3.2960246664519757E-002
   1.1333744696459565        3.3639574428829727E-002
   1.1380006456075142        3.4315656977291741E-002
   1.1426457045637044        3.4988213082471957E-002
   1.1473097235906025        3.5656969902569065E-002
   1.1519927800788912        3.6321662932566987E-002
   1.1566949517351428        3.6982035949930644E-002
   1.1614163165831117        3.7637840955118657E-002
   1.1661569529650266        3.8288838107178834E-002
   1.1709169395428922        3.8934795654687798E-002
   1.1756963552997917        3.9575489862289780E-002
   1.1804952795412009        4.0210704933081959E-002
   1.1853137918963028        4.0840232927090339E-002
   1.1901519723193061        4.1463873676067305E-002
   1.1950099010907769        4.2081434694846605E-002
   1.1998876588189678        4.2692731089472066E-002
   1.2047853264411541        4.3297585462321375E-002
   1.2097029852249803        4.3895827814433415E-002
   1.2146407167698074        4.4487295445243796E-002
   1.2195986030080641        4.5071832849924824E-002
   1.2245767262066105        4.5649291614525841E-002
   1.2295751689681005        4.6219530309094599E-002
   1.2345940142323542        4.6782414378962987E-002
   1.2396333452777308        4.7337816034369637E-002
   1.2446932457225151        4.7885614138587995E-002
   1.2497737995263021        4.8425694094720292E-002
   1.2548750909913893        4.8957947731315468E-002
   1.2599972047641785        4.9482273186962397E-002
   1.2651402258365791        4.9998574794000647E-002
   1.2703042395474162        5.0506762961491668E-002
   1.2754893315838498        5.1006754057584043E-002
   1.2806955879827961        5.1498470291400901E-002
   1.2859230951323521        5.1981839594572976E-002
   1.2911719397732333        5.2456795502541065E-002
   1.2964422090002106        5.2923277035734254E-002
   1.3017339902635547        5.3381228580739758E-002
   1.3070473713704895        5.3830599771564805E-002
   1.3123824404866489        5.4271345371092176E-002
   1.3177392861375357        5.4703425152823927E-002
   1.3231179972099965        5.5126803783003456E-002
   1.3285186629536925        5.5541450703205000E-002
   1.3339413729825829        5.5947340013467788E-002
   1.3393862172764077        5.6344450356059540E-002
   1.3448532861821869        5.6732764799936677E-002
   1.3503426704157151        5.7112270725977701E-002
   1.3558544610630672        5.7482959713050161E-002
   1.3613887495821120        5.7844827424980094E-002
   1.3669456278040288        5.8197873498477229E-002
   1.3725251879348284        5.8542101432076249E-002
   1.3781275225568879        5.8877518476143809E-002
   1.3837527246304846        5.9204135524000653E-002
   1.3894008874953359        5.9521967004206464E-002
   1.3950721048721533        5.9831030774047458E-002
   1.4007664708641934        6.0131348014269219E-002
   1.4064840799588225        6.0422943125089057E-002
   1.4122250270290799        6.0705843623525102E-002
   1.4179894073352572        6.0980080042159927E-002
   1.4237773165264773        6.1245685828837569E-002
   1.4295888506422783        6.1502697248639625E-002
   1.4354241061142121        6.1751153286417913E-002
   1.4412831797674421        6.1991095551204335E-002
   1.4471661688223481        6.2222568182003536E-002
   1.4530731708961429        6.2445617755068371E-002
   1.4590042840044910        6.2660293192675173E-002
   1.4649596065631323        6.2866645673410410E-002
   1.4709392373895191        6.3064728543982568E-002
   1.4769432757044543        6.3254597232565296E-002
   1.4829718211337348        6.3436309163681273E-002
   1.4890249737098105        6.3609923674634028E-002
   1.4951028338734396        6.3775501933488785E-002
   1.5012055024753554        6.3933106858608535E-002
   1.5073330807779428        6.4082803039744396E-002
   1.5134856704569155        6.4224656660680404E-002
   1.5196633736030056        6.4358735423432623E-002
   1.5258662927236537        6.4485108473998881E-002
   1.5320945307447145        6.4603846329655129E-002
   1.5383481910121630        6.4715020807793511E-002
   1.5446273772938062        6.4818704956296117E-002
   1.5509321937810101        6.4914972985437219E-002
   1.5572627450904259        6.5003900201305337E-002
   1.5636191362657244        6.5085562940736946E-002
   1.5700014727793419        6.5160038507749846E-002
   1.5764098605342303        6.5227405111468059E-002
   1.5828444058656099        6.5287741805524130E-002
   1.5893052155427401        6.5341128428927864E-002
   1.5957923967706868        6.5387645548388107E-002
   1.6023060571921037        6.5427374402073302E-002
   1.6088463048890147        6.5460396844797111E-002
   1.6154132483846122        6.5486795294614458E-002
   1.6220069966450557        6.5506652680811614E-002
   1.6286276590812767        6.5520052393274492E-002
   1.6352753455508005        6.5527078233220321E-002
   1.6419501663595648        6.5527814365273968E-002
   1.6486522322637496        6.5522345270872695E-002
   1.6553816544716176        6.5510755702982287E-002
   1.6621385446453594        6.5493130642104741E-002
   1.6689230149029417        6.5469555253563169E-002
   1.6757351778199741        6.5440114846040717E-002
   1.6825751464315746        6.5404894831359209E-002
   1.6894430342342412        6.5363980685476053E-002
   1.6963389551877424        6.5317457910681567E-002
   1.7032630237170037        6.5265411998977493E-002
   1.7102153547140044        6.5207928396616988E-002
   1.7171960635396897        6.5145092469787502E-002
   1.7242052660258809        6.5076989471416352E-002
   1.7312430784771990        6.5003704509079982E-002
   1.7383096176729915        6.4925322513997005E-002
   1.7454050008692747        6.4841928211086614E-002
   1.7525293458006783        6.4753606090070498E-002
   1.7596827706823941        6.4660440377601242E-002
   1.7668653942121444        6.4562515010396102E-002
   1.7740773355721486        6.4459913609357697E-002
   1.7813187144310982        6.4352719454660118E-002
   1.7885896509461472        6.4241015461785081E-002
   1.7958902657649043        6.4124884158484330E-002
   1.8032206800274309        6.4004407662652321E-002
   1.8105810153682576        6.3879667661089101E-002
   1.8179713939183981        6.3750745389133862E-002
   1.8253919383073787        6.3617721611151062E-002
   1.8328427716652678        6.3480676601851721E-002
   1.8403240176247260        6.3339690128427148E-002
   1.8478358003230537        6.3194841433483223E-002
   1.8553782444042495        6.3046209218750510E-002
   1.8629514750210820        6.2893871629556453E-002
   1.8705556178371661        6.2737906240041358E-002
   1.8781907990290427        6.2578390039097917E-002
   1.8858571452882809        6.2415399417019603E-002
   1.8935547838235744        6.2249010152840963E-002
   1.9012838423628520        6.2079297402349264E-002
   1.9090444491554013        6.1906335686754889E-002
   1.9168367329739937        6.1730198882000896E-002
   1.9246608231170197        6.1550960208697832E-002
   1.9325168494106386        6.1368692222664230E-002
   1.9404049422109304        6.1183466806061189E-002
   1.9483252324060565        6.0995355159101206E-002
   1.9562778514184365        6.0804427792319267E-002
   1.9642629312069249        6.0610754519387515E-002
   1.9722806042690040        6.0414404450462110E-002
   1.9803310036429771        6.0215445986044384E-002
   1.9884142629101824        6.0013946811343817E-002
   1.9965305161972071        5.9809973891127320E-002
   2.0046798981781091        5.9603593465041800E-002
   2.0128625440766581        5.9394871043394852E-002
   2.0210785896685763        5.9183871403381279E-002
   2.0293281712837890        5.8970658585741735E-002
   2.0376114258086915        5.8755295891839664E-002
   2.0459284906884188        5.8537845881144503E-002
   2.0542795039291217        5.8318370369108773E-002
   2.0626646041002639        5.8096930425425075E-002
   2.0710839303369175        5.7873586372653003E-002
   2.0795376223420732        5.7648397785202414E-002
   2.0880258203889532        5.7421423488661499E-002
   2.0965486653233478        5.7192721559460001E-002
   2.1051062985659468        5.6962349324853473E-002
   2.1136988621146831        5.6730363363220244E-002
   2.1223264985470975        5.6496819504658194E-002
   2.1309893510226989        5.6261772831873058E-002
   2.1396875632853374        5.6025277681345492E-002
   2.1484212796655959        5.5787387644768587E-002
   2.1571906450831819        5.5548155570745467E-002
   2.1659958050493291        5.5307633566737180E-002
   2.1748369056692178        5.5065873001251070E-002
   2.1837140936443968        5.4822924506261951E-002
   2.1926275162752127        5.4578837979854397E-002
   2.2015773214632635        5.4333662589080539E-002
   2.2105636577138457        5.4087446773021949E-002
   2.2195866741384194        5.3840238246049187E-002
   2.2286465204570853        5.3592084001269413E-002
   2.2377433470010675        5.3343030314155424E-002
   2.2468773047152077        5.3093122746347005E-002
   2.2560485451604677        5.2842406149618187E-002
   2.2652572205164492        5.2590924670001309E-002
   2.2745034835839171        5.2338721752062972E-002
   2.2837874877873303        5.2085840143323348E-002
   2.2931093871773944        5.1832321898811165E-002
   2.3024693364336155        5.1578208385750085E-002
   2.3118674908668622        5.1323540288367844E-002
   2.3213040064219506        5.1068357612823315E-002
   2.3307790396802273        5.0812699692243071E-002
   2.3402927478621649        5.0556605191865112E-002
   2.3498452888299783        5.0300112114279726E-002
   2.3594368210902377        5.0043257804765463E-002
   2.3690675037965030        4.9786078956712047E-002
   2.3787374967519588        4.9528611617126322E-002
   2.3884469604120731        4.9270891192215609E-002
   2.3981960558872570        4.9012952453043150E-002
   2.4079849449455333        4.8754829541251495E-002
   2.4178137900152290        4.8496555974847817E-002
   2.4276827541876669        4.8238164654047629E-002
   2.4375920012198664        4.7979687867172459E-002
   2.4475416955372706        4.7721157296595790E-002
   2.4575320022364697        4.7462604024734546E-002
   2.4675630870879357        4.7204058540081424E-002
   2.4776351165387829        4.6945550743273425E-002
   2.4877482577155234        4.6687109953194847E-002
   2.4979026784268394        4.6428764913107996E-002
   2.5080985471663721        4.6170543796810591E-002
   2.5183360331155162        4.5912474214814737E-002
   2.5286153061462220        4.5654583220546260E-002
   2.5389365368238228        4.5396897316557334E-002
   2.5492998964098588        4.5139442460753569E-002
   2.5597055568649218        4.4882244072629425E-002
   2.5701536908515048        4.4625327039510755E-002
   2.5806444717368717        4.4368715722800496E-002
   2.5911780735959340        4.4112433964225699E-002
   2.6017546712141315        4.3856505092082755E-002
   2.6123744400903441        4.3600951927478017E-002
   2.6230375564397970        4.3345796790562191E-002
   2.6337441971969815        4.3091061506755693E-002
   2.6444945400185995        4.2836767412962426E-002
   2.6552887632865070        4.2582935363770114E-002
   2.6661270461106703        4.2329585737635164E-002
   2.6770095683321458        4.2076738443049946E-002
   2.6879365105260575        4.1824412924690510E-002
   2.6989080540045989        4.1572628169542783E-002
   2.7099243808200328        4.1321402713005995E-002
   2.7209856737677236        4.1070754644970613E-002
   2.7320921163891634        4.0820701615870529E-002
   2.7432438929750149        4.0571260842706486E-002
   2.7544411885681774        4.0322449115040612E-002
   2.7656841889668535        4.0074282800959211E-002
   2.7769730807276272        3.9826777853004182E-002
   2.7883080511685678        3.9579949814069801E-002
   2.7996892883723348        3.9333813823265618E-002
   2.8111169811892935        3.9088384621742148E-002
   2.8225913192406575        3.8843676558480499E-002
   2.8341124929216317        3.8599703596043408E-002
   2.8456806934045655        3.8356479316286649E-002
   2.8572961126421350        3.8114016926030898E-002
   2.8689589433705232        3.7872329262691670E-002
   2.8806693791126143        3.7631428799868478E-002
   2.8924276141812122        3.7391327652890188E-002
   2.9042338436822610        3.7152037584317267E-002
   2.9160882635180831        3.6913570009400071E-002
   2.9279910703906258        3.6675936001492118E-002
   2.9399424618047334        3.6439146297417097E-002
   2.9519426360714194        3.6203211302791562E-002
   2.9639917923111532        3.5968141097299212E-002
   2.9760901304571732        3.5733945439918889E-002
   2.9882378512587997        3.5500633774104916E-002
   3.0004351562847607        3.5268215232920098E-002
   3.0126822479265480        3.5036698644118770E-002
   3.0249793294017673        3.4806092535182416E-002
   3.0373266047575087        3.4576405138305941E-002
   3.0497242788737404        3.4347644395334651E-002
   3.0621725574667020        3.4119817962650914E-002
   3.0746716470923223        3.3892933216012076E-002
   3.0872217551496384        3.3666997255337928E-002
   3.0998230898842483        3.3442016909447529E-002
   3.1124758603917613        3.3217998740746359E-002
   3.1251802766212617        3.2994949049862284E-002
   3.1379365493788032        3.2772873880232249E-002
   3.1507448903309023        3.2551779022637138E-002
   3.1636055120080444        3.2331670019686065E-002
   3.1765186278082207        3.2112552170251031E-002
   3.1894844520004644        3.1894430533849653E-002
   3.2025031997284015        3.1677309934978463E-002
   3.2155750870138298        3.1461194967394704E-002
   3.2287003307602982        3.1246089998347444E-002
   3.2418791487567020        3.1031999172759988E-002
   3.2551117596809069        3.0818926417359161E-002
   3.2683983831033703        3.0606875444757126E-002
   3.2817392394907818        3.0395849757481091E-002
   3.2951345502097307        3.0185852651954569E-002
   3.3085845375303724        2.9976887222427234E-002
   3.3220894246301196        2.9768956364857293E-002
   3.3356494355973410        2.9562062780742256E-002
   3.3492647954350852        2.9356208980901969E-002
   3.3629357300648142        2.9151397289212847E-002
   3.3766624663301439        2.8947629846291685E-002
   3.3904452320006189        2.8744908613132936E-002
   3.4042842557754875        2.8543235374696652E-002
   3.4181797672874907        2.8342611743448775E-002
   3.4321319971066844        2.8143039162853829E-002
   3.4461411767442565        2.7944518910819758E-002
   3.4602075386563675        2.7747052103096231E-002
   3.4743313162480152        2.7550639696625811E-002
   3.4885127438769019        2.7355282492849037E-002
   3.5027520568573265        2.7160981140962409E-002
   3.5170494914640815        2.6967736141131859E-002
   3.5314052849363842        2.6775547847659245E-002
   3.5458196754818094        2.6584416472105334E-002
   3.5602929022802345        2.6394342086366054E-002
   3.5748252054878202        2.6205324625706260E-002
   3.5894168262409902        2.6017363891747650E-002
   3.6040680066604258        2.5830459555414305E-002
   3.6187789898550959        2.5644611159833915E-002
   3.6335500199262847        2.5459818123196105E-002
   3.6483813419716364        2.5276079741569341E-002
   3.6632732020892336        2.5093395191673244E-002
   3.6782258473816740        2.4911763533611499E-002
   3.6932395259601685        2.4731183713561651E-002
   3.7083144869486642        2.4551654566424358E-002
   3.7234509804879772        2.4373174818432174E-002
   3.7386492577399353        2.4195743089717552E-002
   3.7539095708915569        2.4019357896841165E-002
   3.7692321731592284        2.3844017655280776E-002
   3.7846173187929102        2.3669720681880668E-002
   3.8000652630803460        2.3496465197263172E-002
   3.8155762623513128        2.3324249328200874E-002
   3.8311505739818670        2.3153071109951101E-002
   3.8467884563986092        2.2982928488553746E-002
   3.8624901690829847        2.2813819323091122E-002
   3.8782559725755825        2.2645741387911311E-002
   3.8940861284804527        2.2478692374815368E-002
   3.9099808994694594        2.2312669895208449E-002
   3.9259405492866346        2.2147671482215827E-002
   3.9419653427525452        2.1983694592776919E-002
   3.9580555457687030        2.1820736609637351E-002
   3.9742114253219660        2.1658794843440736E-002
   3.9904332494889743        2.1497866534653780E-002
   4.0067212874405893        2.1337948855523609E-002
   4.0230758094463717        2.1179038911988819E-002
   4.0394970868790629        2.1021133745558512E-002
   4.0559853922190783        2.0864230335158395E-002
   4.0725409990590427        2.0708325598944772E-002
   4.0891641821083224        2.0553416396088084E-002
   4.1058552171975808        2.0399499528524486E-002
   4.1226143812833644        2.0246571742676661E-002
   4.1394419524526915        2.0094629731144904E-002
   4.1563382099276636        1.9943670134368065E-002
   4.1733034340701094        1.9793689542254404E-002
   4.1903379063862296        1.9644684495783927E-002
   4.2074419095312638        1.9496651488581797E-002
   4.2246157273141920        1.9349586968463305E-002
   4.2418596447024361        1.9203487338950019E-002
   4.2591739478265858        1.9058348960760089E-002
   4.2765589239851547        1.8914168153269250E-002
   4.2940148616493437        1.8770941195946158E-002
   4.3115420504678283        1.8628664329760975E-002
   4.3291407812715565        1.8487333758567138E-002
   4.3468113460785895        1.8346945650457965E-002
   4.3645540380989400        1.8207496139097674E-002
   4.3823691517394279        1.8068981325026965E-002
   4.4002569826085844        1.7931397276944015E-002
   4.4182178275215458        1.7794740032960988E-002
   4.4362519845049730        1.7659005601836877E-002
   4.4543597528020111        1.7524189964185644E-002
   4.4725414328772475        1.7390289073661833E-002
   4.4907973264216903        1.7257298858123236E-002
   4.5091277363577875        1.7125215220769756E-002
   4.5275329668444471        1.6994034041260847E-002
   4.5460133232820850        1.6863751176810743E-002
   4.5645691123176864        1.6734362463261595E-002
   4.5832006418499045        1.6605863716135275E-002
   4.6019082210341660        1.6478250731664403E-002
   4.6206921602877928        1.6351519287802214E-002
   4.6395527712951647        1.6225665145212131E-002
   4.6584903670128890        1.6100684048236946E-002
   4.6775052616749795        1.5976571725848571E-002
   4.6965977707980926        1.5853323892577716E-002
   4.7157682111867478        1.5730936249424645E-002
   4.7350169009385850        1.5609404484750840E-002
   4.7543441594496505        1.5488724275151959E-002
   4.7737503074196939        1.5368891286312520E-002
   4.7932356668574805        1.5249901173842362E-002
   4.8128005610861475        1.5131749584095465E-002
   4.8324453147485658        1.5014432154970919E-002
   4.8521702538127149        1.4897944516696879E-002
   4.8719757055771122        1.4782282292597681E-002
   4.8918619986762248        1.4667441099843775E-002
   4.9118294630859394        1.4553416550185544E-002
   4.9318784301290162        1.4440204250671076E-002
   4.9520092324806102        1.4327799804347533E-002
   4.9722222041737796        1.4216198810947211E-002
   4.9925176806050207        1.4105396867558264E-002
   5.0128959985398502        1.3995389569279837E-002
   5.0333574961183860        1.3886172509862866E-002
   5.0539025128609465        1.3777741282335618E-002
   5.0745313896737043        1.3670091479615518E-002
   5.0952444688543324        1.3563218695105609E-002
   5.1160420940976774        1.3457118523278862E-002
   5.1369246105014765        1.3351786560247015E-002
   5.1578923645720769        1.3247218404316811E-002
   5.1789457042301867        1.3143409656533062E-002
   5.2000849788166388        1.3040355921208179E-002
   5.2213105390982024        1.2938052806439311E-002
   5.2426227372734004        1.2836495924612784E-002
   5.2640219269783390        1.2735680892896036E-002
   5.2855084632925946        1.2635603333717505E-002
   5.3070827027450962        1.2536258875234685E-002
   5.3287450033200381        1.2437643151790136E-002
   5.3504957244628288        1.2339751804356308E-002
   5.3723352270860527        1.2242580480968577E-002
   5.3942638735754480        1.2146124837147760E-002
   5.4162820277959387        1.2050380536311004E-002
   5.4383900550976607        1.1955343250172565E-002
   5.4605883223220175        1.1861008659133471E-002
   5.4828771978077846        1.1767372452661266E-002
   5.5052570513972130        1.1674430329659277E-002
   5.5277282544421542        1.1582177998825983E-002
   5.5502911798102446        1.1490611179004613E-002
   5.5729462018910780        1.1399725599522971E-002
   5.5956936966024218        1.1309517000523990E-002
   5.6185340413964466        1.1219981133286787E-002
   5.6414676152660075        1.1131113760538625E-002
   5.6644947987509173        1.1042910656758111E-002
   5.6876159739442613        1.0955367608469355E-002
   5.7108315244987482        1.0868480414527606E-002
   5.7341418356330687        1.0782244886396569E-002
   5.7575472941382806        1.0696656848417058E-002
   5.7810482883842447        1.0611712138067785E-002
   5.8046452083260549        1.0527406606218087E-002
   5.8283384455105089        1.0443736117372758E-002
   5.8521283930826149        1.0360696549909225E-002
   5.8760154457921070        1.0278283796307030E-002
