  0.10000000000000001       0.21365843490314615     
  0.10040817718110437       0.21366741050145682     
  0.10081802044832047       0.22118023015752739     
  0.10122953660223166       0.23544466039434775     
  0.10164273247117964       0.25528462619148340     
  0.10205761491137796       0.27919142230780880     
  0.10247419080702558       0.30543281433407782     
  0.10289246707042120       0.33217205805071892     
  0.10331245064207799       0.35758867456296706     
  0.10373414849083867       0.37999316923699444     
  0.10415756761399117       0.39792871314018302     
  0.10458271503738485       0.41025402863833449     
  0.10500959781554686       0.41620322981666147     
  0.10543822303179938       0.41542004734929511     
  0.10586859779837712       0.40796559860392967     
  0.10630072925654524       0.39430053539953913     
  0.10673462457671801       0.37524391474099700     
  0.10717029095857759       0.35191241051154176     
  0.10760773563119364       0.32564445620523275     
  0.10804696585314330       0.29791454312833504     
  0.10848798891263144       0.27024318128779590     
  0.10893081212761184       0.24410796983176275     
  0.10937544284590843       0.22086084862523689     
  0.10982188844533726       0.20165595695224331     
  0.11027015633382903       0.18739166639764077     
  0.11072025394955184       0.17866934756616928     
  0.11117218876103470       0.17577034278354242     
  0.11162596826729153       0.17865151682428770     
  0.11208159999794542       0.18695870792636821     
  0.11253909151335369       0.20005645696577154     
  0.11299845040473337       0.21707159848846716     
  0.11345968429428700       0.23694768624247453     
  0.11392280083532935       0.25850681811428822     
  0.11438780771241415       0.28051522841139936     
  0.11485471264146174       0.30174902465703202     
  0.11532352336988719       0.32105664612865942     
  0.11579424767672861       0.33741498793328600     
  0.11626689337277650       0.34997663621098068     
  0.11674146830070313       0.35810626118466143     
  0.11721798033519278       0.36140487697101936     
  0.11769643738307244       0.35972136194047977     
  0.11817684738344295       0.35315130444580273     
  0.11865921830781066       0.34202386301495374     
  0.11914355816021997       0.32687787969224785     
  0.11962987497738581       0.30842893815495387     
  0.12011817682882717       0.28752939914230580     
  0.12060847181700105       0.26512366599546572     
  0.12110076807743671       0.24220103072364382     
  0.12159507377887094       0.21974843013087403     
  0.12209139712338332       0.19870531171804490     
  0.12258974634653247       0.17992258435103076     
  0.12309012971749274       0.16412732650654674     
  0.12359255553919130       0.15189456500144716     
  0.12409703214844603       0.14362704035266985     
  0.12460356791610375       0.13954346223805345     
  0.12511217124717913       0.13967534994049341     
  0.12562285058099434       0.14387216638994144     
  0.12613561439131882       0.15181410623491312     
  0.12665047118650996       0.16303160106834513     
  0.12716742950965446       0.17693036799323750     
  0.12768649793870987       0.19282065719090408     
  0.12820768508664696       0.20994925268230000     
  0.12873099960159279       0.22753274744665730     
  0.12925645016697404       0.24479064594684047     
  0.12978404550166117       0.26097693784980136     
  0.13031379436011306       0.27540892822459562     
  0.13084570553252231       0.28749229213608218     
  0.13137978784496107       0.29674153474316217     
  0.13191605015952751       0.30279527073192936     
  0.13245450137449291       0.30542597820647421     
  0.13299515042444918       0.30454412158133276     
  0.13353800628045717       0.30019676603507761     
  0.13408307795019572       0.29256101438155802     
  0.13463037447811083       0.28193277893748875     
  0.13517990494556581       0.26871155086594645     
  0.13573167847099218       0.25338194398918373     
  0.13628570421004074       0.23649286730517138     
  0.13684199135573349       0.21863522013250780     
  0.13740054913861643       0.20041900715070488     
  0.13796138682691236       0.18245074010565879     
  0.13852451372667493       0.16531193221602530     
  0.13908993918194296       0.14953940481006414     
  0.13965767257489561       0.13560801852392657     
  0.14022772332600780       0.12391631895138029     
  0.14080010089420669       0.11477545453313694     
  0.14137481477702879       0.10840158820453137     
  0.14195187451077720       0.10491188909203149     
  0.14253128967068007       0.10432406111759840     
  0.14311306987104958       0.10655924590455818     
  0.14369722476544117       0.11144803135964437     
  0.14428376404681392       0.11873920746014192     
  0.14487269744769149       0.12811083904249165     
  0.14546403474032335       0.13918317292204763     
  0.14605778573684705       0.15153286386546508     
  0.14665396028945119       0.16470799047211604     
  0.14725256829053859       0.17824333694749117     
  0.14785361967289068       0.19167543857088462     
  0.14845712440983222       0.20455692542272086     
  0.14906309251539690       0.21646974835143948     
  0.14967153404449324       0.22703693069579961     
  0.15028245909307170       0.23593255627464430     
  0.15089587779829214       0.24288977591893560     
  0.15151180033869191       0.24770668871710744     
  0.15213023693435482       0.25025002768171956     
  0.15275119784708088       0.25045665044054882     
  0.15337469338055626       0.24833290179157605     
  0.15400073388052446       0.24395197482874179     
  0.15462932973495802       0.23744944946908644     
  0.15526049137423079       0.22901723056676904     
  0.15589422927129087       0.21889614171139604     
  0.15653055394183482       0.20736745494574987     
  0.15716947594448166       0.19474365099225482     
  0.15781100588094832       0.18135870943467161     
  0.15845515439622559       0.16755822420896044     
  0.15910193217875471       0.15368962748395765     
  0.15975134996060453       0.14009278550717946     
  0.16040341851764989       0.12709120433833246     
  0.16105814866975027       0.11498405276940764     
  0.16171555128092935       0.10403917536155098     
  0.16237563725955523        9.4487231650772441E-002
  0.16303841755852153        8.6517059395323906E-002
  0.16370390317542910        8.0272321406004515E-002
  0.16437210515276834        7.5849458078598428E-002
  0.16504303457810285        7.3296932186883074E-002
  0.16571670258425286        7.2615719620404348E-002
  0.16639312034948034        7.3760970249189525E-002
  0.16707229909767446        7.6644737507702329E-002
  0.16775425009853762        8.1139654004109468E-002
  0.16843898466777257        8.7083413723492875E-002
  0.16912651416727026        9.4283909310084624E-002
  0.16981685000529834       0.10252486545782670     
  0.17051000363669019       0.11157180646554225     
  0.17120598656303537       0.12117819727289411     
  0.17190481033287031       0.13109160244681961     
  0.17260648654186983       0.14105971622348953     
  0.17331102683303970       0.15083612836047416     
  0.17401844289690985       0.16018570471112628     
  0.17472874647172817       0.16888947756946934     
  0.17544194934365545       0.17674895841278490     
  0.17615806334696094       0.18358980416158280     
  0.17687710036421864       0.18926478697340801     
  0.17759907232650440       0.19365603640888529     
  0.17832399121359424       0.19667654111693886     
  0.17905186905416270       0.19827091458922513     
  0.17978271792598266       0.19841544569249780     
  0.18051654995612570       0.19711746931907143     
  0.18125337732116351       0.19441410537528550     
  0.18199321224736950       0.19037042529005266     
  0.18273606701092207       0.18507711416165146     
  0.18348195393810826       0.17864770351784490     
  0.18423088540552804       0.17121545444027148     
  0.18498287384029991       0.16292997354441688     
  0.18573793172026712       0.15395364509907705     
  0.18649607157420448       0.14445796153788890     
  0.18725730598202642       0.13461983191504753     
  0.18802164757499584       0.12461794366664121     
  0.18878910903593346       0.11462924755544254     
  0.18955970309942835       0.10482562911020073     
  0.19033344255204943        9.5370822436755501E-002
  0.19111034023255730        8.6417614195406181E-002
  0.19189040903211749        7.8105377020980027E-002
  0.19267366189451438        7.0557962915453895E-002
  0.19346011181636599        6.3881978362440944E-002
  0.19424977184733941        5.8165454278470786E-002
  0.19504265509036750        5.3476915590498442E-002
  0.19583877470186650        4.9864847356056410E-002
  0.19663814389195391        4.7357547044828578E-002
  0.19744077592466802        4.5963345979886043E-002
  0.19824668411818794        4.5671177073378248E-002
  0.19905588184505443        4.6451460943747670E-002
  0.19986838253239200        4.8257278307482811E-002
  0.20068419966213161        5.1025793216177465E-002
  0.20150334677123438        5.4679889258994273E-002
  0.20232583745191612        5.9129979254500607E-002
  0.20315168535187320        6.4275948182179937E-002
  0.20398090417450848        7.0009189107428232E-002
  0.20481350767915915        7.6214692578304669E-002
  0.20564950968132489        8.2773151352133797E-002
  0.20648892405289709        8.9563044272968809E-002
  0.20733176472238896        9.6462665589189131E-002
  0.20817804567516671       0.10335206889360263     
  0.20902778095368180       0.11011489810415678     
  0.20988098465770355       0.11664008139994476     
  0.21073767094455342       0.12282336770472246     
  0.21159785402933992       0.12856868909146010     
  0.21246154818519422       0.13378933629404877     
  0.21332876774350720       0.13840893828851736     
  0.21419952709416737       0.14236224058452987     
  0.21507384068579924       0.14559568039339474     
  0.21595172302600341       0.14806776016356624     
  0.21683318868159726       0.14974922405759722     
  0.21771825227885655       0.15062304475243779     
  0.21860692850375804       0.15068423045170357     
  0.21949923210222347       0.14993946418492154     
  0.22039517788036408       0.14840658932267414     
  0.22129478070472614       0.14611395675230343     
  0.22219805550253774       0.14309965033654015     
  0.22310501726195672       0.13941060812303616     
  0.22401568103231900       0.13510165729689425     
  0.22493006192438844       0.13023448108591640     
  0.22584817511060773       0.12487653575830637     
  0.22677003582534988       0.11909993551665175     
  0.22769565936517111       0.11298032251460462     
  0.22862506108906488       0.10659573842987552     
  0.22955825641871638       0.10002551304647914     
  0.23049526083875860        9.3349184158811285E-002
  0.23143608989702943        8.6645461838485455E-002
  0.23238075920482931        7.9991248730249667E-002
  0.23332928443718048        7.3460726593090858E-002
  0.23428168133308711        6.7124517803522007E-002
  0.23523796569579644        6.1048929015050719E-002
  0.23619815339306083        5.5295282644575318E-002
  0.23716226035740115        4.9919340354560401E-002
  0.23813030258637141        4.4970821239089603E-002
  0.23910229614282377        4.0493016019671292E-002
  0.24007825715517533        3.6522497228450204E-002
  0.24105820181767584        3.3088924115155467E-002
  0.24204214639067612        3.0214939870630144E-002
  0.24303010720089804        2.7916157722572651E-002
  0.24402210064170560        2.6201231534669717E-002
  0.24501814317337661        2.5072005732889365E-002
  0.24601825132337590        2.4523738694715365E-002
  0.24702244168662996        2.4545393169084797E-002
  0.24803073092580163        2.5119986845588995E-002
  0.24904313577156709        2.6224995858448369E-002
  0.25005967302289334        2.7832803789861141E-002
  0.25108035954731700        2.9911188623369802E-002
  0.25210521228122396        3.2423840084593918E-002
  0.25313424823013059        3.5330899887093377E-002
  0.25416748446896609        3.8589517567396946E-002
  0.25520493814235545        4.2154414837197146E-002
  0.25624662646490398        4.5978451693685439E-002
  0.25729256672148348        5.0013187902258192E-002
  0.25834277626751834        5.4209433890270921E-002
  0.25939727252927380        5.8517785557583579E-002
  0.26045607300414547        6.2889138010259082E-002
  0.26151919526094891        6.7275173749878542E-002
  0.26258665694021183        7.1628821394080028E-002
  0.26365847575446660        7.5904681556694276E-002
  0.26473466948854396        8.0059417070866709E-002
  0.26581525599986822        8.4052105289244811E-002
  0.26690025321875377        8.7844550735549740E-002
  0.26798967914870253        9.1401556906135106E-002
  0.26908355186670235        9.4691156523619521E-002
  0.27018188952352734        9.7684800023100607E-002
  0.27128471034403900       0.10035750250115112     
  0.27239203262748851       0.10268794977586342     
  0.27350387474782023       0.10465856459011516     
  0.27462025515397709       0.10625553433826782     
  0.27574119237020622       0.10746880200732273     
  0.27686670499636645       0.10829202229648806     
  0.27799681170823720       0.10872248511382310     
  0.27913153125782791       0.10876100884533586     
  0.28027088247368953       0.10841180595129613     
  0.28141488426122702       0.10768232356739256     
  0.28256355560301261       0.10658306187620288     
  0.28371691555910122       0.10512737306869807     
  0.28487498326734656       0.10333124373804385     
  0.28603777794371876       0.10121306354084154     
  0.28720531888262307        9.8793382926309126E-002
  0.28837762545721990        9.6094662674094583E-002
  0.28955471711974690        9.3141017898806175E-002
  0.29073661340184104        8.9957959076442384E-002
  0.29192333391486291        8.6572132527103704E-002
  0.29311489835022253        8.3011062652246503E-002
  0.29431132647970543        7.9302898075643349E-002
  0.29551263815580109        7.5476163677594243E-002
  0.29671885331203263        7.1559520344050179E-002
  0.29792999196328690        6.7581534078415037E-002
  0.29914607420614708        6.3570455945968260E-002
  0.30036712021922612        5.9554014141067625E-002
  0.30159315026350136        5.5559219287442924E-002
  0.30282418468265071        5.1612183903599146E-002
  0.30406024390339059        4.7737956790281401E-002
  0.30530134843581452        4.3960372926399822E-002
  0.30654751887373349        4.0301919295133576E-002
  0.30779877589501764        3.6783616904136264E-002
  0.30905514026193970        3.3424919113895363E-002
  0.31031663282151906        3.0243626247051597E-002
  0.31158327450586787        2.7255816319632673E-002
  0.31285508633253861        2.4475791613100338E-002
  0.31413208940487242        2.1916040694369771E-002
  0.31541430491234945        1.9587215389652374E-002
  0.31670175413094059        1.7498122127384719E-002
  0.31799445842346041        1.5655726985575168E-002
  0.31929243923992134        1.4065173709589027E-002
  0.32059571811789023        1.2729813907591776E-002
  0.32190431668284508        1.1651248582272813E-002
  0.32321825664853443        1.0829380118804813E-002
  0.32453755981733712        1.0262473819904135E-002
  0.32586224808062436        9.9472280588636993E-003
  0.32719234341912323        9.8788521100847595E-003
  0.32852786790328065        1.0051150713439481E-002
  0.32986884369363056        1.0456614433152316E-002
  0.33121529304116082        1.1086514883288967E-002
  0.33256723828768275        1.1931003909740992E-002
  0.33392470186620210        1.2979215842241043E-002
  0.33528770630129073        1.4219371958816609E-002
  0.33665627420946076        1.5638886338582837E-002
  0.33803042829953994        1.7224472316332541E-002
  0.33941019137304806        1.8962248793365239E-002
  0.34079558632457546        2.0837845702920039E-002
  0.34218663614216327        2.2836507974811945E-002
  0.34358336390768413        2.4943197391962716E-002
  0.34498579279722608        2.7142691780942047E-002
  0.34639394608147639        2.9419681028895597E-002
  0.34780784712610791        3.1758859469961390E-002
  0.34922751939216706        3.4145014234974007E-002
  0.35065298643646264        3.6563109208607072E-002
  0.35208427191195729        3.8998364287730868E-002
  0.35352139956815942        4.1436329683357497E-002
  0.35496439325151735        4.3862955055826082E-002
  0.35641327690581565        4.6264653318586271E-002
  0.35786807457257153        4.8628358989858463E-002
  0.35932881039143427        5.0941581013388769E-002
  0.36079550860058590        5.3192450009310561E-002
  0.36226819353714296        5.5369759953639901E-002
  0.36374688963756052        5.7463004320081584E-002
  0.36523162143803800        5.9462406750486654E-002
  0.36672241357492547        6.1358946350466854E-002
  0.36821929078513355        6.3144377734287702E-002
  0.36972227790654283        6.4811245968185854E-002
  0.37123139987841652        6.6352896583770249E-002
  0.37274668174181458        6.7763480853110777E-002
  0.37426814864000829        6.9037956534585096E-002
  0.37579582581889864        7.0172084313604111E-002
  0.37732973862743413        7.1162420174998159E-002
  0.37886991251803198        7.2006303954233089E-002
  0.38041637304700071        7.2701844322833040E-002
  0.38196914587496344        7.3247900469468954E-002
  0.38352825676728425        7.3644060742302411E-002
  0.38509373159449567        7.3890618520391887E-002
  0.38666559633272773        7.3988545582456836E-002
  0.38824387706413899        7.3939463240109415E-002
  0.38982859997734975        7.3745611499994548E-002
  0.39141979136787586        7.3409816515166620E-002
  0.39301747763856587        7.2935456580691282E-002
  0.39462168530003849        7.2326426921923315E-002
  0.39623244097112265        7.1587103516371431E-002
  0.39784977137929967        7.0722306181590214E-002
  0.39947370336114574        6.9737261152269900E-002
  0.40110426386277853        6.8637563359741346E-002
  0.40274147994030307        6.7429138616573972E-002
  0.40438537876026137        6.6118205897929050E-002
  0.40603598760008325        6.4711239899939751E-002
  0.40769333384853856        6.3214934043711563E-002
  0.40935744500619187        6.1636164081653580E-002
  0.41102834868585908        5.9981952450876758E-002
  0.41270607261306486        5.8259433506362174E-002
  0.41439064462650332        5.6475819754617386E-002
  0.41608209267850005        5.4638369196660805E-002
  0.41778044483547516        5.2754353877446966E-002
  0.41948572927840988        5.0831029727357507E-002
  0.42119797430331363        4.8875607770138149E-002
  0.42291720832169355        4.6895226760760966E-002
  0.42464345986102636        4.4896927306119772E-002
  0.42637675756523108        4.2887627511297190E-002
  0.42811713019514508        4.0874100184385212E-002
  0.42986460662900056        3.8862951623523871E-002
  0.43161921586290408        3.6860602000979417E-002
  0.43338098701131811        3.4873267350705242E-002
  0.43514994930754325        3.2906943157954845E-002
  0.43692613210420378        3.0967389542132472E-002
  0.43870956487373508        2.9060118017196209E-002
  0.44050027720887197        2.7190379807564988E-002
  0.44229829882313998        2.5363155691611277E-002
  0.44410365955134889        2.3583147339474555E-002
  0.44591638935008682        2.1854770107062112E-002
  0.44773651829821842        2.0182147243727022E-002
  0.44956407659738296        1.8569105467224133E-002
  0.45139909457249600        1.7019171856098646E-002
  0.45324160267225266        1.5535572006684506E-002
  0.45509163146963244        1.4121229399342065E-002
  0.45694921166240710        1.2778765916418222E-002
  0.45881437407364939        1.1510503452700899E-002
  0.46068714965224478        1.0318466557762177E-002
  0.46256756947340538        9.2043860486190204E-003
  0.46445566473918498        8.1697035304738718E-003
  0.46635146677899686        7.2155767629866439E-003
  0.46825500705013429        6.3428858094926582E-003
  0.47016631713829160        5.5522399068536551E-003
  0.47208542875808879        4.8439849941341326E-003
  0.47401237375359806        4.2182118390689137E-003
  0.47594718409887132        3.6747647022599018E-003
  0.47788989189847175        3.2132504802276285E-003
  0.47984052938800570        2.8330482698122016E-003
  0.48179912893465782        2.5333192979371867E-003
  0.48376572303772875        2.3130171624409284E-003
  0.48574034432917323        2.1708983314662612E-003
  0.48772302557414277        2.1055328508301631E-003
  0.48971379967152823        2.1153152107890572E-003
  0.49171269965450648        2.1984753257179579E-003
  0.49371975869108847        2.3530895823665769E-003
  0.49573501008466908        2.5770919145631215E-003
  0.49775848727458005        2.8682848644778305E-003
  0.49979022383664523        3.2243505928281719E-003
  0.50183025348373689        3.6428618026816497E-003
  0.50387861006633561        4.1212925438044732E-003
  0.50593532757309234        4.6570288667697217E-003
  0.50800044013139123        5.2473792983070457E-003
  0.51007398200791731        5.8895851116012535E-003
  0.51215598760922409        6.5808303674534793E-003
  0.51424649148230461        7.3182517043723257E-003
  0.51634552831516523        8.0989478577810203E-003
  0.51845313293740036        8.9199888905814300E-003
  0.52056934032077162        9.7784251193228210E-003
  0.52269418557978653        1.0671295722159000E-002
  0.52482770397228251        1.1595637016657749E-002
  0.52696993090001132        1.2548490397323803E-002
  0.52912090190922667        1.3526909924437612E-002
  0.53128065269127367        1.4527969557464392E-002
  0.53344921908318188        1.5548770027873695E-002
  0.53562663706825886        1.6586445347715154E-002
  0.53781294277668812        1.7638168951719529E-002
  0.54000817248612853        1.8701159472048805E-002
  0.54221236262231554        1.9772686146079119E-002
  0.54442554975966673        2.0850073858803990E-002
  0.54664777062188774        2.1930707822541334E-002
  0.54887906208258186        2.3012037897682320E-002
  0.55111946116586275        2.4091582559162657E-002
  0.55336900504696696        2.5166932514232139E-002
  0.55562773105287300        2.6235753977909487E-002
  0.55789567666291884        2.7295791613240854E-002
  0.56017287950942463        2.8344871144162918E-002
  0.56245937737831742        2.9380901649368928E-002
  0.56475520820975744        3.0401877546109964E-002
  0.56706041009876806        3.1405880273349410E-002
  0.56937502129586803        3.2391079684094388E-002
  0.57169908020770599        3.3355735157084822E-002
  0.57403262539769728        3.4298196438329889E-002
  0.57637569558666502        3.5216904223217230E-002
  0.57872832965348131        3.6110390490130609E-002
  0.58109056663571335        3.6977278596648441E-002
  0.58346244573027040        3.7816283149511229E-002
  0.58584400629405475        3.8626209659601750E-002
  0.58823528784461476        3.9405953993202458E-002
  0.59063633006079996        4.0154501630784399E-002
  0.59304717278342045        4.0870926744523209E-002
  0.59546785601590702        4.1554391105663543E-002
  0.59789841992497528        4.2204142832730884E-002
  0.60033890484129260        4.2819514991452944E-002
  0.60278935126014666        4.3399924057088174E-002
  0.60524979984211758        4.3944868249660873E-002
  0.60772029141375294        4.4453925752402187E-002
  0.61020086696824494        4.4926752823454028E-002
  0.61269156766611022        4.5363081810658207E-002
  0.61519243483587394        4.5762719078978380E-002
  0.61770350997475421        4.6125542859837748E-002
  0.62022483474935197        4.6451501031360531E-002
  0.62275645099634114        4.6740608838213897E-002
  0.62529840072316345        4.6992946559437150E-002
  0.62785072610872605        4.7208657132339925E-002
  0.63041346950409982        4.7387943740225189E-002
  0.63298667343322390        4.7531067371382227E-002
  0.63557038059361004        4.7638344356464829E-002
  0.63816463385705124        4.7710143891044832E-002
  0.64076947627033398        4.7746885549811997E-002
  0.64338495105595150        4.7749036798560490E-002
  0.64601110161282127        4.7717110509784874E-002
  0.64864797151700582        4.7651662487383652E-002
  0.65129560452243462        4.7553289005656585E-002
  0.65395404456163087        4.7422624367467005E-002
  0.65662333574644061        4.7260338486132772E-002
  0.65930352236876377        4.7067134495310581E-002
  0.66199464890129045        4.6843746390837417E-002
  0.66469675999823752        4.6590936708208457E-002
  0.66740990049609028        4.6309494239085917E-002
  0.67013411541434675        4.6000231789958330E-002
  0.67286944995626363        4.5663983985804485E-002
  0.67561594950960757        4.5301605121353679E-002
  0.67837365964740748        4.4913967062287369E-002
  0.68114262612871068        4.4501957198481309E-002
  0.68392289489934310        4.4066476451155231E-002
  0.68671451209267076        4.3608437335572181E-002
  0.68951752403036504        4.3128762080712396E-002
  0.69233197722317286        4.2628380807140973E-002
  0.69515791837168661        4.2108229764089712E-002
  0.69799539436711988        4.1569249626582733E-002
  0.70084445229208592        4.1012383853257908E-002
  0.70370513942137802        4.0438577105361771E-002
  0.70657750322275481        3.9848773727234610E-002
  0.70946159135772713        3.9243916288447471E-002
  0.71235745168234910        3.8624944187607188E-002
  0.71526513224801314        3.7992792317708315E-002
  0.71818468130224533        3.7348389792782273E-002
  0.72111614728950835        3.6692658735472013E-002
  0.72405957885200312        3.6026513125049210E-002
  0.72701502483047720        3.5350857705282963E-002
  0.72998253426503557        3.4666586951474329E-002
  0.73296215639595286        3.3974584095877551E-002
  0.73595394066449149        3.3275720210647411E-002
  0.73895793671372234        3.2570853347373224E-002
  0.74197419438934753        3.1860827732192953E-002
  0.74500276374052765        3.1146473015414448E-002
  0.74804369502071344        3.0428603574513664E-002
  0.75109703868847777        2.9708017869330989E-002
  0.75416284540835488        2.8985497848235411E-002
  0.75724116605167924        2.8261808403992148E-002
  0.76033205169743068        2.7537696878027710E-002
  0.76343555363308235        2.6813892611761862E-002
  0.76655172335545019        2.6091106543644882E-002
  0.76968061257154952        2.5370030850522234E-002
  0.77282227319945096        2.4651338631928359E-002
  0.77597675736914307        2.3935683635900304E-002
  0.77914411742339751        2.3223700024892480E-002
  0.78232440591863694        2.2516002180368585E-002
  0.78551767562580699        2.1813184544644527E-002
  0.78872397953125306        2.1115821498557581E-002
  0.79194337083759792        2.0424467273542246E-002
  0.79517590296462559        1.9739655896697988E-002
  0.79842162955016782        1.9061901167446327E-002
  0.80168060445099321        1.8391696664385410E-002
  0.80495288174370172        1.7729515780964818E-002
  0.80823851572562166        1.7075811788620953E-002
  0.81153756091571005        1.6431017926027552E-002
  0.81485007205545901        1.5795547513143843E-002
  0.81817610410980179        1.5169794088756575E-002
  0.82151571226802678        1.4554131570238811E-002
  0.82486895194469190        1.3948914434274862E-002
  0.82823587878054472        1.3354477917321720E-002
  0.83161654864344625        1.2771138234608232E-002
  0.83501101762929653        1.2199192816499909E-002
  0.83841934206296653        1.1638920561082055E-002
  0.84184157849923302        1.1090582101850396E-002
  0.84527778372371576        1.0554420089419836E-002
  0.84872801475382054        1.0030659486198929E-002
  0.85219232883968588        9.5195078730035965E-003
  0.85567078346513115        9.0211557666181209E-003
  0.85916343634861292        8.5357769473389002E-003
  0.86267034544418009        8.0635287955713297E-003
  0.86619156894243732        7.6045526365781336E-003
  0.86972716527151039        7.1589740925120547E-003
  0.87327719309801433        6.7269034408935988E-003
  0.87684171132802924        6.3084359787283426E-003
  0.88042077910807537        5.9036523914878722E-003
  0.88401445582609561        5.5126191262092478E-003
  0.88762280111244185        5.1353887679977187E-003
  0.89124587484086226        4.7720004192487505E-003
  0.89488373712949654        4.4224800809335909E-003
  0.89853644834187318        4.0868410353222051E-003
  0.90220406908791040        3.7650842295464107E-003
  0.90588666022492215        3.4571986594340506E-003
  0.90958428285862880        3.1631617530722077E-003
  0.91329699834416944        2.8829397535860704E-003
  0.91702486828712149        2.6164881006445180E-003
  0.92076795454452198        2.3637518102314560E-003
  0.92452631922589401        2.1246658522463204E-003
  0.92830002469427830        1.8991555255216796E-003
  0.93208913356726641        1.6871368298713863E-003
  0.93589370871804145        1.4885168348043900E-003
  0.93971381327641990        1.3031940445636860E-003
  0.94354951062989978        1.1310587591714832E-003
  0.94740086442471305        9.7199343118289949E-004
  0.95126793856688030        8.2587301787251724E-004
  0.95515079722327212        6.9256532859680896E-004
  0.95904950482267404        5.7193136709640430E-004
  0.96296412605685466        4.6382566852020985E-004
  0.96689472588163972        3.6809663097255854E-004
  0.97084136951799027        2.8458684140047347E-004
  0.97480412245308368        2.1313339565758336E-004
  0.97878305044140190        1.5356821259522157E-004
  0.98277821950582100        1.0571834204838948E-004
  0.98678969593870736        6.9406266598726499E-005
  0.99081754630301844        4.4450197011200142E-005
  0.99486183743340539        3.0664361255341603E-005
  0.99892263643732426        2.7859287034607561E-005
   1.0030000106961476        3.5842077760612802E-005
   1.0070940278662834        5.4416681920769054E-005
   1.0112047558802988        8.3384155799621725E-005
   1.0153322629480441        1.2254291952485937E-004
   1.0194766175577885        1.7168900641993863E-004
   1.0236378884773538        2.3061630565446412E-004
   1.0278161447552574        2.9911679819375793E-004
   1.0320114557218547        3.7698078605702910E-004
   1.0362238909904942        4.6399711490296720E-004
   1.0404535204586696        5.5995338996858192E-004
   1.0447004143091787        6.6463618539535610E-004
   1.0489646430112913        7.7783124698359535E-004
   1.0532462773219167        8.9932368842221089E-004
   1.0575453882867758        1.0288981810477561E-003
   1.0618620472415838        1.1663391371923887E-003
   1.0661963258132321        1.3114308871853570E-003
   1.0705482959209747        1.4639578500779435E-003
   1.0749180297776255        1.6237046981670397E-003
   1.0793055998907541        1.7904565153956011E-003
   1.0837110790638902        1.9639989497130675E-003
   1.0881345403977287        2.1441183594827487E-003
   1.0925760572913470        2.3306019540257229E-003
   1.0970357034434204        2.5232379283941031E-003
   1.1015135528534441        2.7218155924698438E-003
   1.1060096798229635        2.9261254944867960E-003
   1.1105241589568067        3.1359595390769495E-003
   1.1150570651643195        3.3511110999424791E-003
   1.1196084736606120        3.5713751272587043E-003
   1.1241784599678060        3.7965482499125939E-003
   1.1287670999162849        4.0264288726839957E-003
   1.1333744696459565        4.2608172684778850E-003
   1.1380006456075142        4.4995156657156492E-003
   1.1426457045637044        4.7423283309953037E-003
   1.1473097235906025        4.9890616471303523E-003
   1.1519927800788912        5.2395241866777667E-003
   1.1566949517351428        5.4935267810646655E-003
   1.1614163165831117        5.7508825854253433E-003
   1.1661569529650266        6.0114071392572271E-003
   1.1709169395428922        6.2749184230070712E-003
   1.1756963552997917        6.5412369106961571E-003
   1.1804952795412009        6.8101856186935286E-003
   1.1853137918963028        7.0815901507456413E-003
   1.1901519723193061        7.3552787393700268E-003
   1.1950099010907769        7.6310822837196493E-003
   1.1998876588189678        7.9088343840235057E-003
   1.2047853264411541        8.1883713727081350E-003
   1.2097029852249803        8.4695323423045008E-003
   1.2146407167698074        8.7521591702411430E-003
   1.2195986030080641        9.0360965406259351E-003
   1.2245767262066105        9.3211919631159042E-003
   1.2295751689681005        9.6072957889736261E-003
   1.2345940142323542        9.8942612244069025E-003
   1.2396333452777308        1.0181944341287580E-002
   1.2446932457225151        1.0470204085343842E-002
   1.2497737995263021        1.0758902281917424E-002
   1.2548750909913893        1.1047903639377804E-002
   1.2599972047641785        1.1337075750282056E-002
   1.2651402258365791        1.1626289090367664E-002
   1.2703042395474162        1.1915417015465009E-002
   1.2754893315838498        1.2204335756413096E-002
   1.2806955879827961        1.2492924412061549E-002
   1.2859230951323521        1.2781064940439209E-002
   1.2911719397732333        1.3068642148168991E-002
   1.2964422090002106        1.3355543678206020E-002
   1.3017339902635547        1.3641659995974368E-002
   1.3070473713704895        1.3926884373977272E-002
   1.3123824404866489        1.4211112874952053E-002
   1.3177392861375357        1.4494244333639985E-002
   1.3231179972099965        1.4776180337241186E-002
   1.3285186629536925        1.5056825204619505E-002
   1.3339413729825829        1.5336085964324510E-002
   1.3393862172764077        1.5613872331492898E-002
   1.3448532861821869        1.5890096683691252E-002
   1.3503426704157151        1.6164674035761224E-002
   1.3558544610630672        1.6437522013724115E-002
   1.3613887495821120        1.6708560827803556E-002
   1.3669456278040288        1.6977713244619646E-002
   1.3725251879348284        1.7244904558609386E-002
   1.3781275225568879        1.7510062562724821E-002
   1.3837527246304846        1.7773117518459839E-002
   1.3894008874953359        1.8034002125253600E-002
   1.3950721048721533        1.8292651489319248E-002
   1.4007664708641934        1.8549003091942348E-002
   1.4064840799588225        1.8802996757294542E-002
   1.4122250270290799        1.9054574619804383E-002
   1.4179894073352572        1.9303681091127838E-002
   1.4237773165264773        1.9550262826757776E-002
   1.4295888506422783        1.9794268692310872E-002
   1.4354241061142121        2.0035649729530487E-002
   1.4412831797674421        2.0274359122039974E-002
   1.4471661688223481        2.0510352160882161E-002
   1.4530731708961429        2.0743586209878134E-002
   1.4590042840044910        2.0974020670837142E-002
   1.4649596065631323        2.1201616948649124E-002
   1.4709392373895191        2.1426338416288774E-002
   1.4769432757044543        2.1648150379760749E-002
   1.4829718211337348        2.1867020043012369E-002
   1.4890249737098105        2.2082916472840834E-002
   1.4951028338734396        2.2295810563819726E-002
   1.5012055024753554        2.2505675003269086E-002
   1.5073330807779428        2.2712484236291991E-002
   1.5134856704569155        2.2916214430900261E-002
   1.5196633736030056        2.3116843443249373E-002
   1.5258662927236537        2.3314350783003077E-002
   1.5320945307447145        2.3508717578848107E-002
   1.5383481910121630        2.3699926544174896E-002
   1.5446273772938062        2.3887961942943559E-002
   1.5509321937810101        2.4072809555751071E-002
   1.5572627450904259        2.4254456646114777E-002
   1.5636191362657244        2.4432891926988151E-002
   1.5700014727793419        2.4608105527521761E-002
   1.5764098605342303        2.4780088960083244E-002
   1.5828444058656099        2.4948835087549043E-002
   1.5893052155427401        2.5114338090879099E-002
   1.5957923967706868        2.5276593436986326E-002
   1.6023060571921037        2.5435597846910494E-002
   1.6088463048890147        2.5591349264307051E-002
   1.6154132483846122        2.5743846824259453E-002
   1.6220069966450557        2.5893090822424001E-002
   1.6286276590812767        2.6039082684514214E-002
   1.6352753455508005        2.6181824936133743E-002
   1.6419501663595648        2.6321321172962302E-002
   1.6486522322637496        2.6457576031303151E-002
   1.6553816544716176        2.6590595158996002E-002
   1.6621385446453594        2.6720385186702073E-002
   1.6689230149029417        2.6846953699564760E-002
   1.6757351778199741        2.6970309209250955E-002
   1.6825751464315746        2.7090461126376773E-002
   1.6894430342342412        2.7207419733320585E-002
   1.6963389551877424        2.7321196157427036E-002
   1.7032630237170037        2.7431802344603941E-002
   1.7102153547140044        2.7539251033314671E-002
   1.7171960635396897        2.7643555728967810E-002
   1.7242052660258809        2.7744730678705320E-002
   1.7312430784771990        2.7842790846590398E-002
   1.7383096176729915        2.7937751889196116E-002
   1.7454050008692747        2.8029630131594940E-002
   1.7525293458006783        2.8118442543749400E-002
   1.7596827706823941        2.8204206717303969E-002
   1.7668653942121444        2.8286940842777629E-002
   1.7740773355721486        2.8366663687156561E-002
   1.7813187144310982        2.8443394571885779E-002
   1.7885896509461472        2.8517153351259296E-002
   1.7958902657649043        2.8587960391206393E-002
   1.8032206800274309        2.8655836548473514E-002
   1.8105810153682576        2.8720803150199176E-002
   1.8179713939183981        2.8782881973880320E-002
   1.8253919383073787        2.8842095227728168E-002
   1.8328427716652678        2.8898465531410289E-002
   1.8403240176247260        2.8952015897177746E-002
   1.8478358003230537        2.9002769711373406E-002
   1.8553782444042495        2.9050750716319542E-002
   1.8629514750210820        2.9095982992581051E-002
   1.8705556178371661        2.9138490941601820E-002
   1.8781907990290427        2.9178299268710527E-002
   1.8858571452882809        2.9215432966492975E-002
   1.8935547838235744        2.9249917298527262E-002
   1.9012838423628520        2.9281777783478163E-002
   1.9090444491554013        2.9311040179547717E-002
   1.9168367329739937        2.9337730469277384E-002
   1.9246608231170197        2.9361874844698752E-002
   1.9325168494106386        2.9383499692828455E-002
   1.9404049422109304        2.9402631581503771E-002
   1.9483252324060565        2.9419297245554345E-002
   1.9562778514184365        2.9433523573306551E-002
   1.9642629312069249        2.9445337593416106E-002
   1.9722806042690040        2.9454766462024669E-002
   1.9803310036429771        2.9461837450236367E-002
   1.9884142629101824        2.9466577931910140E-002
   1.9965305161972071        2.9469015371763441E-002
   2.0046798981781091        2.9469177313782850E-002
   2.0128625440766581        2.9467091369937699E-002
   2.0210785896685763        2.9462785209192027E-002
   2.0293281712837890        2.9456286546810602E-002
   2.0376114258086915        2.9447623133954662E-002
   2.0459284906884188        2.9436822747562909E-002
   2.0542795039291217        2.9423913180513461E-002
   2.0626646041002639        2.9408922232062408E-002
   2.0710839303369175        2.9391877698554350E-002
   2.0795376223420732        2.9372807364400809E-002
   2.0880258203889532        2.9351738993321858E-002
   2.0965486653233478        2.9328700319847079E-002
   2.1051062985659468        2.9303719041070639E-002
   2.1136988621146831        2.9276822808657173E-002
   2.1223264985470975        2.9248039221093269E-002
   2.1309893510226989        2.9217395816180762E-002
   2.1396875632853374        2.9184920063767304E-002
   2.1484212796655959        2.9150639358710123E-002
   2.1571906450831819        2.9114581014068597E-002
   2.1659958050493291        2.9076772254521346E-002
   2.1748369056692178        2.9037240210003812E-002
   2.1837140936443968        2.8996011909562368E-002
   2.1926275162752127        2.8953114275420203E-002
   2.2015773214632635        2.8908574117251454E-002
   2.2105636577138457        2.8862418126659375E-002
   2.2195866741384194        2.8814672871854467E-002
   2.2286465204570853        2.8765364792528454E-002
   2.2377433470010675        2.8714520194920538E-002
   2.2468773047152077        2.8662165247071516E-002
   2.2560485451604677        2.8608325974262352E-002
   2.2652572205164492        2.8553028254633076E-002
   2.2745034835839171        2.8496297814978259E-002
   2.2837874877873303        2.8438160226715473E-002
   2.2931093871773944        2.8378640902022825E-002
   2.3024693364336155        2.8317765090142003E-002
   2.3118674908668622        2.8255557873843328E-002
   2.3213040064219506        2.8192044166048830E-002
   2.3307790396802273        2.8127248706610382E-002
   2.3402927478621649        2.8061196059238937E-002
   2.3498452888299783        2.7993910608581671E-002
   2.3594368210902377        2.7925416557443582E-002
   2.3690675037965030        2.7855737924150061E-002
   2.3787374967519588        2.7784898540047405E-002
   2.3884469604120731        2.7712922047137836E-002
   2.3981960558872570        2.7639831895845585E-002
   2.4079849449455333        2.7565651342911630E-002
   2.4178137900152290        2.7490403449412892E-002
   2.4276827541876669        2.7414111078903694E-002
   2.4375920012198664        2.7336796895676349E-002
   2.4475416955372706        2.7258483363137142E-002
   2.4575320022364697        2.7179192742295757E-002
   2.4675630870879357        2.7098947090364985E-002
   2.4776351165387829        2.7017768259467043E-002
   2.4877482577155234        2.6935677895445098E-002
   2.4979026784268394        2.6852697436776228E-002
   2.5080985471663721        2.6768848113583391E-002
   2.5183360331155162        2.6684150946743965E-002
   2.5286153061462220        2.6598626747091781E-002
   2.5389365368238228        2.6512296114710756E-002
   2.5492998964098588        2.6425179438316879E-002
   2.5597055568649218        2.6337296894726570E-002
   2.5701536908515048        2.6248668448408809E-002
   2.5806444717368717        2.6159313851118606E-002
   2.5911780735959340        2.6069252641609513E-002
   2.6017546712141315        2.5978504145423069E-002
   2.6123744400903441        2.5887087474752327E-002
   2.6230375564397970        2.5795021528378068E-002
   2.6337441971969815        2.5702324991674890E-002
   2.6444945400185995        2.5609016336685237E-002
   2.6552887632865070        2.5515113822259346E-002
   2.6661270461106703        2.5420635494259079E-002
   2.6770095683321458        2.5325599185823316E-002
   2.6879365105260575        2.5230022517693493E-002
   2.6989080540045989        2.5133922898596794E-002
   2.7099243808200328        2.5037317525685426E-002
   2.7209856737677236        2.4940223385030064E-002
   2.7320921163891634        2.4842657252165504E-002
   2.7432438929750149        2.4744635692687159E-002
   2.7544411885681774        2.4646175062896000E-002
   2.7656841889668535        2.4547291510490836E-002
   2.7769730807276272        2.4448000975306014E-002
   2.7883080511685678        2.4348319190092775E-002
   2.7996892883723348        2.4248261681342989E-002
   2.8111169811892935        2.4147843770153520E-002
   2.8225913192406575        2.4047080573129480E-002
   2.8341124929216317        2.3945987003325470E-002
   2.8456806934045655        2.3844577771222661E-002
   2.8572961126421350        2.3742867385740808E-002
   2.8689589433705232        2.3640870155283409E-002
   2.8806693791126143        2.3538600188815106E-002
   2.8924276141812122        2.3436071396969470E-002
   2.9042338436822610        2.3333297493186210E-002
   2.9160882635180831        2.3230291994876515E-002
   2.9279910703906258        2.3127068224615216E-002
   2.9399424618047334        2.3023639311358320E-002
   2.9519426360714194        2.2920018191685394E-002
   2.9639917923111532        2.2816217611064914E-002
   2.9760901304571732        2.2712250125141824E-002
   2.9882378512587997        2.2608128101046211E-002
   3.0004351562847607        2.2503863718721959E-002
   3.0126822479265480        2.2399468972274312E-002
   3.0249793294017673        2.2294955671335295E-002
   3.0373266047575087        2.2190335442446234E-002
   3.0497242788737404        2.2085619730456106E-002
   3.0621725574667020        2.1980819799934884E-002
   3.0746716470923223        2.1875946736601131E-002
   3.0872217551496384        2.1771011448762714E-002
   3.0998230898842483        2.1666024668769785E-002
   3.1124758603917613        2.1560996954479373E-002
   3.1251802766212617        2.1455938690730671E-002
   3.1379365493788032        2.1350860090830082E-002
   3.1507448903309023        2.1245771198045361E-002
   3.1636055120080444        2.1140681887108225E-002
   3.1765186278082207        2.1035601865724406E-002
   3.1894844520004644        2.0930540676090615E-002
   3.2025031997284015        2.0825507696417844E-002
   3.2155750870138298        2.0720512142459870E-002
   3.2287003307602982        2.0615563069046886E-002
   3.2418791487567020        2.0510669371623342E-002
   3.2551117596809069        2.0405839787789027E-002
   3.2683983831033703        2.0301082898843650E-002
   3.2817392394907818        2.0196407131333440E-002
   3.2951345502097307        2.0091820758599804E-002
   3.3085845375303724        1.9987331902329139E-002
   3.3220894246301196        1.9882948534103551E-002
   3.3356494355973410        1.9778678476951778E-002
   3.3492647954350852        1.9674529406899774E-002
   3.3629357300648142        1.9570508854520670E-002
   3.3766624663301439        1.9466624206483575E-002
   3.3904452320006189        1.9362882707100612E-002
   3.4042842557754875        1.9259291459871906E-002
   3.4181797672874907        1.9155857429028235E-002
   3.4321319971066844        1.9052587441070426E-002
   3.4461411767442565        1.8949488186305756E-002
   3.4602075386563675        1.8846566220380591E-002
   3.4743313162480152        1.8743827965808847E-002
   3.4885127438769019        1.8641279713496207E-002
   3.5027520568573265        1.8538927624259439E-002
   3.5170494914640815        1.8436777730340775E-002
   3.5314052849363842        1.8334835936916753E-002
   3.5458196754818094        1.8233108023601504E-002
   3.5602929022802345        1.8131599645943901E-002
   3.5748252054878202        1.8030316336918574E-002
   3.5894168262409902        1.7929263508410183E-002
   3.6040680066604258        1.7828446452691125E-002
   3.6187789898550959        1.7727870343891949E-002
   3.6335500199262847        1.7627540239464615E-002
   3.6483813419716364        1.7527461081638225E-002
   3.6632732020892336        1.7427637698866835E-002
   3.6782258473816740        1.7328074807269528E-002
   3.6932395259601685        1.7228777012062216E-002
   3.7083144869486642        1.7129748808981066E-002
   3.7234509804879772        1.7030994585697380E-002
   3.7386492577399353        1.6932518623223862E-002
   3.7539095708915569        1.6834325097311972E-002
   3.7692321731592284        1.6736418079840026E-002
   3.7846173187929102        1.6638801540192493E-002
   3.8000652630803460        1.6541479346629622E-002
   3.8155762623513128        1.6444455267647814E-002
   3.8311505739818670        1.6347732973330181E-002
   3.8467884563986092        1.6251316036687745E-002
   3.8624901690829847        1.6155207934990336E-002
   3.8782559725755825        1.6059412051087983E-002
   3.8940861284804527        1.5963931674722005E-002
   3.9099808994694594        1.5868770003826038E-002
   3.9259405492866346        1.5773930145816909E-002
   3.9419653427525452        1.5679415118875117E-002
   3.9580555457687030        1.5585227853215004E-002
   3.9742114253219660        1.5491371192344346E-002
   3.9904332494889743        1.5397847894313659E-002
   4.0067212874405893        1.5304660632954784E-002
   4.0230758094463717        1.5211811999108808E-002
   4.0394970868790629        1.5119304501843385E-002
   4.0559853922190783        1.5027140569659451E-002
   4.0725409990590427        1.4935322551686843E-002
   4.0891641821083224        1.4843852718869528E-002
   4.1058552171975808        1.4752733265139773E-002
   4.1226143812833644        1.4661966308581426E-002
   4.1394419524526915        1.4571553892582590E-002
   4.1563382099276636        1.4481497986977123E-002
   4.1733034340701094        1.4391800489175356E-002
   4.1903379063862296        1.4302463225284001E-002
   4.2074419095312638        1.4213487951214986E-002
   4.2246157273141920        1.4124876353783428E-002
   4.2418596447024361        1.4036630051794745E-002
   4.2591739478265858        1.3948750597120843E-002
   4.2765589239851547        1.3861239475765287E-002
   4.2940148616493437        1.3774098108917757E-002
   4.3115420504678283        1.3687327853997481E-002
   4.3291407812715565        1.3600930005686015E-002
   4.3468113460785895        1.3514905796948804E-002
   4.3645540380989400        1.3429256400046411E-002
   4.3823691517394279        1.3343982927534623E-002
   4.4002569826085844        1.3259086433253802E-002
   4.4182178275215458        1.3174567913307726E-002
   4.4362519845049730        1.3090428307031606E-002
   4.4543597528020111        1.3006668497949280E-002
   4.4725414328772475        1.2923289314720133E-002
   4.4907973264216903        1.2840291532075099E-002
   4.5091277363577875        1.2757675871742338E-002
   4.5275329668444471        1.2675443003362322E-002
   4.5460133232820850        1.2593593545392424E-002
   4.5645691123176864        1.2512128066001299E-002
   4.5832006418499045        1.2431047083952576E-002
   4.6019082210341660        1.2350351069478630E-002
   4.6206921602877928        1.2270040445143753E-002
   4.6395527712951647        1.2190115586697383E-002
   4.6584903670128890        1.2110576823917014E-002
   4.6775052616749795        1.2031424441441127E-002
   4.6965977707980926        1.1952658679592054E-002
   4.7157682111867478        1.1874279735188818E-002
   4.7350169009385850        1.1796287762350189E-002
   4.7543441594496505        1.1718682873287716E-002
   4.7737503074196939        1.1641465139089190E-002
   4.7932356668574805        1.1564634590492170E-002
   4.8128005610861475        1.1488191218648001E-002
   4.8324453147485658        1.1412134975876117E-002
   4.8521702538127149        1.1336465776409014E-002
   4.8719757055771122        1.1261183497127479E-002
   4.8918619986762248        1.1186287978286732E-002
   4.9118294630859394        1.1111779024232982E-002
   4.9318784301290162        1.1037656404110958E-002
   4.9520092324806102        1.0963919852562063E-002
   4.9722222041737796        1.0890569070413548E-002
   4.9925176806050207        1.0817603725358593E-002
   5.0128959985398502        1.0745023452627444E-002
   5.0333574961183860        1.0672827855649618E-002
   5.0539025128609465        1.0601016506707299E-002
   5.0745313896737043        1.0529588947580033E-002
   5.0952444688543324        1.0458544690180668E-002
   5.1160420940976774        1.0387883217182732E-002
   5.1369246105014765        1.0317603982639284E-002
   5.1578923645720769        1.0247706412593314E-002
   5.1789457042301867        1.0178189905679704E-002
   5.2000849788166388        1.0109053833719038E-002
   5.2213105390982024        1.0040297542302941E-002
   5.2426227372734004        9.9719203513715035E-003
   5.2640219269783390        9.9039215557824700E-003
   5.2855084632925946        9.8363004258724962E-003
   5.3070827027450962        9.7690562080104144E-003
   5.3287450033200381        9.7021881251427387E-003
   5.3504957244628288        9.6356953773312840E-003
   5.3723352270860527        9.5695771422831654E-003
   5.3942638735754480        9.5038325758731255E-003
   5.4162820277959387        9.4384608126583201E-003
   5.4383900550976607        9.3734609663855984E-003
   5.4605883223220175        9.3088321304914609E-003
   5.4828771978077846        9.2445733785945818E-003
   5.5052570513972130        9.1806837649811568E-003
   5.5277282544421542        9.1171623250830419E-003
   5.5502911798102446        9.0540080759487548E-003
   5.5729462018910780        8.9912200167075393E-003
   5.5956936966024218        8.9287971290263699E-003
   5.6185340413964466        8.8667383775601558E-003
   5.6414676152660075        8.8050427103950248E-003
   5.6644947987509173        8.7437090594850130E-003
   5.6876159739442613        8.6827363410820323E-003
   5.7108315244987482        8.6221234561591475E-003
   5.7341418356330687        8.5618692908274868E-003
   5.7575472941382806        8.5019727167466568E-003
   5.7810482883842447        8.4424325915287077E-003
   5.8046452083260549        8.3832477591359155E-003
   5.8283384455105089        8.3244170502722193E-003
   5.8521283930826149        8.2659392827685741E-003
   5.8760154457921070        8.2078132619622032E-003
