  0.10000000000000001       0.36412039298159782     
  0.10040817718110437       0.28739188835963148     
  0.10081802044832047       0.21326640965553204     
  0.10122953660223166       0.14686222288242973     
  0.10164273247117964        9.2714098882218474E-002
  0.10205761491137796        5.4478374506680013E-002
  0.10247419080702558        3.4705273779057057E-002
  0.10289246707042120        3.4691343763333847E-002
  0.10331245064207799        5.4418945150835590E-002
  0.10373414849083867        9.2583663760758883E-002
  0.10415756761399117       0.14670469050327004     
  0.10458271503738485       0.21330802353258907     
  0.10500959781554686       0.28816808102804520     
  0.10543822303179938       0.36659019881321514     
  0.10586859779837712       0.44371465661818371     
  0.10630072925654524       0.51482237120775565     
  0.10673462457671801       0.57562316724215512     
  0.10717029095857759       0.62250946290567311     
  0.10760773563119364       0.65276109796821014     
  0.10804696585314330       0.66469065032980323     
  0.10848798891263144       0.65772266726112016     
  0.10893081212761184       0.63240450295356576     
  0.10937544284590843       0.59035063536063304     
  0.10982188844533726       0.53412618657735333     
  0.11027015633382903       0.46707868249883000     
  0.11072025394955184       0.39312969585936736     
  0.11117218876103470       0.31653981122753766     
  0.11162596826729153       0.24166127560374775     
  0.11208159999794542       0.17269275279219520     
  0.11253909151335369       0.11344983292443410     
  0.11299845040473337        6.7163453368817447E-002
  0.11345968429428700        3.6316291869894615E-002
  0.11392280083532935        2.2524650418252436E-002
  0.11438780771241415        2.6470526981199678E-002
  0.11485471264146174        4.7885643870476273E-002
  0.11532352336988719        8.5586332450869371E-002
  0.11579424767672861       0.13755551584531864     
  0.11626689337277650       0.20106571425963968     
  0.11674146830070313       0.27283512434013862     
  0.11721798033519278       0.34920746671199371     
  0.11769643738307244       0.42634549440845781     
  0.11817684738344295       0.50042781724762142     
  0.11865921830781066       0.56783900135866638     
  0.11914355816021997       0.62534370048783350     
  0.11962987497738581       0.67023679589370222     
  0.12011817682882717       0.70046307732507129     
  0.12060847181700105       0.71470179051700822     
  0.12110076807743671       0.71241330341291598     
  0.12159507377887094       0.69384710090664681     
  0.12209139712338332       0.66001220880825029     
  0.12258974634653247       0.61261288441683548     
  0.12309012971749274       0.55395391947152672     
  0.12359255553919130       0.48682112336591521     
  0.12409703214844603       0.41434345004258805     
  0.12460356791610375       0.33984377888935702     
  0.12511217124717913       0.26668555413060047     
  0.12562285058099434       0.19812234130208403     
  0.12613561439131882       0.13715690097927979     
  0.12665047118650996        8.6415649039637596E-002
  0.12716742950965446        4.8043419116648986E-002
  0.12768649793870987        2.3622322946228996E-002
  0.12820768508664696        1.4117278015866163E-002
  0.12873099960159279        1.9849499913194044E-002
  0.12925645016697404        4.0497997492675276E-002
  0.12978404550166117        7.5127916308539183E-002
  0.13031379436011306       0.12224349695297826     
  0.13084570553252231       0.17986248906274649     
  0.13137978784496107       0.24560811862737572     
  0.13191605015952751       0.31681416582272509     
  0.13245450137449291       0.39063838293395253     
  0.13299515042444918       0.46417936744007438     
  0.13353800628045717       0.53459209552827702     
  0.13408307795019572       0.59919759984780896     
  0.13463037447811083       0.65558271927256873     
  0.13517990494556581       0.70168642975411832     
  0.13573167847099218       0.73586995235030472     
  0.13628570421004074       0.75696859350880186     
  0.13684199135573349       0.76432406944572528     
  0.13740054913861643       0.75779686764547594     
  0.13796138682691236       0.73775897291652970     
  0.13852451372667493       0.70506800506984224     
  0.13908993918194296       0.66102445619502825     
  0.13965767257489561       0.60731425841793918     
  0.14022772332600780       0.54593934371171227     
  0.14080010089420669       0.47913916679145435     
  0.14137481477702879       0.40930634649528252     
  0.14195187451077720       0.33889964139121498     
  0.14253128967068007       0.27035741718636347     
  0.14311306987104958       0.20601459633341349     
  0.14369722476544117       0.14802581679572471     
  0.14428376404681392        9.8297182587264609E-002
  0.14487269744769149        5.8428580606018972E-002
  0.14546403474032335        2.9668084650090184E-002
  0.14605778573684705        1.2879486896459682E-002
  0.14665396028945119        8.5235077335752401E-003
  0.14725256829053859        1.6652753906584186E-002
  0.14785361967289068        3.6920038201812271E-002
  0.14845712440983222        6.8599255187184641E-002
  0.14906309251539690       0.11061763840977053     
  0.14967153404449324       0.16159791403049695     
  0.15028245909307170       0.21990862066024031     
  0.15089587779829214       0.28372068905068565     
  0.15151180033869191       0.35106826964962412     
  0.15213023693435482       0.41991175982471723     
  0.15275119784708088       0.48820101259245302     
  0.15337469338055626       0.55393679985908784     
  0.15400073388052446       0.61522874879797385     
  0.15462932973495802       0.67034816210920822     
  0.15526049137423079       0.71777436268953465     
  0.15589422927129087       0.75623346128256996     
  0.15653055394183482       0.78472872236905489     
  0.15716947594448166       0.80256198937997936     
  0.15781100588094832       0.80934591614774409     
  0.15845515439622559       0.80500702886356001     
  0.15910193217875471       0.78977990404489473     
  0.15975134996060453       0.76419298650909284     
  0.16040341851764989       0.72904678160805614     
  0.16105814866975027       0.68538533372541321     
  0.16171555128092935       0.63446204523755212     
  0.16237563725955523       0.57770099499740668     
  0.16303841755852153       0.51665498231450913     
  0.16370390317542910       0.45296155189580495     
  0.16437210515276834       0.38829824881922886     
  0.16504303457810285       0.32433831277103775     
  0.16571670258425286       0.26270795068442793     
  0.16639312034948034       0.20494623037587020     
  0.16707229909767446       0.15246851904996059     
  0.16775425009853762       0.10653425420014295     
  0.16843898466777257        6.8219685193152010E-002
  0.16912651416727026        3.8396066425540172E-002
  0.16981685000529834        1.7713622001030046E-002
  0.17051000363669019        6.5914417883911319E-003
  0.17120598656303537        5.2133135395949961E-003
  0.17190481033287031        1.3529349124955561E-002
  0.17260648654186983        3.1263128045863252E-002
  0.17331102683303970        5.7923960864424980E-002
  0.17401844289690985        9.2823771139375802E-002
  0.17472874647172817       0.13509800841294217     
  0.17544194934365545       0.18372993772937443     
  0.17615806334696094       0.23757760351760349     
  0.17687710036421864       0.29540273736412553     
  0.17759907232650440       0.35590086969405876     
  0.17832399121359424       0.41773191370797352     
  0.17905186905416270       0.47955051476394622     
  0.17978271792598266       0.54003549812219298     
  0.18051654995612570       0.59791780071663980     
  0.18125337732116351       0.65200633634135963     
  0.18199321224736950       0.70121131618313448     
  0.18273606701092207       0.74456462578540783     
  0.18348195393810826       0.78123694308483194     
  0.18423088540552804       0.81055136796758831     
  0.18498287384029991       0.83199341979488972     
  0.18573793172026712       0.84521734363228851     
  0.18649607157420448       0.85004874674550113     
  0.18725730598202642       0.84648366275504916     
  0.18802164757499584       0.83468421035061413     
  0.18878910903593346       0.81497107556273884     
  0.18955970309942835       0.78781310042138775     
  0.19033344255204943       0.75381430578337716     
  0.19111034023255730       0.71369871180318356     
  0.19189040903211749       0.66829334579711508     
  0.19267366189451438       0.61850984416278898     
  0.19346011181636599       0.56532506281025596     
  0.19424977184733941       0.50976110965655319     
  0.19504265509036750       0.45286520370133704     
  0.19583877470186650       0.39568974873417578     
  0.19663814389195391       0.33927298662163879     
  0.19744077592466802       0.28462056626313781     
  0.19824668411818794       0.23268833061808564     
  0.19905588184505443       0.18436658665633554     
  0.19986838253239200       0.14046608263903440     
  0.20068419966213161       0.10170587475843378     
  0.20150334677123438        6.8703221781820714E-002
  0.20232583745191612        4.1965602841211584E-002
  0.20315168535187320        2.1884910710886819E-002
  0.20398090417450848        8.7338315720934621E-003
  0.20481350767915915        2.6643830506654950E-003
  0.20564950968132489        3.7085458142749545E-003
  0.20648892405289709        1.1780890724395374E-002
  0.20733176472238896        2.6683073853367184E-002
  0.20817804567516671        4.8110045903430869E-002
  0.20902778095368180        7.5657800914305767E-002
  0.20988098465770355       0.10883247174032422     
  0.21073767094455342       0.14706056665470116     
  0.21159785402933992       0.18970013255413393     
  0.21246154818519422       0.23605262547735661     
  0.21332876774350720       0.28537526833658955     
  0.21419952709416737       0.33689367865530578     
  0.21507384068579924       0.38981455542461863     
  0.21595172302600341       0.44333822361185193     
  0.21683318868159726       0.49667084702321046     
  0.21771825227885655       0.54903613476310242     
  0.21860692850375804       0.59968638305596156     
  0.21949923210222347       0.64791271230641700     
  0.22039517788036408       0.69305437857631591     
  0.22129478070472614       0.73450705876661515     
  0.22219805550253774       0.77173002933503321     
  0.22310501726195672       0.80425217900409407     
  0.22401568103231900       0.83167681628803602     
  0.22493006192438844       0.85368525248886840     
  0.22584817511060773       0.87003915980826851     
  0.22677003582534988       0.88058172215253194     
  0.22769565936517111       0.88523761286598901     
  0.22862506108906488       0.88401184884092499     
  0.22955825641871638       0.87698758408156685     
  0.23049526083875860       0.86432291774218661     
  0.23143608989702943       0.84624680184383672     
  0.23238075920482931       0.82305414226178641     
  0.23332928443718048       0.79510019315712765     
  0.23428168133308711       0.76279434981970440     
  0.23523796569579644       0.72659344793949965     
  0.23619815339306083       0.68699467869639896     
  0.23716226035740115       0.64452822884032401     
  0.23813030258637141       0.59974975322917934     
  0.23910229614282377       0.55323278421819322     
  0.24007825715517533       0.50556117798143174     
  0.24105820181767584       0.45732169243161597     
  0.24204214639067612       0.40909678503287311     
  0.24303010720089804       0.36145771161942780     
  0.24402210064170560       0.31495799949066372     
  0.24501814317337661       0.27012735969620466     
  0.24601825132337590       0.22746609469807633     
  0.24702244168662996       0.18744004864012054     
  0.24803073092580163       0.15047613839918184     
  0.24904313577156709       0.11695849456400718     
  0.25005967302289334        8.7225232600945626E-002
  0.25108035954731700        6.1565865826574528E-002
  0.25210521228122396        4.0219363510900288E-002
  0.25313424823013059        2.3372849564948305E-002
  0.25416748446896609        1.1160929895551421E-002
  0.25520493814235545        3.6656296990339389E-003
  0.25624662646490398        9.1691576356068866E-004
  0.25729256672148348        2.8937732954916295E-003
  0.25834277626751834        9.5258019055394841E-003
  0.25939727252927380        2.0695291202483760E-002
  0.26045607300414547        3.6239732953036286E-002
  0.26151919526094891        5.5954723973867360E-002
  0.26258665694021183        7.9597211815139290E-002
  0.26365847575446660       0.10688903385601596     
  0.26473466948854396       0.13752069963625149     
  0.26581525599986822       0.17115536606297735     
  0.26690025321875377       0.20743295552170712     
  0.26798967914870253       0.24597436784484916     
  0.26908355186670235       0.28638573850514343     
  0.27018188952352734       0.32826269725887913     
  0.27128471034403900       0.37119458371499114     
  0.27239203262748851       0.41476857890196606     
  0.27350387474782023       0.45857371479355663     
  0.27462025515397709       0.50220472688676598     
  0.27574119237020622       0.54526571825120695     
  0.27686670499636645       0.58737360693996199     
  0.27799681170823720       0.62816133222126902     
  0.27913153125782791       0.66728079871291757     
  0.28027088247368953       0.70440554113638199     
  0.28141488426122702       0.73923309601420950     
  0.28256355560301261       0.77148707017754448     
  0.28371691555910122       0.80091889939678662     
  0.28487498326734656       0.82730929376784945     
  0.28603777794371876       0.85046936965305264     
  0.28720531888262307       0.87024147096647775     
  0.28837762545721990       0.88649968538908963     
  0.28955471711974690       0.89915006368319428     
  0.29073661340184104       0.90813055263623355     
  0.29192333391486291       0.91341065429081181     
  0.29311489835022253       0.91499082600493709     
  0.29431132647970543       0.91290163753018294     
  0.29551263815580109       0.90720270269499892     
  0.29671885331203263       0.89798140443741337     
  0.29792999196328690       0.88535143285007578     
  0.29914607420614708       0.86945115658684236     
  0.30036712021922612       0.85044184844222903     
  0.30159315026350136       0.82850578616251891     
  0.30282418468265071       0.80384424959126011     
  0.30406024390339059       0.77667543510480774     
  0.30530134843581452       0.74723230796842177     
  0.30654751887373349       0.71576041275483393     
  0.30779877589501764       0.68251566132927644     
  0.30905514026193970       0.64776211713339638     
  0.31031663282151906       0.61176979361009520     
  0.31158327450586787       0.57481248361784842     
  0.31285508633253861       0.53716563560152120     
  0.31413208940487242       0.49910429113249027     
  0.31541430491234945       0.46090109721803812     
  0.31670175413094059       0.42282440552360168     
  0.31799445842346041       0.38513646936438373     
  0.31929243923992134       0.34809174801828136     
  0.32059571811789023       0.31193532660264589     
  0.32190431668284508       0.27690145845385344     
  0.32321825664853443       0.24321223566212161     
  0.32453755981733712       0.21107639215413188     
  0.32586224808062436       0.18068824249118398     
  0.32719234341912323       0.15222675836964944     
  0.32852786790328065       0.12585478367914912     
  0.32986884369363056       0.10171838789964031     
  0.33121529304116082        7.9946356605455168E-002
  0.33256723828768275        6.0649816897352639E-002
  0.33392470186620210        4.3921994706095542E-002
  0.33528770630129073        2.9838100105437984E-002
  0.33665627420946076        1.8455336040876954E-002
  0.33803042829953994        9.8130252239930407E-003
  0.33941019137304806        3.9328493613173063E-003
  0.34079558632457546        8.1919438097148209E-004
  0.34218663614216327        4.5959488944228509E-004
  0.34358336390768413        2.8252707329844882E-003
  0.34498579279722608        7.8717482518323410E-003
  0.34639394608147639        1.5539558598194985E-002
  0.34780784712610791        2.5755005338294907E-002
  0.34922751939216706        3.8430993471512777E-002
  0.35065298643646264        5.3467911972700885E-002
  0.35208427191195729        7.0754561993440351E-002
  0.35352139956815942        9.0169122940646954E-002
  0.35496439325151735       0.11158014878274884     
  0.35641327690581565       0.13484758711045045     
  0.35786807457257153       0.15982381369706389     
  0.35932881039143427       0.18635467555825652     
  0.36079550860058590       0.21428053579886444     
  0.36226819353714296       0.24343731385098613     
  0.36374688963756052       0.27365751504907004     
  0.36523162143803800       0.30477124385011206     
  0.36672241357492547       0.33660719538659872     
  0.36821929078513355       0.36899362043299810     
  0.36972227790654283       0.40175925926952100     
  0.37123139987841652       0.43473424033678965     
  0.37274668174181458       0.46775093998812067     
  0.37426814864000829       0.50064480005991063     
  0.37579582581889864       0.53325510039223334     
  0.37732973862743413       0.56542568383821556     
  0.37886991251803198       0.59700563170048115     
  0.38041637304700071       0.62784988792288532     
  0.38196914587496344       0.65781983074471007     
  0.38352825676728425       0.68678379089026198     
  0.38509373159449567       0.71461751571808174     
  0.38666559633272773       0.74120457908919257     
  0.38824387706413899       0.76643673703216697     
  0.38982859997734975       0.79021422958309273     
  0.39141979136787586       0.81244602945987465     
  0.39301747763856587       0.83305003849269188     
  0.39462168530003849       0.85195323297453041     
  0.39623244097112265       0.86909175931826066     
  0.39784977137929967       0.88441098160867671     
  0.39947370336114574       0.89786548281997114     
  0.40110426386277853       0.90941902163101795     
  0.40274147994030307       0.91904444691299003     
  0.40438537876026137       0.92672357208662193     
  0.40603598760008325       0.93244701165020949     
  0.40769333384853856       0.93621398226486985     
  0.40935744500619187       0.93803207085122020     
  0.41102834868585908       0.93791697220219805     
  0.41270607261306486       0.93589219865097006     
  0.41439064462650332       0.93198876435156586     
  0.41608209267850005       0.92624484673390106     
  0.41778044483547516       0.91870542768497132     
  0.41948572927840988       0.90942191698533581     
  0.42119797430331363       0.89845176049513853     
  0.42291720832169355       0.88585803553812448     
  0.42464345986102636       0.87170903587605586     
  0.42637675756523108       0.85607784860062930     
  0.42811713019514508       0.83904192519642329     
  0.42986460662900056       0.82068264894731024     
  0.43161921586290408       0.80108490077126304     
  0.43338098701131811       0.78033662547513638     
  0.43514994930754325       0.75852840032296998     
  0.43692613210420378       0.73575300770917729     
  0.43870956487373508       0.71210501362260525     
  0.44050027720887197       0.68768035347959156     
  0.44229829882313998       0.66257592679438571     
  0.44410365955134889       0.63688920204452748     
  0.44591638935008682       0.61071783297749627     
  0.44773651829821842       0.58415928749363999     
  0.44956407659738296       0.55731049013001044     
  0.45139909457249600       0.53026747906021054     
  0.45324160267225266       0.50312507841777121     
  0.45509163146963244       0.47597658664492004     
  0.45694921166240710       0.44891348146540921     
  0.45881437407364939       0.42202514197992491     
  0.46068714965224478       0.39539858828527791     
  0.46256756947340538       0.36911823892503004     
  0.46445566473918498       0.34326568638917321     
  0.46635146677899686       0.31791949079429610     
  0.46825500705013429       0.29315499179372873     
  0.47016631713829160       0.26904413868927407     
  0.47208542875808879       0.24565533864268857     
  0.47401237375359806       0.22305332281596124     
  0.47594718409887132       0.20129903020488080     
  0.47788989189847175       0.18044950887023115     
  0.47984052938800570       0.16055783421549585     
  0.48179912893465782       0.14167304390864296     
  0.48376572303772875       0.12384008899919924     
  0.48574034432917323       0.10709980073940698     
  0.48772302557414277        9.1488872580454156E-002
  0.48971379967152823        7.7039856781109917E-002
  0.49171269965450648        6.3781175036566232E-002
  0.49371975869108847        5.1737142509873352E-002
  0.49573501008466908        4.0928004626672496E-002
  0.49775848727458005        3.1369985976190652E-002
  0.49979022383664523        2.3075350647209426E-002
  0.50183025348373689        1.6052473316976974E-002
  0.50387861006633561        1.0305920403556870E-002
  0.50593532757309234        5.8365405878474507E-003
  0.50800044013139123        2.6415640100959760E-003
  0.51007398200791731        7.1470944722485481E-004
  0.51215598760922409        4.6298781353912794E-005
  0.51424649148230461        6.2337807644120835E-004
  0.51634552831516523        2.4298445887772054E-003
  0.51845313293740036        5.4465790479998983E-003
  0.52056934032077162        9.6515825581701721E-003
  0.52269418557978653        1.5020117483084110E-002
  0.52482770397228251        2.1524851696271049E-002
  0.52696993090001132        2.9136005593810663E-002
  0.52912090190922667        3.7821501287127766E-002
  0.53128065269127367        4.7547113413042880E-002
  0.53344921908318188        5.8276621019516320E-002
  0.53562663706825886        6.9971960007503983E-002
  0.53781294277668812        8.2593375632039015E-002
  0.54000817248612853        9.6099574588999162E-002
  0.54221236262231554       0.11044787623768870     
  0.54442554975966673       0.12559436253359912     
  0.54664777062188774       0.14149402626986030     
  0.54887906208258186       0.15810091725057326     
  0.55111946116586275       0.17536828604349156     
  0.55336900504696696       0.19324872498406268     
  0.55562773105287300       0.21169430612709200     
  0.55789567666291884       0.23065671586620640     
  0.56017287950942463       0.25008738596513802     
  0.56245937737831742       0.26993762076814171     
  0.56475520820975744       0.29015872037961615     
  0.56706041009876806       0.31070209962562506     
  0.56937502129586803       0.33151940263158708     
  0.57169908020770599       0.35256261287180973     
  0.57403262539769728       0.37378415856706504     
  0.57637569558666502       0.39513701332627632     
  0.57872832965348131       0.41657479194770436     
  0.58109056663571335       0.43805184131332381     
  0.58346244573027040       0.45952332632794851     
  0.58584400629405475       0.48094531087151776     
  0.58823528784461476       0.50227483374906989     
  0.59063633006079996       0.52346997963840647     
  0.59304717278342045       0.54448994504981807     
  0.59546785601590702       0.56529509932616118     
  0.59789841992497528       0.58584704072433802     
  0.60033890484129260       0.60610864763147598     
  0.60278935126014666       0.62604412498038420     
  0.60524979984211758       0.64561904593933162     
  0.60772029141375294       0.66480038896111726     
  0.61020086696824494       0.68355657028516004     
  0.61269156766611022       0.70185747199478032     
  0.61519243483587394       0.71967446573920191     
  0.61770350997475421       0.73698043223664711     
  0.62022483474935197       0.75374977668095300     
  0.62275645099634114       0.76995844017955162     
  0.62529840072316345       0.78558390735539663     
  0.62785072610872605       0.80060521024953968     
  0.63041346950409982       0.81500292866450141     
  0.63298667343322390       0.82875918709161644     
  0.63557038059361004       0.84185764836775601     
  0.63816463385705124       0.85428350420870025     
  0.64076947627033398       0.86602346276776476     
  0.64338495105595150       0.87706573336901572     
  0.64601110161282127       0.88740000856485624     
  0.64864797151700582       0.89701744366759595     
  0.65129560452243462       0.90591063390417415     
  0.65395404456163087       0.91407358934230121     
  0.65662333574644061       0.92150170773504070     
  0.65930352236876377       0.92819174542927096     
  0.66199464890129045       0.93414178648156942     
  0.66469675999823752       0.93935121012287504     
  0.66740990049609028       0.94382065671082516     
  0.67013411541434675       0.94755199230597331     
  0.67286944995626363       0.95054827200514802     
  0.67561594950960757       0.95281370216212669     
  0.67837365964740748       0.95435360162243477     
  0.68114262612871068       0.95517436209566564     
  0.68392289489934310       0.95528340778506571     
  0.68671451209267076       0.95468915439040114     
  0.68951752403036504       0.95340096759628790     
  0.69233197722317286       0.95142912115421363     
  0.69515791837168661       0.94878475466247492     
  0.69799539436711988       0.94547983114419143     
  0.70084445229208592       0.94152709451943728     
  0.70370513942137802       0.93694002706337542     
  0.70657750322275481       0.93173280693814686     
  0.70946159135772713       0.92592026588205356     
  0.71235745168234910       0.91951784713546536     
  0.71526513224801314       0.91254156367868622     
  0.71818468130224533       0.90500795685292945     
  0.72111614728950835       0.89693405543145766     
  0.72405957885200312       0.88833733520391400     
  0.72701502483047720       0.87923567913286893     
  0.72998253426503557       0.86964733813772432     
  0.73296215639595286       0.85959089255721233     
  0.73595394066449149       0.84908521433800221     
  0.73895793671372234       0.83814942999316333     
  0.74197419438934753       0.82680288437068605     
  0.74500276374052765       0.81506510526869080     
  0.74804369502071344       0.80295576893051734     
  0.75109703868847777       0.79049466644960031     
  0.75416284540835488       0.77770167111073552     
  0.75724116605167924       0.76459670669126367     
  0.76033205169743068       0.75119971674262620     
  0.76343555363308235       0.73753063486985948     
  0.76655172335545019       0.72360935602374743     
  0.76968061257154952       0.70945570881767162     
  0.77282227319945096       0.69508942887858183     
  0.77597675736914307       0.68053013323903289     
  0.77914411742339751       0.66579729577484770     
  0.78232440591863694       0.65091022369070350     
  0.78551767562580699       0.63588803505377423     
  0.78872397953125306       0.62074963737349997     
  0.79194337083759792       0.60551370722364106     
  0.79517590296462559       0.59019867090088196     
  0.79842162955016782       0.57482268611255716     
  0.80168060445099321       0.55940362468442173     
  0.80495288174370172       0.54395905627785213     
  0.80823851572562166       0.52850623310444433     
  0.81153756091571005       0.51306207562458617     
  0.81485007205545901       0.49764315921542601     
  0.81817610410980179       0.48226570179244926     
  0.82151571226802678       0.46694555236776619     
  0.82486895194469190       0.45169818052738248     
  0.82823587878054472       0.43653866680866388     
  0.83161654864344625       0.42148169395852814     
  0.83501101762929653       0.40654153905212886     
  0.83841934206296653       0.39173206645106262     
  0.84184157849923302       0.37706672157972904     
  0.84527778372371576       0.36255852549776901     
  0.84872801475382054       0.34822007024621937     
  0.85219232883968588       0.33406351494455400     
  0.85567078346513115       0.32010058261554664     
  0.85916343634861292       0.30634255771455404     
  0.86267034544418009       0.29280028433972183     
  0.86619156894243732       0.27948416509938157     
  0.86972716527151039       0.26640416061292971     
  0.87327719309801433       0.25356978962132537     
  0.87684171132802924       0.24099012968344971     
  0.88042077910807537       0.22867381843458970     
  0.88401445582609561       0.21662905538339039     
  0.88762280111244185       0.20486360422378125     
  0.89124587484086226       0.19338479563855432     
  0.89488373712949654       0.18219953057147276     
  0.89853644834187318       0.17131428394502168     
  0.90220406908791040       0.16073510880120537     
  0.90588666022492215       0.15046764084308731     
  0.90958428285862880       0.14051710335506853     
  0.91329699834416944       0.13088831248030844     
  0.91702486828712149       0.12158568283398863     
  0.92076795454452198       0.11261323343157774     
  0.92452631922589401       0.10397459391162595     
  0.92830002469427830        9.5673011033045194E-002
  0.93208913356726641        8.7711355427308818E-002
  0.93589370871804145        8.0092128586395223E-002
  0.93971381327641990        7.2817470067827794E-002
  0.94354951062989978        6.5889164898596225E-002
  0.94740086442471305        5.9308651160247437E-002
  0.95126793856688030        5.3077027737923971E-002
  0.95515079722327212        4.7195062216610781E-002
  0.95904950482267404        4.1663198908371966E-002
  0.96296412605685466        3.6481566994851021E-002
  0.96689472588163972        3.1649988769823396E-002
  0.97084136951799027        2.7167987967076465E-002
  0.97480412245308368        2.3034798159443152E-002
  0.97878305044140190        1.9249371215277273E-002
  0.98277821950582100        1.5810385799192726E-002
  0.98678969593870736        1.2716255904383970E-002
  0.99081754630301844        9.9651394043412892E-003
  0.99486183743340539        7.5549466122852311E-003
  0.99892263643732426        5.4833488371109343E-003
   1.0030000106961476        3.7477869251487943E-003
   1.0070940278662834        2.3454797775029359E-003
   1.0112047558802988        1.2734328332183159E-003
   1.0153322629480441        5.2844650898822842E-004
   1.0194766175577885        1.0712458657194977E-004
   1.0236378884773538        5.8825395480314672E-006
   1.0278161447552574        2.2095579146804291E-004
   1.0320114557218547        7.4840789791143973E-004
   1.0362238909904942        1.5841386453687096E-003
   1.0404535204586696        2.7238920602946580E-003
   1.0447004143091787        4.1632643220814855E-003
   1.0489646430112913        5.8977115741005205E-003
   1.0532462773219167        7.9225576273444561E-003
   1.0575453882867758        1.0233001551582131E-002
   1.0618620472415838        1.2824125149310613E-002
   1.0661963258132321        1.5690900308134106E-002
   1.0705482959209747        1.8828196227554231E-002
   1.0749180297776255        2.2230786516502111E-002
   1.0793055998907541        2.5893356158245413E-002
   1.0837110790638902        2.9810508339636745E-002
   1.0881345403977287        3.3976771141977606E-002
   1.0925760572913470        3.8386604091058762E-002
   1.0970357034434204        4.3034404564216783E-002
   1.1015135528534441        4.7914514052541039E-002
   1.1060096798229635        5.3021224276615521E-002
   1.1105241589568067        5.8348783154436867E-002
   1.1150570651643195        6.3891400620387728E-002
   1.1196084736606120        6.9643254294407306E-002
   1.1241784599678060        7.5598495000688326E-002
   1.1287670999162849        8.1751252135460487E-002
   1.1333744696459565        8.8095638883652128E-002
   1.1380006456075142        9.4625757284369033E-002
   1.1426457045637044       0.10133570314535631     
   1.1473097235906025       0.10821957080677902     
   1.1519927800788912       0.11527145775481733     
   1.1566949517351428       0.12248546908573237     
   1.1614163165831117       0.12985572182124994     
   1.1661569529650266       0.13737634907617932     
   1.1709169395428922       0.14504150407940566     
   1.1756963552997917       0.15284536404946217     
   1.1804952795412009       0.16078213392604099     
   1.1853137918963028       0.16884604995889757     
   1.1901519723193061       0.17703138315572964     
   1.1950099010907769       0.18533244259069681     
   1.1998876588189678       0.19374357857534016     
   1.2047853264411541       0.20225918569375184     
   1.2097029852249803       0.21087370570394612     
   1.2146407167698074       0.21958163030739700     
   1.2195986030080641       0.22837750378884741     
   1.2245767262066105       0.23725592552851321     
   1.2295751689681005       0.24621155238887318     
   1.2345940142323542       0.25523910097827773     
   1.2396333452777308       0.26433334979368095     
   1.2446932457225151       0.27348914124481910     
   1.2497737995263021       0.28270138356218816     
   1.2548750909913893       0.29196505259123229     
   1.2599972047641785       0.30127519347516901     
   1.2651402258365791       0.31062692222887561     
   1.2703042395474162       0.32001542720632498     
   1.2754893315838498       0.32943597046404421     
   1.2806955879827961       0.33888388902308292     
   1.2859230951323521       0.34835459603198748     
   1.2911719397732333       0.35784358183329618     
   1.2964422090002106       0.36734641493605164     
   1.3017339902635547       0.37685874289682320     
   1.3070473713704895       0.38637629311175803     
   1.3123824404866489       0.39589487352213165     
   1.3177392861375357       0.40541037323587081     
   1.3231179972099965       0.41491876306754283     
   1.3285186629536925       0.42441609599922792     
   1.3339413729825829       0.43389850756473125     
   1.3393862172764077       0.44336221615953231     
   1.3448532861821869       0.45280352327887352     
   1.3503426704157151       0.46221881368634971     
   1.3558544610630672       0.47160455551533798     
   1.3613887495821120       0.48095730030560735     
   1.3669456278040288       0.49027368297735746     
   1.3725251879348284       0.49955042174497949     
   1.3781275225568879       0.50878431797275170     
   1.3837527246304846       0.51797225597466978     
   1.3894008874953359       0.52711120276056522     
   1.3950721048721533       0.53619820773066806     
   1.4007664708641934       0.54523040232066744     
   1.4064840799588225       0.55420499959937131     
   1.4122250270290799       0.56311929382094539     
   1.4179894073352572       0.57197065993376117     
   1.4237773165264773       0.58075655304777263     
   1.4295888506422783       0.58947450786231625     
   1.4354241061142121       0.59812213805626213     
   1.4412831797674421       0.60669713564228622     
   1.4471661688223481       0.61519727028709348     
   1.4530731708961429       0.62362038859934354     
   1.4590042840044910       0.63196441338697729     
   1.4649596065631323       0.64022734288564265     
   1.4709392373895191       0.64840724995982568     
   1.4769432757044543       0.65650228127832233     
   1.4829718211337348       0.66451065646556617     
   1.4890249737098105       0.67243066723036471     
   1.4951028338734396       0.68026067647349575     
   1.5012055024753554       0.68799911737561781     
   1.5073330807779428       0.69564449246688842     
   1.5134856704569155       0.70319537267966015     
   1.5196633736030056       0.71065039638556171     
   1.5258662927236537       0.71800826841825216     
   1.5320945307447145       0.72526775908312269     
   1.5383481910121630       0.73242770315510730     
   1.5446273772938062       0.73948699886581570     
   1.5509321937810101       0.74644460688110614     
   1.5572627450904259       0.75329954927019627     
   1.5636191362657244       0.76005090846739043     
   1.5700014727793419       0.76669782622743499     
   1.5764098605342303       0.77323950257550567     
   1.5828444058656099       0.77967519475278801     
   1.5893052155427401       0.78600421615857163     
   1.5957923967706868       0.79222593528975538     
   1.6023060571921037       0.79833977467862582     
   1.6088463048890147       0.80434520982972835     
   1.6154132483846122       0.81024176815664373     
   1.6220069966450557       0.81602902791942222     
   1.6286276590812767       0.82170661716341520     
   1.6352753455508005       0.82727421266022128     
   1.6419501663595648       0.83273153885140550     
   1.6486522322637496       0.83807836679565384     
   1.6553816544716176       0.84331451311998296     
   1.6621385446453594       0.84843983897559583     
   1.6689230149029417       0.85345424899894728     
   1.6757351778199741       0.85835769027856623     
   1.6825751464315746       0.86315015132815054     
   1.6894430342342412       0.86783166106641485     
   1.6963389551877424       0.87240228780417428     
   1.7032630237170037       0.87686213823909065     
   1.7102153547140044       0.88121135645850679     
   1.7171960635396897       0.88545012295077330     
   1.7242052660258809       0.88957865362543098     
   1.7312430784771990       0.89359719884260769     
   1.7383096176729915       0.89750604245196541     
   1.7454050008692747       0.90130550084151062     
   1.7525293458006783       0.90499592199655288     
   1.7596827706823941       0.90857768456909316     
   1.7668653942121444       0.91205119695790293     
   1.7740773355721486       0.91541689639952240     
   1.7813187144310982       0.91867524807039147     
   1.7885896509461472       0.92182674420034905     
   1.7958902657649043       0.92487190319764778     
   1.8032206800274309       0.92781126878568010     
   1.8105810153682576       0.93064540915157246     
   1.8179713939183981       0.93337491610677259     
   1.8253919383073787       0.93600040425978259     
   1.8328427716652678       0.93852251020111621     
   1.8403240176247260       0.94094189170062192     
   1.8478358003230537       0.94325922691722353     
   1.8553782444042495       0.94547521362116960     
   1.8629514750210820       0.94759056842886313     
   1.8705556178371661       0.94960602605029620     
   1.8781907990290427       0.95152233854915802     
   1.8858571452882809       0.95334027461562920     
   1.8935547838235744       0.95506061885189197     
   1.9012838423628520       0.95668417107034809     
   1.9090444491554013       0.95821174560457190     
   1.9168367329739937       0.95964417063297092     
   1.9246608231170197       0.96098228751513193     
   1.9325168494106386       0.96222695014084769     
   1.9404049422109304       0.96337902429177114     
   1.9483252324060565       0.96443938701566723     
   1.9562778514184365       0.96540892601320238     
   1.9642629312069249       0.96628853903723644     
   1.9722806042690040       0.96707913330453077     
   1.9803310036429771       0.96778162491981690     
   1.9884142629101824       0.96839693831216045     
   1.9965305161972071       0.96892600568351761     
   2.0046798981781091       0.96936976646942252     
   2.0128625440766581       0.96972916681169707     
   2.0210785896685763       0.97000515904310114     
   2.0293281712837890       0.97019870118381368     
   2.0376114258086915       0.97031075644965448     
   2.0459284906884188       0.97034229277191852     
   2.0542795039291217       0.97029428232872994     
   2.0626646041002639       0.97016770108779571     
   2.0710839303369175       0.96996352836043198     
   2.0795376223420732       0.96968274636675100     
   2.0880258203889532       0.96932633981188543     
   2.0965486653233478       0.96889529547311204     
   2.1051062985659468       0.96839060179776104     
   2.1136988621146831       0.96781324851176509     
   2.1223264985470975       0.96716422623872111     
   2.1309893510226989       0.96644452612933207     
   2.1396875632853374       0.96565513950108539     
   2.1484212796655959       0.96479705748803224     
   2.1571906450831819       0.96387127070053258     
   2.1659958050493291       0.96287876889480783     
   2.1748369056692178       0.96182054065218203     
   2.1837140936443968       0.96069757306785386     
   2.1926275162752127       0.95951085144905612     
   2.2015773214632635       0.95826135902245690     
   2.2105636577138457       0.95695007665067111     
   2.2195866741384194       0.95557798255771631     
   2.2286465204570853       0.95414605206328196     
   2.2377433470010675       0.95265525732565992     
   2.2468773047152077       0.95110656709319130     
   2.2560485451604677       0.94950094646408523     
   2.2652572205164492       0.94783935665445973     
   2.2745034835839171       0.94612275477446728     
   2.2837874877873303       0.94435209361234618     
   2.2931093871773944       0.94252832142626974     
   2.3024693364336155       0.94065238174383858     
   2.3118674908668622       0.93872521316907054     
   2.3213040064219506       0.93674774919675619     
   2.3307790396802273       0.93472091803402513     
   2.3402927478621649       0.93264564242899184     
   2.3498452888299783       0.93052283950633752     
   2.3594368210902377       0.92835342060967962     
   2.3690675037965030       0.92613829115061219     
   2.3787374967519588       0.92387835046425093     
   2.3884469604120731       0.92157449167117633     
   2.3981960558872570       0.91922760154561078     
   2.4079849449455333       0.91683856038972444     
   2.4178137900152290       0.91440824191391057     
   2.4276827541876669       0.91193751312291738     
   2.4375920012198664       0.90942723420770288     
   2.4475416955372706       0.90687825844287162     
   2.4575320022364697       0.90429143208958385     
   2.4675630870879357       0.90166759430380627     
   2.4776351165387829       0.89900757704976020     
   2.4877482577155234       0.89631220501847941     
   2.4979026784268394       0.89358229555132684     
   2.5080985471663721       0.89081865856836062     
   2.5183360331155162       0.88802209650143693     
   2.5286153061462220       0.88519340423191806     
   2.5389365368238228       0.88233336903288717     
   2.5492998964098588       0.87944277051574249     
   2.5597055568649218       0.87652238058106779     
   2.5701536908515048       0.87357296337366086     
   2.5806444717368717       0.87059527524161673     
   2.5911780735959340       0.86759006469935873     
   2.6017546712141315       0.86455807239450644     
   2.6123744400903441       0.86150003107847883     
   2.6230375564397970       0.85841666558073315     
   2.6337441971969815       0.85530869278653776     
   2.6444945400185995       0.85217682161817077     
   2.6552887632865070       0.84902175301946003     
   2.6661270461106703       0.84584417994356642     
   2.6770095683321458       0.84264478734389736     
   2.6879365105260575       0.83942425216809535     
   2.6989080540045989       0.83618324335496153     
   2.7099243808200328       0.83292242183427656     
   2.7209856737677236       0.82964244052938596     
   2.7320921163891634       0.82634394436248904     
   2.7432438929750149       0.82302757026255069     
   2.7544411885681774       0.81969394717572164     
   2.7656841889668535       0.81634369607822932     
   2.7769730807276272       0.81297742999161859     
   2.7883080511685678       0.80959575400029093     
   2.7996892883723348       0.80619926527125618     
   2.8111169811892935       0.80278855307601671     
   2.8225913192406575       0.79936419881451803     
   2.8341124929216317       0.79592677604108653     
   2.8456806934045655       0.79247685049229122     
   2.8572961126421350       0.78901498011665228     
   2.8689589433705232       0.78554171510612758     
   2.8806693791126143       0.78205759792932616     
   2.8924276141812122       0.77856316336635756     
   2.9042338436822610       0.77505893854527697     
   2.9160882635180831       0.77154544298004901     
   2.9279910703906258       0.76802318860997898     
   2.9399424618047334       0.76449267984053859     
   2.9519426360714194       0.76095441358554738     
   2.9639917923111532       0.75740887931063072     
   2.9760901304571732       0.75385655907791871     
   2.9882378512587997       0.75029792759191238     
   3.0004351562847607       0.74673345224648646     
   3.0126822479265480       0.74316359317295255     
   3.0249793294017673       0.73958880328914867     
   3.0373266047575087       0.73600952834950328     
   3.0497242788737404       0.73242620699601635     
   3.0621725574667020       0.72883927081012523     
   3.0746716470923223       0.72524914436539101     
   3.0872217551496384       0.72165624528098271     
   3.0998230898842483       0.71806098427589138     
   3.1124758603917613       0.71446376522385124     
   3.1251802766212617       0.71086498520891861     
   3.1379365493788032       0.70726503458166579     
   3.1507448903309023       0.70366429701595312     
   3.1636055120080444       0.70006314956624616     
   3.1765186278082207       0.69646196272542726     
   3.1894844520004644       0.69286110048308136     
   3.2025031997284015       0.68926092038421105     
   3.2155750870138298       0.68566177358834401     
   3.2287003307602982       0.68206400492900865     
   3.2418791487567020       0.67846795297354534     
   3.2551117596809069       0.67487395008320228     
   3.2683983831033703       0.67128232247351738     
   3.2817392394907818       0.66769339027492980     
   3.2951345502097307       0.66410746759360362     
   3.3085845375303724       0.66052486257243570     
   3.3220894246301196       0.65694587745221722     
   3.3356494355973410       0.65337080863292707     
   3.3492647954350852       0.64979994673512276     
   3.3629357300648142       0.64623357666141756     
   3.3766624663301439       0.64267197765800754     
   3.3904452320006189       0.63911542337623006     
   3.4042842557754875       0.63556418193413433     
   3.4181797672874907       0.63201851597803793     
   3.4321319971066844       0.62847868274404728     
   3.4461411767442565       0.62494493411952690     
   3.4602075386563675       0.62141751670449430     
   3.4743313162480152       0.61789667187292263     
   3.4885127438769019       0.61438263583392949     
   3.5027520568573265       0.61087563969283865     
   3.5170494914640815       0.60737590951209830     
   3.5314052849363842       0.60388366637203295     
   3.5458196754818094       0.60039912643141824     
   3.5602929022802345       0.59692250098786215     
   3.5748252054878202       0.59345399653798236     
   3.5894168262409902       0.58999381483735058     
   3.6040680066604258       0.58654215296021195     
   3.6187789898550959       0.58309920335894894     
   3.6335500199262847       0.57966515392328366     
   3.6483813419716364       0.57624018803921107     
   3.6632732020892336       0.57282448464763769     
   3.6782258473816740       0.56941821830273376     
   3.6932395259601685       0.56602155922997244     
   3.7083144869486642       0.56263467338385098     
   3.7234509804879772       0.55925772250528782     
   3.7386492577399353       0.55589086417868161     
   3.7539095708915569       0.55253425188862804     
   3.7692321731592284       0.54918803507627423     
   3.7846173187929102       0.54585235919532238     
   3.8000652630803460       0.54252736576765836     
   3.8155762623513128       0.53921319243860188     
   3.8311505739818670       0.53590997303177723     
   3.8467884563986092       0.53261783760359349     
   3.8624901690829847       0.52933691249732295     
   3.8782559725755825       0.52606732039678572     
   3.8940861284804527       0.52280918037962154     
   3.9099808994694594       0.51956260797014864     
   3.9259405492866346       0.51632771519180642     
   3.9419653427525452       0.51310461061917945     
   3.9580555457687030       0.50989339942958833     
   3.9742114253219660       0.50669418345424999     
   3.9904332494889743       0.50350706122901501     
   4.0067212874405893       0.50033212804465732     
   4.0230758094463717       0.49716947599672223     
   4.0394970868790629       0.49401919403493744     
   4.0559853922190783       0.49088136801218002     
   4.0725409990590427       0.48775608073298188     
   4.0891641821083224       0.48464341200160055     
   4.1058552171975808       0.48154343866962707     
   4.1226143812833644       0.47845623468314369     
   4.1394419524526915       0.47538187112942731     
   4.1563382099276636       0.47232041628319205     
   4.1733034340701094       0.46927193565237818     
   4.1903379063862296       0.46623649202347878     
   4.2074419095312638       0.46321414550641293     
   4.2246157273141920       0.46020495357892777     
   4.2418596447024361       0.45720897113055636     
   4.2591739478265858       0.45422625050609994     
   4.2765589239851547       0.45125684154866064     
   4.2940148616493437       0.44830079164220893     
   4.3115420504678283       0.44535814575369004     
   4.3291407812715565       0.44242894647468051     
   4.3468113460785895       0.43951323406257325     
   4.3645540380989400       0.43661104648131427     
   4.3823691517394279       0.43372241944168038     
   4.4002569826085844       0.43084738644109655     
   4.4182178275215458       0.42798597880300715     
   4.4362519845049730       0.42513822571578808     
   4.4543597528020111       0.42230415427120388     
   4.4725414328772475       0.41948378950242565     
   4.4907973264216903       0.41667715442158904     
   4.5091277363577875       0.41388427005691009     
   4.5275329668444471       0.41110515548935722     
   4.5460133232820850       0.40833982788887480     
   4.5645691123176864       0.40558830255017431     
   4.5832006418499045       0.40285059292807496     
   4.6019082210341660       0.40012671067241762     
   4.6206921602877928       0.39741666566253764     
   4.6395527712951647       0.39472046604130806     
   4.6584903670128890       0.39203811824875151     
   4.6775052616749795       0.38936962705522832     
   4.6965977707980926       0.38671499559419248     
   4.7157682111867478       0.38407422539453212     
   4.7350169009385850       0.38144731641248852     
   4.7543441594496505       0.37883426706315521     
   4.7737503074196939       0.37623507425156716     
   4.7932356668574805       0.37364973340337643     
   4.8128005610861475       0.37107823849511884     
   4.8324453147485658       0.36852058208407590     
   4.8521702538127149       0.36597675533773671     
   4.8719757055771122       0.36344674806285338     
   4.8918619986762248       0.36093054873411096     
   4.9118294630859394       0.35842814452238875     
   4.9318784301290162       0.35593952132264955     
   4.9520092324806102       0.35346466378142521     
   4.9722222041737796       0.35100355532392757     
   4.9925176806050207       0.34855617818077644     
   5.0128959985398502       0.34612251341435007     
   5.0333574961183860       0.34370254094475972     
   5.0539025128609465       0.34129623957545574     
   5.0745313896737043       0.33890358701846357     
   5.0952444688543324       0.33652455991925745     
   5.1160420940976774       0.33415913388127055     
   5.1369246105014765       0.33180728349004907     
   5.1578923645720769       0.32946898233705202     
   5.1789457042301867       0.32714420304309733     
   5.2000849788166388       0.32483291728146541     
   5.2213105390982024       0.32253509580064976     
   5.2426227372734004       0.32025070844677672     
   5.2640219269783390       0.31797972418568021     
   5.2855084632925946       0.31572211112464421     
   5.3070827027450962       0.31347783653381567     
   5.3287450033200381       0.31124686686728881     
   5.3504957244628288       0.30902916778386463     
   5.3723352270860527       0.30682470416749080     
   5.3942638735754480       0.30463344014738514     
   5.4162820277959387       0.30245533911784200     
   5.4383900550976607       0.30029036375773016     
   5.4605883223220175       0.29813847604968474     
   5.4828771978077846       0.29599963729899148     
   5.5052570513972130       0.29387380815217373     
   5.5277282544421542       0.29176094861528168     
   5.5502911798102446       0.28966101807188516     
   5.5729462018910780       0.28757397530077955     
   5.5956936966024218       0.28549977849340208     
   5.6185340413964466       0.28343838527096560     
   5.6414676152660075       0.28138975270130839     
   5.6644947987509173       0.27935383731547164     
   5.6876159739442613       0.27733059512399905     
   5.7108315244987482       0.27531998163296589     
   5.7341418356330687       0.27332195185974140     
   5.7575472941382806       0.27133646034848674     
   5.7810482883842447       0.26936346118539006     
   5.8046452083260549       0.26740290801364586     
   5.8283384455105089       0.26545475404817598     
   5.8521283930826149       0.26351895209010251     
   5.8760154457921070       0.26159545454096922     
