  0.10000000000000001       0.47021240799832570     
  0.10040817718110437       0.38412745017316219     
  0.10081802044832047       0.29610851721261194     
  0.10122953660223166       0.21228207510306563     
  0.10164273247117964       0.13839357081453660     
  0.10205761491137796        7.9425301261906320E-002
  0.10247419080702558        3.9277981450303562E-002
  0.10289246707042120        2.0534979836957332E-002
  0.10331245064207799        2.4321735994729386E-002
  0.10373414849083867        5.0265937299089833E-002
  0.10415756761399117        9.6557102816423990E-002
  0.10458271503738485       0.16009776377807472     
  0.10500959781554686       0.23673283751769078     
  0.10543822303179938       0.32153937720631937     
  0.10586859779837712       0.40915585595631876     
  0.10630072925654524       0.49412861855563828     
  0.10673462457671801       0.57125311090787978     
  0.10717029095857759       0.63588888366306628     
  0.10760773563119364       0.68422998716590810     
  0.10804696585314330       0.71351598904821811     
  0.10848798891263144       0.72217316777215146     
  0.10893081212761184       0.70988015563920670     
  0.10937544284590843       0.67755711091005100     
  0.10982188844533726       0.62728209508411581     
  0.11027015633382903       0.56214245581427968     
  0.11072025394955184       0.48603245281508234     
  0.11117218876103470       0.40341095390804710     
  0.11162596826729153       0.31903467266079844     
  0.11208159999794542       0.23768308180211709     
  0.11253909151335369       0.16389084116770475     
  0.11299845040473337       0.10170240236636320     
  0.11345968429428700        5.4461516642682235E-002
  0.11392280083532935        2.4645834045839737E-002
  0.11438780771241415        1.3753820423871150E-002
  0.11485471264146174        2.2248024410057347E-002
  0.11532352336988719        4.9555489437555660E-002
  0.11579424767672861        9.4123004896388168E-002
  0.11626689337277650       0.15352208481791205     
  0.11674146830070313       0.22459618377112672     
  0.11721798033519278       0.30364080762548562     
  0.11769643738307244       0.38660591605570177     
  0.11817684738344295       0.46930937292412911     
  0.11865921830781066       0.54765017422280082     
  0.11914355816021997       0.61781073377792872     
  0.11962987497738581       0.67643856993993723     
  0.12011817682882717       0.72079922581120448     
  0.12060847181700105       0.74889406940774972     
  0.12110076807743671       0.75953864751720701     
  0.12159507377887094       0.75239939403894185     
  0.12209139712338332       0.72798860947781063     
  0.12258974634653247       0.68761963056563946     
  0.12309012971749274       0.63332590802547850     
  0.12359255553919130       0.56774923276893785     
  0.12409703214844603       0.49400354131698893     
  0.12460356791610375       0.41552155466846163     
  0.12511217124717913       0.33589194579229592     
  0.12562285058099434       0.25869479303832410     
  0.12613561439131882       0.18734278111053349     
  0.12665047118650996       0.12493499395924738     
  0.12716742950965446        7.4129253380314258E-002
  0.12768649793870987        3.7037850659307862E-002
  0.12820768508664696        1.5150259373791067E-002
  0.12873099960159279        9.2850709793097699E-003
  0.12925645016697404        1.9572025827461658E-002
  0.12978404550166117        4.5463681991585500E-002
  0.13031379436011306        8.5775027888412333E-002
  0.13084570553252231       0.13874824938334904     
  0.13137978784496107       0.20213894563390847     
  0.13191605015952751       0.27331937781446597     
  0.13245450137449291       0.34939384782409444     
  0.13299515042444918       0.42732104626849937     
  0.13353800628045717       0.50403817656111416     
  0.13408307795019572       0.57658184195968731     
  0.13463037447811083       0.64220105395802241     
  0.13517990494556581       0.69845825653986615     
  0.13573167847099218       0.74331492946958377     
  0.13628570421004074       0.77519910005849513     
  0.13684199135573349       0.79305292029728824     
  0.13740054913861643       0.79635931862208909     
  0.13796138682691236       0.78514757820850467     
  0.13852451372667493       0.75997849471930723     
  0.13908993918194296       0.72191049788633799     
  0.13965767257489561       0.67244875985790964     
  0.14022772332600780       0.61347984075488782     
  0.14080010089420669       0.54719482570331757     
  0.14137481477702879       0.47600418063962457     
  0.14195187451077720       0.40244769468694608     
  0.14253128967068007       0.32910288816952138     
  0.14311306987104958       0.25849515517222071     
  0.14369722476544117       0.19301268963629267     
  0.14428376404681392       0.13482892912662367     
  0.14487269744769149        8.5834857780426654E-002
  0.14546403474032335        4.7583058277457388E-002
  0.14605778573684705        2.1244911440030611E-002
  0.14665396028945119        7.5818307692259073E-003
  0.14725256829053859        6.9309066602311741E-003
  0.14785361967289068        1.9204838734406267E-002
  0.14845712440983222        4.3905570401183855E-002
  0.14906309251539690        8.0150620939850606E-002
  0.14967153404449324       0.12671074809730629     
  0.15028245909307170       0.18205727678681752     
  0.15089587779829214       0.24441720254934440     
  0.15151180033869191       0.31183402488679551     
  0.15213023693435482       0.38223218567301609     
  0.15275119784708088       0.45348297945850957     
  0.15337469338055626       0.52346986132029660     
  0.15400073388052446       0.59015119783296255     
  0.15462932973495802       0.65161868011076385     
  0.15526049137423079       0.70614983590984948     
  0.15589422927129087       0.75225333092739533     
  0.15653055394183482       0.78870602772021559     
  0.15716947594448166       0.81458106405296182     
  0.15781100588094832       0.82926651118702976     
  0.15845515439622559       0.83247446738184494     
  0.15910193217875471       0.82424072422025996     
  0.15975134996060453       0.80491540578208698     
  0.16040341851764989       0.77514521679053627     
  0.16105814866975027       0.73584814048913905     
  0.16171555128092935       0.68818159629996090     
  0.16237563725955523       0.63350519869605348     
  0.16303841755852153       0.57333935089304999     
  0.16370390317542910       0.50932095984137915     
  0.16437210515276834       0.44315757361475067     
  0.16504303457810285       0.37658122068054589     
  0.16571670258425286       0.31130317560839454     
  0.16639312034948034       0.24897079114572818     
  0.16707229909767446       0.19112742644813419     
  0.16775425009853762       0.13917637017814688     
  0.16843898466777257        9.4349510006170673E-002
  0.16912651416727026        5.7681341675684727E-002
  0.16981685000529834        2.9988746099612325E-002
  0.17051000363669019        1.1856796623434853E-002
  0.17120598656303537        3.6306950232572275E-003
  0.17190481033287031        5.4137780181852078E-003
  0.17260648654186983        1.7071389621101475E-002
  0.17331102683303970        3.8240281566394259E-002
  0.17401844289690985        6.8343086817819934E-002
  0.17472874647172817       0.10660731167624619     
  0.17544194934365545       0.15208821159682892     
  0.17615806334696094       0.20369485523848030     
  0.17687710036421864       0.26021864071196787     
  0.17759907232650440       0.32036350716524464     
  0.17832399121359424       0.38277708298383073     
  0.17905186905416270       0.44608202782303830     
  0.17978271792598266       0.50890685791446610     
  0.18051654995612570       0.56991559080678111     
  0.18125337732116351       0.62783560489930090     
  0.18199321224736950       0.68148317864403463     
  0.18273606701092207       0.72978625187806312     
  0.18348195393810826       0.77180403512512297     
  0.18423088540552804       0.80674317962435371     
  0.18498287384029991       0.83397030913413717     
  0.18573793172026712       0.85302080217162490     
  0.18649607157420448       0.86360379839642853     
  0.18725730598202642       0.86560348363346806     
  0.18802164757499584       0.85907678307320889     
  0.18878910903593346       0.84424766023743814     
  0.18955970309942835       0.82149827934643094     
  0.19033344255204943       0.79135734000538016     
  0.19111034023255730       0.75448593512367490     
  0.19189040903211749       0.71166131540491995     
  0.19267366189451438       0.66375896653695987     
  0.19346011181636599       0.61173341851536178     
  0.19424977184733941       0.55659821068469406     
  0.19504265509036750       0.49940543158023581     
  0.19583877470186650       0.44122524014198350     
  0.19663814389195391       0.38312575511458358     
  0.19744077592466802       0.32615367329674727     
  0.19824668411818794       0.27131594568526907     
  0.19905588184505443       0.21956280444016207     
  0.19986838253239200       0.17177239396673941     
  0.20068419966213161       0.12873721725695167     
  0.20150334677123438        9.1152564922525811E-002
  0.20232583745191612        5.9607050017004115E-002
  0.20315168535187320        3.4575327657358913E-002
  0.20398090417450848        1.6413035428801945E-002
  0.20481350767915915        5.3539493190232152E-003
  0.20564950968132489        1.5093111276841425E-003
  0.20648892405289709        4.8692474873844689E-003
  0.20733176472238896        1.5306168273525116E-002
  0.20817804567516671        3.2580003635875723E-002
  0.20902778095368180        5.6345114421662165E-002
  0.20988098465770355        8.6158690552946768E-002
  0.21073767094455342       0.12149043605488308     
  0.21159785402933992       0.16173332790678632     
  0.21246154818519422       0.20621522862822200     
  0.21332876774350720       0.25421112937074031     
  0.21419952709416737       0.30495580105318854     
  0.21507384068579924       0.35765663549247018     
  0.21595172302600341       0.41150646623501175     
  0.21683318868159726       0.46569616954392384     
  0.21771825227885655       0.51942685937269606     
  0.21860692850375804       0.57192150577013645     
  0.21949923210222347       0.62243582361420147     
  0.22039517788036408       0.67026829746239902     
  0.22129478070472614       0.71476922823765465     
  0.22219805550253774       0.75534870805360432     
  0.22310501726195672       0.79148345035317835     
  0.22401568103231900       0.82272242334089707     
  0.22493006192438844       0.84869125510946253     
  0.22584817511060773       0.86909539860159346     
  0.22677003582534988       0.88372206334648884     
  0.22769565936517111       0.89244093853774120     
  0.22862506108906488       0.89520374828194194     
  0.22955825641871638       0.89204269458519414     
  0.23049526083875860       0.88306785673380717     
  0.23143608989702943       0.86846362707520630     
  0.23238075920482931       0.84848427275818905     
  0.23332928443718048       0.82344872072181674     
  0.23428168133308711       0.79373466913273893     
  0.23523796569579644       0.75977213259149889     
  0.23619815339306083       0.72203653081425245     
  0.23716226035740115       0.68104143122323912     
  0.23813030258637141       0.63733105504295451     
  0.23910229614282377       0.59147265421022210     
  0.24007825715517533       0.54404886278975595     
  0.24105820181767584       0.49565012177710899     
  0.24204214639067612       0.44686727031043988     
  0.24303010720089804       0.39828438954786061     
  0.24402210064170560       0.35047197794863338     
  0.24501814317337661       0.30398052857275143     
  0.24601825132337590       0.25933457043227393     
  0.24702244168662996       0.21702722703259991     
  0.24803073092580163       0.17751533616979009     
  0.24904313577156709       0.14121516593180050     
  0.25005967302289334       0.10849875280859095     
  0.25108035954731700        7.9690878960918671E-002
  0.25210521228122396        5.5066697131835991E-002
  0.25313424823013059        3.4850003499746145E-002
  0.25416748446896609        1.9212151046615840E-002
  0.25520493814235545        8.2715888176906165E-003
  0.25624662646490398        2.0940058361505090E-003
  0.25729256672148348        6.9305245272176035E-004
  0.25834277626751834        4.0316065898556392E-003
  0.25939727252927380        1.2023547705889648E-002
  0.26045607300414547        2.4535997369392094E-002
  0.26151919526094891        4.1391982100700393E-002
  0.26258665694021183        6.2373471600956486E-002
  0.26365847575446660        8.7224743634374727E-002
  0.26473466948854396       0.11565602563629614     
  0.26581525599986822       0.14734736255922956     
  0.26690025321875377       0.18195266050873107     
  0.26798967914870253       0.21910385632138285     
  0.26908355186670235       0.25841516435680045     
  0.27018188952352734       0.29948735336808796     
  0.27128471034403900       0.34191200833300750     
  0.27239203262748851       0.38527573452164537     
  0.27350387474782023       0.42916426379494221     
  0.27462025515397709       0.47316642612150156     
  0.27574119237020622       0.51687795251709778     
  0.27686670499636645       0.55990507900349962     
  0.27799681170823720       0.60186792470153372     
  0.27913153125782791       0.64240362077338409     
  0.28027088247368953       0.68116917056559634     
  0.28141488426122702       0.71784402493746013     
  0.28256355560301261       0.75213236035024367     
  0.28371691555910122       0.78376505080680392     
  0.28487498326734656       0.81250132813605558     
  0.28603777794371876       0.83813012838477552     
  0.28720531888262307       0.86047112518487234     
  0.28837762545721990       0.87937545388630245     
  0.28955471711974690       0.89472613296622305     
  0.29073661340184104       0.90643819172877094     
  0.29192333391486291       0.91445851558607449     
  0.29311489835022253       0.91876542225096947     
  0.29431132647970543       0.91936798397054187     
  0.29551263815580109       0.91630511248439239     
  0.29671885331203263       0.90964442470265883     
  0.29792999196328690       0.89948090816906656     
  0.29914607420614708       0.88593540620830513     
  0.30036712021922612       0.86915294326200110     
  0.30159315026350136       0.84930091130184926     
  0.30282418468265071       0.82656713838250417     
  0.30406024390339059       0.80115786037224357     
  0.30530134843581452       0.77329561668865054     
  0.30654751887373349       0.74321709048359441     
  0.30779877589501764       0.71117091318058523     
  0.30905514026193970       0.67741545258327129     
  0.31031663282151906       0.64221660296159466     
  0.31158327450586787       0.60584559459667531     
  0.31285508633253861       0.56857683924335101     
  0.31413208940487242       0.53068582686430765     
  0.31541430491234945       0.49244708781760704     
  0.31670175413094059       0.45413223345443166     
  0.31799445842346041       0.41600808681983209     
  0.31929243923992134       0.37833491385961027     
  0.32059571811789023       0.34136476423391354     
  0.32190431668284508       0.30533992953448064     
  0.32321825664853443       0.27049152540877502     
  0.32453755981733712       0.23703820282096991     
  0.32586224808062436       0.20518499243589444     
  0.32719234341912323       0.17512228490654774     
  0.32852786790328065       0.14702494868556457     
  0.32986884369363056       0.12105158587336429     
  0.33121529304116082        9.7343925566021020E-002
  0.33256723828768275        7.6026353178856018E-002
  0.33392470186620210        5.7205573301843858E-002
  0.33528770630129073        4.0970402792957571E-002
  0.33665627420946076        2.7391690037850268E-002
  0.33803042829953994        1.6522355600795909E-002
  0.33941019137304806        8.3975488630046308E-003
  0.34079558632457546        3.0349146908289588E-003
  0.34218663614216327        4.3496369748076310E-004
  0.34358336390768413        5.8153925663119227E-004
  0.34498579279722608        3.4423740933242782E-003
  0.34639394608147639        8.9697290148849414E-003
  0.34780784712610791        1.7101106149640458E-002
  0.34922751939216706        2.7760028931499543E-002
  0.35065298643646264        4.0856881000667630E-002
  0.35208427191195729        5.6289796181735373E-002
  0.35352139956815942        7.3945591746331071E-002
  0.35496439325151735        9.3700737264936232E-002
  0.35641327690581565       0.11542235149727417     
  0.35786807457257153       0.13896921995894396     
  0.35932881039143427       0.16419282602974811     
  0.36079550860058590       0.19093838873229113     
  0.36226819353714296       0.21904590060383580     
  0.36374688963756052       0.24835115940627694     
  0.36523162143803800       0.27868678776432171     
  0.36672241357492547       0.30988323518666044     
  0.36821929078513355       0.34176975730579495     
  0.36972227790654283       0.37417536756489245     
  0.37123139987841652       0.40692975698214157     
  0.37274668174181458       0.43986417803036393     
  0.37426814864000829       0.47281228907960865     
  0.37579582581889864       0.50561095626033747     
  0.37732973862743413       0.53810101001115029     
  0.37886991251803198       0.57012795397634286     
  0.38041637304700071       0.60154262431185002     
  0.38196914587496344       0.63220179784153574     
  0.38352825676728425       0.66196874787774440     
  0.38509373159449567       0.69071374687823639     
  0.38666559633272773       0.71831451545516056     
  0.38824387706413899       0.74465661757946378     
  0.38982859997734975       0.76963380213393084     
  0.39141979136787586       0.79314829126080943     
  0.39301747763856587       0.81511101622308180     
  0.39462168530003849       0.83544180175280136     
  0.39623244097112265       0.85406950009447569     
  0.39784977137929967       0.87093207616606461     
  0.39947370336114574       0.88597664545481569     
  0.40110426386277853       0.89915946644010503     
  0.40274147994030307       0.91044588949022798     
  0.40438537876026137       0.91981026431590418     
  0.40603598760008325       0.92723580817963136     
  0.40769333384853856       0.93271443715800306     
  0.40935744500619187       0.93624656283405516     
  0.41102834868585908       0.93784085685917740     
  0.41270607261306486       0.93751398587005463     
  0.41439064462650332       0.93529031927599959     
  0.41608209267850005       0.93120161244686095     
  0.41778044483547516       0.92528666783221492     
  0.41948572927840988       0.91759097652967569     
  0.42119797430331363       0.90816634279470410     
  0.42291720832169355       0.89707049394729699     
  0.42464345986102636       0.88436667808312963     
  0.42637675756523108       0.87012325193919826     
  0.42811713019514508       0.85441326119755689     
  0.42986460662900056       0.83731401543626627     
  0.43161921586290408       0.81890665985515765     
  0.43338098701131811       0.79927574581621952     
  0.43514994930754325       0.77850880214522644     
  0.43692613210420378       0.75669590904344664     
  0.43870956487373508       0.73392927635679373     
  0.44050027720887197       0.71030282784518084     
  0.44229829882313998       0.68591179298795357     
  0.44410365955134889       0.66085230775286874     
  0.44591638935008682       0.63522102564661165     
  0.44773651829821842       0.60911474025511703     
  0.44956407659738296       0.58263002037244005     
  0.45139909457249600       0.55586285870810137     
  0.45324160267225266       0.52890833505550483     
  0.45509163146963244       0.50186029469811122     
  0.45694921166240710       0.47481104272658553     
  0.45881437407364939       0.44785105483902193     
  0.46068714965224478       0.42106870509816496     
  0.46256756947340538       0.39455001102451315     
  0.46445566473918498       0.36837839631267061     
  0.46635146677899686       0.34263447137038938     
  0.46825500705013429       0.31739583179566289     
  0.47016631713829160       0.29273687482743538     
  0.47208542875808879       0.26872863372945849     
  0.47401237375359806       0.24543862999553356     
  0.47594718409887132       0.22293074319704090     
  0.47788989189847175       0.20126509823105473     
  0.47984052938800570       0.18049796966887505     
  0.48179912893465782       0.16068170285114106     
  0.48376572303772875       0.14186465132594611     
  0.48574034432917323       0.12409113018160993     
  0.48772302557414277       0.10740138478469244     
  0.48971379967152823        9.1831574397556195E-002
  0.49171269965450648        7.7413770117233147E-002
  0.49371975869108847        6.4175966549138874E-002
  0.49573501008466908        5.2142106604714439E-002
  0.49775848727458005        4.1332118791553567E-002
  0.49979022383664523        3.1761966347553100E-002
  0.50183025348373689        2.3443707557323265E-002
  0.50387861006633561        1.6385566579000154E-002
  0.50593532757309234        1.0592014102790906E-002
  0.50800044013139123        6.0638571588364264E-003
  0.51007398200791731        2.7983373910611528E-003
  0.51215598760922409        7.8923711554782991E-004
  0.51424649148230461        2.6992486323407999E-005
  0.51634552831516523        4.9881309823602031E-004
  0.51845313293740036        2.1888073655602896E-003
  0.52056934032077162        5.0781130259957086E-003
  0.52269418557978653        9.1450321326103038E-003
  0.52482770397228251        1.4365169910909345E-002
  0.52696993090001132        2.0711576874348044E-002
  0.52912090190922667        2.8154893609197415E-002
  0.53128065269127367        3.6663497658458194E-002
  0.53344921908318188        4.6203651954439269E-002
  0.53562663706825886        5.6739654270453535E-002
  0.53781294277668812        6.8233987183795253E-002
  0.54000817248612853        8.0647468064458896E-002
  0.54221236262231554        9.3939398627064297E-002
  0.54442554975966673       0.10806771360669606     
  0.54664777062188774       0.12298912814311427     
  0.54887906208258186       0.13865928348164971     
  0.55111946116586275       0.15503289062307962     
  0.55336900504696696       0.17206387157874067     
  0.55562773105287300       0.18970549791119570     
  0.55789567666291884       0.20791052626429024     
  0.56017287950942463       0.22663133061021268     
  0.56245937737831742       0.24582003096418031     
  0.56475520820975744       0.26542861834022535     
  0.56706041009876806       0.28540907574404456     
  0.56937502129586803       0.30571349502055983     
  0.57169908020770599       0.32629418939535726     
  0.57403262539769728       0.34710380156973902     
  0.57637569558666502       0.36809540724936102     
  0.57872832965348131       0.38922261400578473     
  0.58109056663571335       0.41043965538900712     
  0.58346244573027040       0.43170148022714144     
  0.58584400629405475       0.45296383706655646     
  0.58823528784461476       0.47418335372240727     
  0.59063633006079996       0.49531761192523027     
  0.59304717278342045       0.51632521706412349     
  0.59546785601590702       0.53716586304134706     
  0.59789841992497528       0.55780039226648337     
  0.60033890484129260       0.57819085083090538     
  0.60278935126014666       0.59830053891508139     
  0.60524979984211758       0.61809405649234939     
  0.60772029141375294       0.63753734440294640     
  0.61020086696824494       0.65659772088162682     
  0.61269156766611022       0.67524391363096081     
  0.61519243483587394       0.69344608754038350     
  0.61770350997475421       0.71117586815832967     
  0.62022483474935197       0.72840636103147938     
  0.62275645099634114       0.74511216703090477     
  0.62529840072316345       0.76126939379030834     
  0.62785072610872605       0.77685566338604262     
  0.63041346950409982       0.79185011639260094     
  0.63298667343322390       0.80623341245078428     
  0.63557038059361004       0.81998772748835269     
  0.63816463385705124       0.83309674773549469     
  0.64076947627033398       0.84554566067900871     
  0.64338495105595150       0.85732114310044660     
  0.64601110161282127       0.86841134634421269     
  0.64864797151700582       0.87880587896197626     
  0.65129560452243462       0.88849578687959163     
  0.65395404456163087       0.89747353123232887     
  0.65662333574644061       0.90573296401324710     
  0.65930352236876377       0.91326930167839138     
  0.66199464890129045       0.92007909685091305     
  0.66469675999823752       0.92616020826434453     
  0.66740990049609028       0.93151176908316957     
  0.67013411541434675       0.93613415373638553     
  0.67286944995626363       0.94002894339712362     
  0.67561594950960757       0.94319889023858106     
  0.67837365964740748       0.94564788059340787     
  0.68114262612871068       0.94738089714051255     
  0.68392289489934310       0.94840398023984185     
  0.68671451209267076       0.94872418853217932     
  0.68951752403036504       0.94834955891734174     
  0.69233197722317286       0.94728906602043705     
  0.69515791837168661       0.94555258125197383     
  0.69799539436711988       0.94315083156372603     
  0.70084445229208592       0.94009535799829091     
  0.70370513942137802       0.93639847412625077     
  0.70657750322275481       0.93207322446082208     
  0.70946159135772713       0.92713334293582295     
  0.71235745168234910       0.92159321152871554     
  0.71526513224801314       0.91546781910642905     
  0.71818468130224533       0.90877272056763525     
  0.72111614728950835       0.90152399635111946     
  0.72405957885200312       0.89373821237594131     
  0.72701502483047720       0.88543238047511152     
  0.72998253426503557       0.87662391938064055     
  0.73296215639595286       0.86733061631403163     
  0.73595394066449149       0.85757058923245744     
  0.73895793671372234       0.84736224977725128     
  0.74197419438934753       0.83672426696768243     
  0.74500276374052765       0.82567553167949659     
  0.74804369502071344       0.81423512194424885     
  0.75109703868847777       0.80242226910209802     
  0.75416284540835488       0.79025632483749397     
  0.75724116605167924       0.77775672912405203     
  0.76033205169743068       0.76494297910179043     
  0.76343555363308235       0.75183459890701920     
  0.76655172335545019       0.73845111047227852     
  0.76968061257154952       0.72481200531098944     
  0.77282227319945096       0.71093671729883101     
  0.77597675736914307       0.69684459646132668     
  0.77914411742339751       0.68255488377470186     
  0.78232440591863694       0.66808668698474682     
  0.78551767562580699       0.65345895744617233     
  0.78872397953125306       0.63869046798289253     
  0.79194337083759792       0.62379979176763400     
  0.79517590296462559       0.60880528221733277     
  0.79842162955016782       0.59372505389905139     
  0.80168060445099321       0.57857696443940398     
  0.80495288174370172       0.56337859742887075     
  0.80823851572562166       0.54814724631092593     
  0.81153756091571005       0.53289989924445624     
  0.81485007205545901       0.51765322492665178     
  0.81817610410980179       0.50242355936234140     
  0.82151571226802678       0.48722689356459536     
  0.82486895194469190       0.47207886217040740     
  0.82823587878054472       0.45699473295424076     
  0.83161654864344625       0.44198939722145564     
  0.83501101762929653       0.42707736106275002     
  0.83841934206296653       0.41227273745005433     
  0.84184157849923302       0.39758923915368766     
  0.84527778372371576       0.38304017246002292     
  0.84872801475382054       0.36863843166834787     
  0.85219232883968588       0.35439649434526777     
  0.85567078346513115       0.34032641731451996     
  0.85916343634861292       0.32643983335984317     
  0.86267034544418009       0.31274794861826194     
  0.86619156894243732       0.29926154064093713     
  0.86972716527151039       0.28599095709859634     
  0.87327719309801433       0.27294611510853223     
  0.87684171132802924       0.26013650115998233     
  0.88042077910807537       0.24757117161484080     
  0.88401445582609561       0.23525875376063290     
  0.88762280111244185       0.22320744739275600     
  0.89124587484086226       0.21142502690317566     
  0.89488373712949654       0.19991884385287681     
  0.89853644834187318       0.18869583000557855     
  0.90220406908791040       0.17776250080047878     
  0.90588666022492215       0.16712495924200604     
  0.90958428285862880       0.15678890018487132     
  0.91329699834416944       0.14675961499302881     
  0.91702486828712149       0.13704199655145394     
  0.92076795454452198       0.12764054461005389     
  0.92452631922589401       0.11855937143934102     
  0.92830002469427830       0.10980220777794983     
  0.93208913356726641       0.10137240905245642     
  0.93589370871804145        9.3272961850376548E-002
  0.93971381327641990        8.5506490627682646E-002
  0.94354951062989978        7.8075264632623334E-002
  0.94740086442471305        7.0981205028038202E-002
  0.95126793856688030        6.4225892194920808E-002
  0.95515079722327212        5.7810573200358498E-002
  0.95904950482267404        5.1736169413527829E-002
  0.96296412605685466        4.6003284253875801E-002
  0.96689472588163972        4.0612211056113477E-002
  0.97084136951799027        3.5562941037128183E-002
  0.97480412245308368        3.0855171350449358E-002
  0.97878305044140190        2.6488313214333582E-002
  0.98277821950582100        2.2461500100086188E-002
  0.98678969593870736        1.8773595967697888E-002
  0.99081754630301844        1.5423203536348181E-002
  0.99486183743340539        1.2408672577861306E-002
  0.99892263643732426        9.7281082216225476E-003
   1.0030000106961476        7.3793792599868195E-003
   1.0070940278662834        5.3601264436566546E-003
   1.0112047558802988        3.6677707569812363E-003
   1.0153322629480441        2.2995216635918205E-003
   1.0194766175577885        1.2523853132339604E-003
   1.0236378884773538        5.2317270110880504E-004
   1.0278161447552574        1.0850777147483333E-004
   1.0320114557218547        4.8354576883971919E-006
   1.0362238909904942        2.0842965128698535E-004
   1.0404535204586696        7.1540109313265811E-004
   1.0447004143091787        1.5217051800375720E-003
   1.0489646430112913        2.6231496806901782E-003
   1.0532462773219167        4.0154023550883211E-003
   1.0575453882867758        5.6939984720605135E-003
   1.0618620472415838        7.6543482198270073E-003
   1.0661963258132321        9.8917440049123527E-003
   1.0705482959209747        1.2401367635056783E-002
   1.0749180297776255        1.5178297382139683E-002
   1.0793055998907541        1.8217514921417318E-002
   1.0837110790638902        2.1513912143736290E-002
   1.0881345403977287        2.5062297837659928E-002
   1.0925760572913470        2.8857404238767422E-002
   1.0970357034434204        3.2893893443656119E-002
   1.1015135528534441        3.7166363686463554E-002
   1.1060096798229635        4.1669355475999842E-002
   1.1105241589568067        4.6397357591831626E-002
   1.1150570651643195        5.1344812937902350E-002
   1.1196084736606120        5.6506124252536753E-002
   1.1241784599678060        6.1875659673883185E-002
   1.1287670999162849        6.7447758160064750E-002
   1.1333744696459565        7.3216734763568034E-002
   1.1380006456075142        7.9176885759526333E-002
   1.1426457045637044        8.5322493627810081E-002
   1.1473097235906025        9.1647831888999012E-002
   1.1519927800788912        9.8147169794477157E-002
   1.1566949517351428       0.10481477687106550     
   1.1614163165831117       0.11164492732078797     
   1.1661569529650266       0.11863190427647455     
   1.1709169395428922       0.12577000391408322     
   1.1756963552997917       0.13305353942274506     
   1.1804952795412009       0.14047684483365869     
   1.1853137918963028       0.14803427870910221     
   1.1901519723193061       0.15572022769290256     
   1.1950099010907769       0.16352910992385608     
   1.1998876588189678       0.17145537831366345     
   1.2047853264411541       0.17949352369102195     
   1.2097029852249803       0.18763807781367170     
   1.2146407167698074       0.19588361625016476     
   1.2195986030080641       0.20422476113329754     
   1.2245767262066105       0.21265618378717516     
   1.2295751689681005       0.22117260722991522     
   1.2345940142323542       0.22976880855410242     
   1.2396333452777308       0.23843962118712259     
   1.2446932457225151       0.24717993703357732     
   1.2497737995263021       0.25598470850198196     
   1.2548750909913893       0.26484895041802692     
   1.2599972047641785       0.27376774182671709     
   1.2651402258365791       0.28273622768567430     
   1.2703042395474162       0.29174962045197617     
   1.2754893315838498       0.30080320156491253     
   1.2806955879827961       0.30989232282701845     
   1.2859230951323521       0.31901240768577499     
   1.2911719397732333       0.32815895241843623     
   1.2964422090002106       0.33732752722231890     
   1.3017339902635547       0.34651377721303039     
   1.3070473713704895       0.35571342333301076     
   1.3123824404866489       0.36492226317282006     
   1.3177392861375357       0.37413617170755215     
   1.3231179972099965       0.38335110195079447     
   1.3285186629536925       0.39256308552849611     
   1.3339413729825829       0.40176823317511606     
   1.3393862172764077       0.41096273515441750     
   1.3448532861821869       0.42014286160722891     
   1.3503426704157151       0.42930496282850256     
   1.3558544610630672       0.43844546947592938     
   1.3613887495821120       0.44756089271244343     
   1.3669456278040288       0.45664782428479833     
   1.3725251879348284       0.46570293654046069     
   1.3781275225568879       0.47472298238502836     
   1.3837527246304846       0.48370479518231002     
   1.3894008874953359       0.49264528859920298     
   1.3950721048721533       0.50154145639749381     
   1.4007664708641934       0.51039037217461225     
   1.4064840799588225       0.51918918905541267     
   1.4122250270290799       0.52793513933695391     
   1.4179894073352572       0.53662553408820757     
   1.4237773165264773       0.54525776270699011     
   1.4295888506422783       0.55382929243506662     
   1.4354241061142121       0.56233766783456651     
   1.4412831797674421       0.57078051022655873     
   1.4471661688223481       0.57915551709398461     
   1.4530731708961429       0.58746046145061293     
   1.4590042840044910       0.59569319117773190     
   1.4649596065631323       0.60385162833025230     
   1.4709392373895191       0.61193376841386693     
   1.4769432757044543       0.61993767963484481     
   1.4829718211337348       0.62786150212403324     
   1.4890249737098105       0.63570344713659910     
   1.4951028338734396       0.64346179622895150     
   1.5012055024753554       0.65113490041435473     
   1.5073330807779428       0.65872117929857710     
   1.5134856704569155       0.66621912019698892     
   1.5196633736030056       0.67362727723441773     
   1.5258662927236537       0.68094427042907468     
   1.5320945307447145       0.68816878476179510     
   1.5383481910121630       0.69529956923183944     
   1.5446273772938062       0.70233543590039604     
   1.5509321937810101       0.70927525892300292     
   1.5572627450904259       0.71611797357194040     
   1.5636191362657244       0.72286257524971120     
   1.5700014727793419       0.72950811849464969     
   1.5764098605342303       0.73605371597966329     
   1.5828444058656099       0.74249853750508199     
   1.5893052155427401       0.74884180898658492     
   1.5957923967706868       0.75508281143908518     
   1.6023060571921037       0.76122087995746879     
   1.6088463048890147       0.76725540269504544     
   1.6154132483846122       0.77318581984051049     
   1.6220069966450557       0.77901162259422030     
   1.6286276590812767       0.78473235214451509     
   1.6352753455508005       0.79034759864486526     
   1.6419501663595648       0.79585700019247951     
   1.6486522322637496       0.80126024180908662     
   1.6553816544716176       0.80655705442452785     
   1.6621385446453594       0.81174721386375748     
   1.6689230149029417       0.81683053983786225     
   1.6757351778199741       0.82180689493965464     
   1.6825751464315746       0.82667618364437268     
   1.6894430342342412       0.83143835131599964     
   1.6963389551877424       0.83609338321971560     
   1.7032630237170037       0.84064130354090572     
   1.7102153547140044       0.84508217441119737     
   1.7171960635396897       0.84941609494194348     
   1.7242052660258809       0.85364320026553153     
   1.7312430784771990       0.85776366058491438     
   1.7383096176729915       0.86177768023170354     
   1.7454050008692747       0.86568549673317230     
   1.7525293458006783       0.86948737988847868     
   1.7596827706823941       0.87318363085438977     
   1.7668653942121444       0.87677458124082142     
   1.7740773355721486       0.88026059221641306     
   1.7813187144310982       0.88364205362439985     
   1.7885896509461472       0.88691938310901242     
   1.7958902657649043       0.89009302525259437     
   1.8032206800274309       0.89316345072364534     
   1.8105810153682576       0.89613115543595667     
   1.8179713939183981       0.89899665971901133     
   1.8253919383073787       0.90176050749978620     
   1.8328427716652678       0.90442326549609031     
   1.8403240176247260       0.90698552242156982     
   1.8478358003230537       0.90944788820247513     
   1.8553782444042495       0.91181099320628001     
   1.8629514750210820       0.91407548748225476     
   1.8705556178371661       0.91624204001404219     
   1.8781907990290427       0.91831133798430309     
   1.8858571452882809       0.92028408605148360     
   1.8935547838235744       0.92216100563873227     
   1.9012838423628520       0.92394283423500068     
   1.9090444491554013       0.92563032470834428     
   1.9168367329739937       0.92722424463142517     
   1.9246608231170197       0.92872537561922641     
   1.9325168494106386       0.93013451267896119     
   1.9404049422109304       0.93145246357215650     
   1.9483252324060565       0.93268004818889283     
   1.9562778514184365       0.93381809793416370     
   1.9642629312069249       0.93486745512631730     
   1.9722806042690040       0.93582897240752139     
   1.9803310036429771       0.93670351216621595     
   1.9884142629101824       0.93749194597148178     
   1.9965305161972071       0.93819515401925691     
   2.0046798981781091       0.93881402459034269     
   2.0128625440766581       0.93934945352010246     
   2.0210785896685763       0.93980234367979487     
   2.0293281712837890       0.94017360446943354     
   2.0376114258086915       0.94046415132209404     
   2.0459284906884188       0.94067490521956765     
   2.0542795039291217       0.94080679221927077     
   2.0626646041002639       0.94086074299228550     
   2.0710839303369175       0.94083769237245218     
   2.0795376223420732       0.94073857891638635     
   2.0880258203889532       0.94056434447430504     
   2.0965486653233478       0.94031593377155542     
   2.1051062985659468       0.93999429400072587     
   2.1136988621146831       0.93960037442420619     
   2.1223264985470975       0.93913512598708659     
   2.1309893510226989       0.93859950094026678     
   2.1396875632853374       0.93799445247364110     
   2.1484212796655959       0.93732093435922925     
   2.1571906450831819       0.93657990060413743     
   2.1659958050493291       0.93577230511319531     
   2.1748369056692178       0.93489910136114596     
   2.1837140936443968       0.93396124207425923     
   2.1926275162752127       0.93295967892121590     
   2.2015773214632635       0.93189536221314284     
   2.2105636577138457       0.93076924061264799     
   2.2195866741384194       0.92958226085172679     
   2.2286465204570853       0.92833536745839484     
   2.2377433470010675       0.92702950249190930     
   2.2468773047152077       0.92566560528643904     
   2.2560485451604677       0.92424461220305021     
   2.2652572205164492       0.92276745638984958     
   2.2745034835839171       0.92123506755017670     
   2.2837874877873303       0.91964837171867109     
   2.2931093871773944       0.91800829104509740     
   2.3024693364336155       0.91631574358579115     
   2.3118674908668622       0.91457164310256589     
   2.3213040064219506       0.91277689886896873     
   2.3307790396802273       0.91093241548373016     
   2.3402927478621649       0.90903909269128125     
   2.3498452888299783       0.90709782520918969     
   2.3594368210902377       0.90510950256240230     
   2.3690675037965030       0.90307500892413006     
   2.3787374967519588       0.90099522296326795     
   2.3884469604120731       0.89887101769820554     
   2.3981960558872570       0.89670326035689163     
   2.4079849449455333       0.89449281224304067     
   2.4178137900152290       0.89224052860832748     
   2.4276827541876669       0.88994725853046586     
   2.4375920012198664       0.88761384479702676     
   2.4475416955372706       0.88524112379487929     
   2.4575320022364697       0.88282992540512784     
   2.4675630870879357       0.88038107290342160     
   2.4776351165387829       0.87789538286551283     
   2.4877482577155234       0.87537366507795111     
   2.4979026784268394       0.87281672245378439     
   2.5080985471663721       0.87022535095315445     
   2.5183360331155162       0.86760033950867110     
   2.5286153061462220       0.86494246995545099     
   2.5389365368238228       0.86225251696569949     
   2.5492998964098588       0.85953124798773684     
   2.5597055568649218       0.85677942318934730     
   2.5701536908515048       0.85399779540534926     
   2.5806444717368717       0.85118711008927139     
   2.5911780735959340       0.84834810526904214     
   2.6017546712141315       0.84548151150656925     
   2.6123744400903441       0.84258805186112551     
   2.6230375564397970       0.83966844185642797     
   2.6337441971969815       0.83672338945131364     
   2.6444945400185995       0.83375359501391566     
   2.6552887632865070       0.83075975129924118     
   2.6661270461106703       0.82774254343005449     
   2.6770095683321458       0.82470264888097600     
   2.6879365105260575       0.82164073746570221     
   2.6989080540045989       0.81855747132725853     
   2.7099243808200328       0.81545350493119340     
   2.7209856737677236       0.81232948506162317     
   2.7320921163891634       0.80918605082006101     
   2.7432438929750149       0.80602383362690933     
   2.7544411885681774       0.80284345722557493     
   2.7656841889668535       0.79964553768909086     
   2.7769730807276272       0.79643068342919432     
   2.7883080511685678       0.79319949520774924     
   2.7996892883723348       0.78995256615047182     
   2.8111169811892935       0.78669048176286394     
   2.8225913192406575       0.78341381994827430     
   2.8341124929216317       0.78012315102803498     
   2.8456806934045655       0.77681903776359351     
   2.8572961126421350       0.77350203538055884     
   2.8689589433705232       0.77017269159461377     
   2.8806693791126143       0.76683154663921360     
   2.8924276141812122       0.76347913329501071     
   2.9042338436822610       0.76011597692093680     
   2.9160882635180831       0.75674259548688705     
   2.9279910703906258       0.75335949960793913     
   2.9399424618047334       0.74996719258004851     
   2.9519426360714194       0.74656617041716622     
   2.9639917923111532       0.74315692188971005     
   2.9760901304571732       0.73973992856434800     
   2.9882378512587997       0.73631566484502786     
   3.0004351562847607       0.73288459801520611     
   3.0126822479265480       0.72944718828121691     
   3.0249793294017673       0.72600388881673916     
   3.0373266047575087       0.72255514580830449     
   3.0497242788737404       0.71910139850179911     
   3.0621725574667020       0.71564307924991477     
   3.0746716470923223       0.71218061356049678     
   3.0872217551496384       0.70871442014575636     
   3.0998230898842483       0.70524491097227904     
   3.1124758603917613       0.70177249131181507     
   3.1251802766212617       0.69829755979279173     
   3.1379365493788032       0.69482050845250631     
   3.1507448903309023       0.69134172278996886     
   3.1636055120080444       0.68786158181935531     
   3.1765186278082207       0.68438045812401549     
   3.1894844520004644       0.68089871791102929     
   3.2025031997284015       0.67741672106624784     
   3.2155750870138298       0.67393482120980108     
   3.2287003307602982       0.67045336575202730     
   3.2418791487567020       0.66697269594980158     
   3.2551117596809069       0.66349314696322370     
   3.2683983831033703       0.66001504791263632     
   3.2817392394907818       0.65653872193594487     
   3.2951345502097307       0.65306448624620650     
   3.3085845375303724       0.64959265218946283     
   3.3220894246301196       0.64612352530278261     
   3.3356494355973410       0.64265740537250238     
   3.3492647954350852       0.63919458649261163     
   3.3629357300648142       0.63573535712328977     
   3.3766624663301439       0.63228000014954244     
   3.3904452320006189       0.62882879293993388     
   3.4042842557754875       0.62538200740537453     
   3.4181797672874907       0.62193991005795735     
   3.4321319971066844       0.61850276206981047     
   3.4461411767442565       0.61507081933194763     
   3.4602075386563675       0.61164433251310091     
   3.4743313162480152       0.60822354711850823     
   3.4885127438769019       0.60480870354864258     
   3.5027520568573265       0.60140003715786161     
   3.5170494914640815       0.59799777831296363     
   3.5314052849363842       0.59460215245162273     
   3.5458196754818094       0.59121338014070446     
   3.5602929022802345       0.58783167713442408     
   3.5748252054878202       0.58445725443235397     
   3.5894168262409902       0.58109031833724312     
   3.6040680066604258       0.57773107051266137     
   3.6187789898550959       0.57437970804041782     
   3.6335500199262847       0.57103642347778494     
   3.6483813419716364       0.56770140491447640     
   3.6632732020892336       0.56437483602938632     
   3.6782258473816740       0.56105689614707432     
   3.6932395259601685       0.55774776029399120     
   3.7083144869486642       0.55444759925441400     
   3.7234509804879772       0.55115657962610931     
   3.7386492577399353       0.54787486387568829     
   3.7539095708915569       0.54460261039366675     
   3.7692321731592284       0.54133997354919572     
   3.7846173187929102       0.53808710374448154     
   3.8000652630803460       0.53484414746886888     
   3.8155762623513128       0.53161124735257703     
   3.8311505739818670       0.52838854222010068     
   3.8467884563986092       0.52517616714324800     
   3.8624901690829847       0.52197425349381943     
   3.8782559725755825       0.51878292899591694     
   3.8940861284804527       0.51560231777788545     
   3.9099808994694594       0.51243254042386477     
   3.9259405492866346       0.50927371402496624     
   3.9419653427525452       0.50612595223006007     
   3.9580555457687030       0.50298936529613625     
   3.9742114253219660       0.49986406013833290     
   3.9904332494889743       0.49675014037949144     
   4.0067212874405893       0.49364770639934474     
   4.0230758094463717       0.49055685538327870     
   4.0394970868790629       0.48747768137068426     
   4.0559853922190783       0.48441027530289316     
   4.0725409990590427       0.48135472507068661     
   4.0891641821083224       0.47831111556138839     
   4.1058552171975808       0.47527952870552714     
   4.1226143812833644       0.47226004352307299     
   4.1394419524526915       0.46925273616924290     
   4.1563382099276636       0.46625767997987788     
   4.1733034340701094       0.46327494551638254     
   4.1903379063862296       0.46030460061023382     
   4.2074419095312638       0.45734671040705382     
   4.2246157273141920       0.45440133741024613     
   4.2418596447024361       0.45146854152419086     
   4.2591739478265858       0.44854838009701109     
   4.2765589239851547       0.44564090796289235     
   4.2940148616493437       0.44274617748396755     
   4.3115420504678283       0.43986423859176527     
   4.3291407812715565       0.43699513882821550     
   4.3468113460785895       0.43413892338622034     
   4.3645540380989400       0.43129563514978658     
   4.3823691517394279       0.42846531473372018     
   4.4002569826085844       0.42564800052288432     
   4.4182178275215458       0.42284372871102299     
   4.4362519845049730       0.42005253333914888     
   4.4543597528020111       0.41727444633349664     
   4.4725414328772475       0.41450949754304262     
   4.4907973264216903       0.41175771477659939     
   4.5091277363577875       0.40901912383947336     
   4.5275329668444471       0.40629374856969203     
   4.5460133232820850       0.40358161087381461     
   4.5645691123176864       0.40088273076230807     
   4.5832006418499045       0.39819712638450339     
   4.6019082210341660       0.39552481406312606     
   4.6206921602877928       0.39286580832841578     
   4.6395527712951647       0.39022012195181793     
   4.6584903670128890       0.38758776597926387     
   4.6775052616749795       0.38496874976404227     
   4.6965977707980926       0.38236308099924993     
   4.7157682111867478       0.37977076574984076     
   4.7350169009385850       0.37719180848426448     
   4.7543441594496505       0.37462621210570363     
   4.7737503074196939       0.37207397798290720     
   4.7932356668574805       0.36953510598062500     
   4.8128005610861475       0.36700959448964748     
   4.8324453147485658       0.36449744045644794     
   4.8521702538127149       0.36199863941243771     
   4.8719757055771122       0.35951318550283018     
   4.8918619986762248       0.35704107151511938     
   4.9118294630859394       0.35458228890717658     
   4.9318784301290162       0.35213682783496730     
   4.9520092324806102       0.34970467717988873     
   4.9722222041737796       0.34728582457573537     
   4.9925176806050207       0.34488025643529330     
   5.0128959985398502       0.34248795797656406     
   5.0333574961183860       0.34010891324862635     
   5.0539025128609465       0.33774310515713274     
   5.0745313896737043       0.33539051548944926     
   5.0952444688543324       0.33305112493943734     
   5.1160420940976774       0.33072491313188468     
   5.1369246105014765       0.32841185864658545     
   5.1578923645720769       0.32611193904207136     
   5.1789457042301867       0.32382513087900394     
   5.2000849788166388       0.32155140974322360     
   5.2213105390982024       0.31929075026846060     
   5.2426227372734004       0.31704312615871372     
   5.2640219269783390       0.31480851021029943     
   5.2855084632925946       0.31258687433356752     
   5.3070827027450962       0.31037818957430130     
   5.3287450033200381       0.30818242613478886     
   5.3504957244628288       0.30599955339457957     
   5.3723352270860527       0.30382953993092471     
   5.3942638735754480       0.30167235353890998     
   5.4162820277959387       0.29952796125127290     
   5.4383900550976607       0.29739632935792193     
   5.4605883223220175       0.29527742342514951     
   5.4828771978077846       0.29317120831454790     
   5.5052570513972130       0.29107764820162824     
   5.5277282544421542       0.28899670659414983     
   5.5502911798102446       0.28692834635015579     
   5.5729462018910780       0.28487252969572779     
   5.5956936966024218       0.28282921824245350     
   5.6185340413964466       0.28079837300461885     
   5.6414676152660075       0.27877995441611858     
   5.6644947987509173       0.27677392234709641     
   5.6876159739442613       0.27478023612031705     
   5.7108315244987482       0.27279885452726499     
   5.7341418356330687       0.27082973584398523     
   5.7575472941382806       0.26887283784665977     
   5.7810482883842447       0.26692811782692660     
   5.8046452083260549       0.26499553260694386     
   5.8283384455105089       0.26307503855420389     
   5.8521283930826149       0.26116659159609595     
   5.8760154457921070       0.25927014723422376     
