  0.10000000000000001       0.41956205252356704     
  0.10040817718110437       0.40983726241116486     
  0.10081802044832047       0.39329370723951068     
  0.10122953660223166       0.37105435369784417     
  0.10164273247117964       0.34459350056326765     
  0.10205761491137796       0.31562757902940036     
  0.10247419080702558       0.28599439031162471     
  0.10289246707042120       0.25752928716634715     
  0.10331245064207799       0.23194653322684947     
  0.10373414849083867       0.21073327799303518     
  0.10415756761399117       0.19506235502905153     
  0.10458271503738485       0.18572855714096861     
  0.10500959781554686       0.18311128823664272     
  0.10543822303179938       0.18716466380988012     
  0.10586859779837712       0.19743435203601700     
  0.10630072925654524       0.21309882432807867     
  0.10673462457671801       0.23303130851250028     
  0.10717029095857759       0.25587767760923441     
  0.10760773563119364       0.28014480568364902     
  0.10804696585314330       0.30429359701387892     
  0.10848798891263144       0.32683093909038802     
  0.10893081212761184       0.34639521499514059     
  0.10937544284590843       0.36183068942483909     
  0.10982188844533726       0.37224699402822881     
  0.11027015633382903       0.37706101173724776     
  0.11072025394955184       0.37601962216430246     
  0.11117218876103470       0.36920294729103820     
  0.11162596826729153       0.35700885983661340     
  0.11208159999794542       0.34012052557367789     
  0.11253909151335369       0.31945959639346605     
  0.11299845040473337       0.29612831713041571     
  0.11345968429428700       0.27134423409003522     
  0.11392280083532935       0.24637138900413028     
  0.11438780771241415       0.22245185421054972     
  0.11485471264146174       0.20074123055336432     
  0.11532352336988719       0.18225131608016840     
  0.11579424767672861       0.16780259591800492     
  0.11626689337277650       0.15798854162848333     
  0.11674146830070313       0.15315298423222723     
  0.11721798033519278       0.15338108129677505     
  0.11769643738307244       0.15850367508236812     
  0.11817684738344295       0.16811417163356462     
  0.11865921830781066       0.18159649007806389     
  0.11914355816021997       0.19816216064140854     
  0.11962987497738581       0.21689430497649928     
  0.12011817682882717       0.23679602169906153     
  0.12060847181700105       0.25684062448304007     
  0.12110076807743671       0.27602123386148381     
  0.12159507377887094       0.29339739521539360     
  0.12209139712338332       0.30813666768190850     
  0.12258974634653247       0.31954948162040442     
  0.12309012971749274       0.32711597326638697     
  0.12359255553919130       0.33050395067641808     
  0.12409703214844603       0.32957760161729233     
  0.12460356791610375       0.32439699957433776     
  0.12511217124717913       0.31520887868025599     
  0.12562285058099434       0.30242951521701367     
  0.12613561439131882       0.28662085905857321     
  0.12665047118650996       0.26846129348525366     
  0.12716742950965446       0.24871256064895220     
  0.12768649793870987       0.22818447091450739     
  0.12820768508664696       0.20769901927915732     
  0.12873099960159279       0.18805546624076472     
  0.12925645016697404       0.16999781172895156     
  0.12978404550166117       0.15418590905715138     
  0.13031379436011306       0.14117124284121871     
  0.13084570553252231       0.13137814289007399     
  0.13137978784496107       0.12509093790506881     
  0.13191605015952751       0.12244728082637867     
  0.13245450137449291       0.12343761343237029     
  0.13299515042444918       0.12791049169837770     
  0.13353800628045717       0.13558327426125977     
  0.13408307795019572       0.14605749112543204     
  0.13463037447811083       0.15883806355985675     
  0.13517990494556581       0.17335544206841583     
  0.13573167847099218       0.18898966852469645     
  0.13628570421004074       0.20509535038114313     
  0.13684199135573349       0.22102655698681123     
  0.13740054913861643       0.23616070676360137     
  0.13796138682691236       0.24992060444146044     
  0.13852451372667493       0.26179390402900737     
  0.13908993918194296       0.27134940942842095     
  0.13965767257489561       0.27824977405684065     
  0.14022772332600780       0.28226031698117321     
  0.14080010089420669       0.28325382963647033     
  0.14137481477702879       0.28121139837903325     
  0.14195187451077720       0.27621940877454215     
  0.14253128967068007       0.26846302327826987     
  0.14311306987104958       0.25821653135113992     
  0.14369722476544117       0.24583105753269940     
  0.14428376404681392       0.23172017697015126     
  0.14487269744769149       0.21634402872074385     
  0.14546403474032335       0.20019253501485071     
  0.14605778573684705       0.18376833059288655     
  0.14665396028945119       0.16756998190409297     
  0.14725256829053859       0.15207603364317274     
  0.14785361967289068       0.13773036250953466     
  0.14845712440983222       0.12492924822328796     
  0.14906309251539690       0.11401049292295477     
  0.14967153404449324       0.10524483535969677     
  0.15028245909307170        9.8829818989654858E-002
  0.15089587779829214        9.4886186186240715E-002
  0.15151180033869191        9.3456787133504415E-002
  0.15213023693435482        9.4507913984603287E-002
  0.15275119784708088        9.7932900664216463E-002
  0.15337469338055626       0.10355776793625612     
  0.15400073388052446       0.11114864329210983     
  0.15462932973495802       0.12042064664730162     
  0.15526049137423079       0.13104790614854803     
  0.15589422927129087       0.14267435356983818     
  0.15653055394183482       0.15492494542967294     
  0.15716947594448166       0.16741696338238618     
  0.15781100588094832       0.17977106464083456     
  0.15845515439622559       0.19162177897069194     
  0.15910193217875471       0.20262718178834793     
  0.15975134996060453       0.21247751161568568     
  0.16040341851764989       0.22090254306061735     
  0.16105814866975027       0.22767757206281386     
  0.16171555128092935       0.23262791687146209     
  0.16237563725955523       0.23563188469070959     
  0.16303841755852153       0.23662219884017671     
  0.16370390317542910       0.23558592347961280     
  0.16437210515276834       0.23256296145134625     
  0.16504303457810285       0.22764323479586709     
  0.16571670258425286       0.22096268637703353     
  0.16639312034948034       0.21269826438677888     
  0.16707229909767446       0.20306206904394342     
  0.16775425009853762       0.19229485249404743     
  0.16843898466777257       0.18065906885710001     
  0.16912651416727026       0.16843167180691254     
  0.16981685000529834       0.15589685237419318     
  0.17051000363669019       0.14333890033106547     
  0.17120598656303537       0.13103535910532485     
  0.17190481033287031       0.11925062732118699     
  0.17260648654186983       0.10823014044195460     
  0.17331102683303970        9.8195244291687356E-002
  0.17401844289690985        8.9338849149721608E-002
  0.17472874647172817        8.1821929317919859E-002
  0.17544194934365545        7.5770909195801289E-002
  0.17615806334696094        7.1275953555681268E-002
  0.17687710036421864        6.8390157422128853E-002
  0.17759907232650440        6.7129610193899250E-002
  0.17832399121359424        6.7474289794849360E-002
  0.17905186905416270        6.9369726019148717E-002
  0.17978271792598266        7.2729358082844586E-002
  0.18051654995612570        7.7437499868349399E-002
  0.18125337732116351        8.3352817535471690E-002
  0.18199321224736950        9.0312218086034193E-002
  0.18273606701092207        9.8135044057707635E-002
  0.18348195393810826       0.10662746867640265     
  0.18423088540552804       0.11558698735451485     
  0.18498287384029991       0.12480690518058776     
  0.18573793172026712       0.13408072576590038     
  0.18649607157420448       0.14320635423041750     
  0.18725730598202642       0.15199003594178936     
  0.18802164757499584       0.16024996257406696     
  0.18878910903593346       0.16781948783262446     
  0.18955970309942835       0.17454990650776148     
  0.19033344255204943       0.18031276209172795     
  0.19111034023255730       0.18500165975846455     
  0.19189040903211749       0.18853357281854147     
  0.19267366189451438       0.19084964160418116     
  0.19346011181636599       0.19191547391831359     
  0.19424977184733941       0.19172096553350529     
  0.19504265509036750       0.19027966761754270     
  0.19583877470186650       0.18762773528881907     
  0.19663814389195391       0.18382249769305981     
  0.19744077592466802       0.17894069499857829     
  0.19824668411818794       0.17307643151350235     
  0.19905588184505443       0.16633889674350558     
  0.19986838253239200       0.15884990766487922     
  0.20068419966213161       0.15074132583746530     
  0.20150334677123438       0.14215240229605106     
  0.20232583745191612       0.13322710152247819     
  0.20315168535187320       0.12411145331179338     
  0.20398090417450848       0.11495097811085965     
  0.20481350767915915       0.10588822753980606     
  0.20564950968132489        9.7060477422107327E-002
  0.20648892405289709        8.8597605865082141E-002
  0.20733176472238896        8.0620183865212539E-002
  0.20817804567516671        7.3237800674249620E-002
  0.20902778095368180        6.6547640859512674E-002
  0.20988098465770355        6.0633324725167713E-002
  0.21073767094455342        5.5564018622169649E-002
  0.21159785402933992        5.1393816745480922E-002
  0.21246154818519422        4.8161391370261465E-002
  0.21332876774350720        4.5889904175822921E-002
  0.21419952709416737        4.4587167397924114E-002
  0.21507384068579924        4.4246040076640014E-002
  0.21595172302600341        4.4845041657587681E-002
  0.21683318868159726        4.6349162677941168E-002
  0.21771825227885655        4.8710850234252076E-002
  0.21860692850375804        5.1871144386730857E-002
  0.21949923210222347        5.5760940595757855E-002
  0.22039517788036408        6.0302352694861325E-002
  0.22129478070472614        6.5410150757586244E-002
  0.22219805550253774        7.0993248485003713E-002
  0.22310501726195672        7.6956215392883637E-002
  0.22401568103231900        8.3200790075674200E-002
  0.22493006192438844        8.9627372128526478E-002
  0.22584817511060773        9.6136471876765578E-002
  0.22677003582534988       0.10263009885134042     
  0.22769565936517111       0.10901307191584898     
  0.22862506108906488       0.11519423605260455     
  0.22955825641871638       0.12108757301031603     
  0.23049526083875860       0.12661319526422316     
  0.23143608989702943       0.13169821500306683     
  0.23238075920482931       0.13627748210090110     
  0.23332928443718048       0.14029418722322159     
  0.23428168133308711       0.14370032832716886     
  0.23523796569579644       0.14645704081911917     
  0.23619815339306083       0.14853479350773946     
  0.23716226035740115       0.14991345421817739     
  0.23813030258637141       0.15058223049855851     
  0.23910229614282377       0.15053949224222729     
  0.24007825715517533       0.14979248426003441     
  0.24105820181767584       0.14835693786205084     
  0.24204214639067612       0.14625659134560126     
  0.24303010720089804       0.14352262993768664     
  0.24402210064170560       0.14019305620861808     
  0.24501814317337661       0.13631200226599186     
  0.24601825132337590       0.13192899516222845     
  0.24702244168662996       0.12709818691461011     
  0.24803073092580163       0.12187756035554041     
  0.24904313577156709       0.11632812171498476     
  0.25005967302289334       0.11051309040041304     
  0.25108035954731700       0.10449709589589552     
  0.25210521228122396        9.8345391066014795E-002
  0.25313424823013059        9.2123090436431382E-002
  0.25416748446896609        8.5894441245928682E-002
  0.25520493814235545        7.9722134238948444E-002
  0.25624662646490398        7.3666660306774601E-002
  0.25729256672148348        6.7785718203116616E-002
  0.25834277626751834        6.2133677668397974E-002
  0.25939727252927380        5.6761101408294254E-002
  0.26045607300414547        5.1714328497029123E-002
  0.26151919526094891        4.7035120924294731E-002
  0.26258665694021183        4.2760374185381825E-002
  0.26365847575446660        3.8921892034922405E-002
  0.26473466948854396        3.5546224792221241E-002
  0.26581525599986822        3.2654569906101633E-002
  0.26690025321875377        3.0262732864087934E-002
  0.26798967914870253        2.8381145968015244E-002
  0.26908355186670235        2.7014941998361231E-002
  0.27018188952352734        2.6164079354252676E-002
  0.27128471034403900        2.5823514885897014E-002
  0.27239203262748851        2.5983420330898961E-002
  0.27350387474782023        2.6629438024693343E-002
  0.27462025515397709        2.7742971376476973E-002
  0.27574119237020622        2.9301505483349567E-002
  0.27686670499636645        3.1278953194121641E-002
  0.27799681170823720        3.3646021927166293E-002
  0.27913153125782791        3.6370596590208790E-002
  0.28027088247368953        3.9418134040083874E-002
  0.28141488426122702        4.2752064653196031E-002
  0.28256355560301261        4.6334196748212216E-002
  0.28371691555910122        5.0125119807132600E-002
  0.28487498326734656        5.4084602674679239E-002
  0.28603777794371876        5.8171983174589222E-002
  0.28720531888262307        6.2346545860357261E-002
  0.28837762545721990        6.6567884913023512E-002
  0.28955471711974690        7.0796249505511680E-002
  0.29073661340184104        7.4992869267875059E-002
  0.29192333391486291        7.9120257806751942E-002
  0.29311489835022253        8.3142492551884092E-002
  0.29431132647970543        8.7025469519398060E-002
  0.29551263815580109        9.0737131892683509E-002
  0.29671885331203263        9.4247671624399579E-002
  0.29792999196328690        9.7529703554912028E-002
  0.29914607420614708       0.10055841182126020     
  0.30036712021922612       0.10331166859457101     
  0.30159315026350136       0.10577012543124699     
  0.30282418468265071       0.10791727775287024     
  0.30406024390339059       0.10973950318060623     
  0.30530134843581452       0.11122607464123382     
  0.30654751887373349       0.11236914933318248     
  0.30779877589501764       0.11316373479197282     
  0.30905514026193970       0.11360763342505781     
  0.31031663282151906       0.11370136699651441     
  0.31158327450586787       0.11344808263255722     
  0.31285508633253861       0.11285344199007366     
  0.31413208940487242       0.11192549528281780     
  0.31541430491234945       0.11067454189444498     
  0.31670175413094059       0.10911297932505896     
  0.31799445842346041       0.10725514221935707     
  0.31929243923992134       0.10511713321088900     
  0.32059571811789023       0.10271664728950551     
  0.32190431668284508       0.10007279135890360     
  0.32321825664853443        9.7205900599563633E-002
  0.32453755981733712        9.4137353190391848E-002
  0.32586224808062436        9.0889384871415999E-002
  0.32719234341912323        8.7484904751029852E-002
  0.32852786790328065        8.3947313675775626E-002
  0.32986884369363056        8.0300326389669982E-002
  0.33121529304116082        7.6567798614748522E-002
  0.33256723828768275        7.2773560085873087E-002
  0.33392470186620210        6.8941254472028937E-002
  0.33528770630129073        6.5094187014224439E-002
  0.33665627420946076        6.1255180607690404E-002
  0.33803042829953994        5.7446440954160835E-002
  0.33941019137304806        5.3689431309446721E-002
  0.34079558632457546        5.0004757252924414E-002
  0.34218663614216327        4.6412061809719865E-002
  0.34358336390768413        4.2929931163749345E-002
  0.34498579279722608        3.9575811110951806E-002
  0.34639394608147639        3.6365934317473383E-002
  0.34780784712610791        3.3315258367543420E-002
  0.34922751939216706        3.0437414510736373E-002
  0.35065298643646264        2.7744666948398111E-002
  0.35208427191195729        2.5247882434475302E-002
  0.35352139956815942        2.2956509906953151E-002
  0.35496439325151735        2.0878569812627170E-002
  0.35641327690581565        1.9020652740098450E-002
  0.35786807457257153        1.7387926933615610E-002
  0.35932881039143427        1.5984154223674881E-002
  0.36079550860058590        1.4811713879017556E-002
  0.36226819353714296        1.3871633858713225E-002
  0.36374688963756052        1.3163628922209604E-002
  0.36523162143803800        1.2686145039390015E-002
  0.36672241357492547        1.2436409531600877E-002
  0.36821929078513355        1.2410486368023506E-002
  0.36972227790654283        1.2603336039483035E-002
  0.37123139987841652        1.3008879433461892E-002
  0.37274668174181458        1.3620065139531734E-002
  0.37426814864000829        1.4428939623278923E-002
  0.37579582581889864        1.5426719718831791E-002
  0.37732973862743413        1.6603866904995164E-002
  0.37886991251803198        1.7950162847487364E-002
  0.38041637304700071        1.9454785709522145E-002
  0.38196914587496344        2.1106386754776343E-002
  0.38352825676728425        2.2893166790286697E-002
  0.38509373159449567        2.4802952021785701E-002
  0.38666559633272773        2.6823268920159304E-002
  0.38824387706413899        2.8941417724835859E-002
  0.38982859997734975        3.1144544237739321E-002
  0.39141979136787586        3.3419709589759365E-002
  0.39301747763856587        3.5753957690280364E-002
  0.39462168530003849        3.8134380098950968E-002
  0.39623244097112265        4.0548178087428839E-002
  0.39784977137929967        4.2982721687057864E-002
  0.39947370336114574        4.5425605546238951E-002
  0.40110426386277853        4.7864701448448635E-002
  0.40274147994030307        5.0288207368317316E-002
  0.40438537876026137        5.2684692968822826E-002
  0.40603598760008325        5.5043141467313310E-002
  0.40769333384853856        5.7352987821731517E-002
  0.40935744500619187        5.9604153210941827E-002
  0.41102834868585908        6.1787075804402847E-002
  0.41270607261306486        6.3892737836572844E-002
  0.41439064462650332        6.5912689020284035E-002
  0.41608209267850005        6.7839066350868782E-002
  0.41778044483547516        6.9664610369088970E-002
  0.41948572927840988        7.1382677965789093E-002
  0.42119797430331363        7.2987251824818231E-002
  0.42291720832169355        7.4472946612989227E-002
  0.42464345986102636        7.5835012036810326E-002
  0.42637675756523108        7.7069332895383702E-002
  0.42811713019514508        7.8172426267265102E-002
  0.42986460662900056        7.9141435976266689E-002
  0.43161921586290408        7.9974124487162124E-002
  0.43338098701131811        8.0668862387114404E-002
  0.43514994930754325        8.1224615612387932E-002
  0.43692613210420378        8.1640930582604326E-002
  0.43870956487373508        8.1917917406517493E-002
  0.44050027720887197        8.2056231324034584E-002
  0.44229829882313998        8.2057052549096676E-002
  0.44410365955134889        8.1922064677078604E-002
  0.44591638935008682        8.1653431818646663E-002
  0.44773651829821842        8.1253774619592309E-002
  0.44956407659738296        8.0726145323053708E-002
  0.45139909457249600        8.0074002026882113E-002
  0.45324160267225266        7.9301182284671493E-002
  0.45509163146963244        7.8411876194280306E-002
  0.45694921166240710        7.7410599112545678E-002
  0.45881437407364939        7.6302164129381136E-002
  0.46068714965224478        7.5091654428644961E-002
  0.46256756947340538        7.3784395657046142E-002
  0.46445566473918498        7.2385928416069126E-002
  0.46635146677899686        7.0901980985369886E-002
  0.46825500705013429        6.9338442379502499E-002
  0.47016631713829160        6.7701335833078219E-002
  0.47208542875808879        6.5996792802722526E-002
  0.47401237375359806        6.4231027567367080E-002
  0.47594718409887132        6.2410312501674219E-002
  0.47788989189847175        6.0540954090642009E-002
  0.47984052938800570        5.8629269746807100E-002
  0.48179912893465782        5.6681565484919372E-002
  0.48376572303772875        5.4704114502545247E-002
  0.48574034432917323        5.2703136708821818E-002
  0.48772302557414277        5.0684779237461189E-002
  0.48971379967152823        4.8655097974256885E-002
  0.49171269965450648        4.6620040123609853E-002
  0.49371975869108847        4.4585427833156097E-002
  0.49573501008466908        4.2556942890318118E-002
  0.49775848727458005        4.0540112499610981E-002
  0.49979022383664523        3.8540296144780946E-002
  0.50183025348373689        3.6562673535359594E-002
  0.50387861006633561        3.4612233632966373E-002
  0.50593532757309234        3.2693764748733714E-002
  0.50800044013139123        3.0811845699491448E-002
  0.51007398200791731        2.8970838006910065E-002
  0.51215598760922409        2.7174879120601816E-002
  0.51424649148230461        2.5427876643251988E-002
  0.51634552831516523        2.3733503533169120E-002
  0.51845313293740036        2.2095194257225722E-002
  0.52056934032077162        2.0516141864973633E-002
  0.52269418557978653        1.8999295952785152E-002
  0.52482770397228251        1.7547361485162598E-002
  0.52696993090001132        1.6162798438881468E-002
  0.52912090190922667        1.4847822234370223E-002
  0.53128065269127367        1.3604404917681933E-002
  0.53344921908318188        1.2434277055560595E-002
  0.53562663706825886        1.1338930305451718E-002
  0.53781294277668812        1.0319620621834575E-002
  0.54000817248612853        9.3773720599497710E-003
  0.54221236262231554        8.5129811378699440E-003
  0.54442554975966673        7.7270217178713897E-003
  0.54664777062188774        7.0198503682421601E-003
  0.54887906208258186        6.3916121669512927E-003
  0.55111946116586275        5.8422469090429726E-003
  0.55336900504696696        5.3714956801536482E-003
  0.55562773105287300        4.9789077592078471E-003
  0.55789567666291884        4.6638478140958398E-003
  0.56017287950942463        4.4255033549743727E-003
  0.56245937737831742        4.2628924107513851E-003
  0.56475520820975744        4.1748713953075759E-003
  0.56706041009876806        4.1601431310605615E-003
  0.56937502129586803        4.2172649985891290E-003
  0.57169908020770599        4.3446571821959649E-003
  0.57403262539769728        4.5406109824830234E-003
  0.57637569558666502        4.8032971682488452E-003
  0.57872832965348131        5.1307743412815901E-003
  0.58109056663571335        5.5209972888960067E-003
  0.58346244573027040        5.9718253003662250E-003
  0.58584400629405475        6.4810304247074667E-003
  0.58823528784461476        7.0463056485706114E-003
  0.59063633006079996        7.6652729743223310E-003
  0.59304717278342045        8.3354913796858145E-003
  0.59546785601590702        9.0544646416098190E-003
  0.59789841992497528        9.8196490083087059E-003
  0.60033890484129260        1.0628460704685498E-002
  0.60278935126014666        1.1478283257575911E-002
  0.60524979984211758        1.2366474628479247E-002
  0.60772029141375294        1.3290374142620286E-002
  0.61020086696824494        1.4247309204351457E-002
  0.61269156766611022        1.5234601790022170E-002
  0.61519243483587394        1.6249574710547804E-002
  0.61770350997475421        1.7289557636954070E-002
  0.62022483474935197        1.8351892883201073E-002
  0.62275645099634114        1.9433940941571172E-002
  0.62529840072316345        2.0533085766848341E-002
  0.62785072610872605        2.1646739806415783E-002
  0.63041346950409982        2.2772348774264480E-002
  0.63298667343322390        2.3907396167726483E-002
  0.63557038059361004        2.5049407526521211E-002
  0.63816463385705124        2.6195954434448800E-002
  0.64076947627033398        2.7344658264755389E-002
  0.64338495105595150        2.8493193670852384E-002
  0.64601110161282127        2.9639291824688656E-002
  0.64864797151700582        3.0780743405648535E-002
  0.65129560452243462        3.1915401343380730E-002
  0.65395404456163087        3.3041183318461169E-002
  0.65662333574644061        3.4156074025252725E-002
  0.65930352236876377        3.5258127201735517E-002
  0.66199464890129045        3.6345467431478498E-002
  0.66469675999823752        3.7416291723255432E-002
  0.66740990049609028        3.8468870874134795E-002
  0.67013411541434675        3.9501550622142320E-002
  0.67286944995626363        4.0512752594848350E-002
  0.67561594950960757        4.1500975060445769E-002
  0.67837365964740748        4.2464793488070002E-002
  0.68114262612871068        4.3402860924268746E-002
  0.68392289489934310        4.4313908192660956E-002
  0.68671451209267076        4.5196743923926863E-002
  0.68951752403036504        4.6050254423346051E-002
  0.69233197722317286        4.6873403383158235E-002
  0.69515791837168661        4.7665231447051259E-002
  0.69799539436711988        4.8424855634091740E-002
  0.70084445229208592        4.9151468629402478E-002
  0.70370513942137802        4.9844337948862491E-002
  0.70657750322275481        5.0502804985059102E-002
  0.70946159135772713        5.1126283941658877E-002
  0.71235745168234910        5.1714260663282698E-002
  0.71526513224801314        5.2266291367880829E-002
  0.71818468130224533        5.2782001288495833E-002
  0.72111614728950835        5.3261083231182338E-002
  0.72405957885200312        5.3703296055724013E-002
  0.72701502483047720        5.4108463085650413E-002
  0.72998253426503557        5.4476470453903317E-002
  0.73296215639595286        5.4807265390351301E-002
  0.73595394066449149        5.5100854457180611E-002
  0.73895793671372234        5.5357301738027137E-002
  0.74197419438934753        5.5576726986533008E-002
  0.74500276374052765        5.5759303739831907E-002
  0.74804369502071344        5.5905257402285455E-002
  0.75109703868847777        5.6014863304600419E-002
  0.75416284540835488        5.6088444743269489E-002
  0.75724116605167924        5.6126371005085426E-002
  0.76033205169743068        5.6129055381282544E-002
  0.76343555363308235        5.6096953175667111E-002
  0.76655172335545019        5.6030559710905398E-002
  0.76968061257154952        5.5930408336936417E-002
  0.77282227319945096        5.5797068445294341E-002
  0.77597675736914307        5.5631143492922024E-002
  0.77914411742339751        5.5433269038875459E-002
  0.78232440591863694        5.5204110797124513E-002
  0.78551767562580699        5.4944362708473526E-002
  0.78872397953125306        5.4654745034440448E-002
  0.79194337083759792        5.4336002475751842E-002
  0.79517590296462559        5.3988902317938479E-002
  0.79842162955016782        5.3614232606338262E-002
  0.80168060445099321        5.3212800352648151E-002
  0.80495288174370172        5.2785429774997436E-002
  0.80823851572562166        5.2332960573358379E-002
  0.81153756091571005        5.1856246241951280E-002
  0.81485007205545901        5.1356152420144359E-002
  0.81817610410980179        5.0833555283212623E-002
  0.82151571226802678        5.0289339974164030E-002
  0.82486895194469190        4.9724399077712249E-002
  0.82823587878054472        4.9139631137338623E-002
  0.83161654864344625        4.8535939216257137E-002
  0.83501101762929653        4.7914229502974179E-002
  0.83841934206296653        4.7275409962015590E-002
  0.84184157849923302        4.6620389030278965E-002
  0.84527778372371576        4.5950074359363324E-002
  0.84872801475382054        4.5265371604120419E-002
  0.85219232883968588        4.4567183257574965E-002
  0.85567078346513115        4.3856407532268826E-002
  0.85916343634861292        4.3133937287990115E-002
  0.86267034544418009        4.2400659005767789E-002
  0.86619156894243732        4.1657451807928285E-002
  0.86972716527151039        4.0905186523939131E-002
  0.87327719309801433        4.0144724801690394E-002
  0.87684171132802924        3.9376918263796294E-002
  0.88042077910807537        3.8602607708444148E-002
  0.88401445582609561        3.7822622354248520E-002
  0.88762280111244185        3.7037779128524628E-002
  0.89124587484086226        3.6248881998336813E-002
  0.89488373712949654        3.5456721343636040E-002
  0.89853644834187318        3.4662073371755066E-002
  0.90220406908791040        3.3865699572490852E-002
  0.90588666022492215        3.3068346212971500E-002
  0.90958428285862880        3.2270743871465085E-002
  0.91329699834416944        3.1473607009268392E-002
  0.91702486828712149        3.0677633579778207E-002
  0.92076795454452198        2.9883504673832550E-002
  0.92452631922589401        2.9091884200383993E-002
  0.92830002469427830        2.8303418601551864E-002
  0.93208913356726641        2.7518736601087640E-002
  0.93589370871804145        2.6738448985269885E-002
  0.93971381327641990        2.5963148415243786E-002
  0.94354951062989978        2.5193409269804574E-002
  0.94740086442471305        2.4429787517626585E-002
  0.95126793856688030        2.3672820617930183E-002
  0.95515079722327212        2.2923027448582989E-002
  0.95904950482267404        2.2180908260629555E-002
  0.96296412605685466        2.1446944658248659E-002
  0.96689472588163972        2.0721599603137998E-002
  0.97084136951799027        2.0005317442337203E-002
  0.97480412245308368        1.9298523958503556E-002
  0.97878305044140190        1.8601626441664080E-002
  0.98277821950582100        1.7915013781479579E-002
  0.98678969593870736        1.7239056579066280E-002
  0.99081754630301844        1.6574107277431808E-002
  0.99486183743340539        1.5920500309599239E-002
  0.99892263643732426        1.5278552263502486E-002
   1.0030000106961476        1.4648562062756783E-002
   1.0070940278662834        1.4030811162418952E-002
   1.0112047558802988        1.3425563758872492E-002
   1.0153322629480441        1.2833067012989129E-002
   1.0194766175577885        1.2253551285734446E-002
   1.0236378884773538        1.1687230385406453E-002
   1.0278161447552574        1.1134301825713276E-002
   1.0320114557218547        1.0594947093916040E-002
   1.0362238909904942        1.0069331928281262E-002
   1.0404535204586696        9.5576066041097064E-003
   1.0447004143091787        9.0599062276268596E-003
   1.0489646430112913        8.5763510370397318E-003
   1.0532462773219167        8.1070467100880696E-003
   1.0575453882867758        7.6520846774365226E-003
   1.0618620472415838        7.2115424412736657E-003
   1.0661963258132321        6.7854838985085524E-003
   1.0705482959209747        6.3739596679721977E-003
   1.0749180297776255        5.9770074210528370E-003
   1.0793055998907541        5.5946522152159938E-003
   1.0837110790638902        5.2269068298784419E-003
   1.0881345403977287        4.8737721041269199E-003
   1.0925760572913470        4.5352372757903013E-003
   1.0970357034434204        4.2112803213973961E-003
   1.1015135528534441        3.9018682965679995E-003
   1.1060096798229635        3.6069576764061928E-003
   1.1105241589568067        3.3264946954841461E-003
   1.1150570651643195        3.0604156870228396E-003
   1.1196084736606120        2.8086474208934595E-003
   1.1241784599678060        2.5711074400834593E-003
   1.1287670999162849        2.3477043952877599E-003
   1.1333744696459565        2.1383383773024328E-003
   1.1380006456075142        1.9429012469165396E-003
   1.1426457045637044        1.7612769620139201E-003
   1.1473097235906025        1.5933419016123497E-003
   1.1519927800788912        1.4389651865846695E-003
   1.1566949517351428        1.2980089968211257E-003
   1.1614163165831117        1.1703288846071174E-003
   1.1661569529650266        1.0557740840064739E-003
   1.1709169395428922        9.5418781605315865E-004
   1.1756963552997917        8.6540758956943061E-004
   1.1804952795412009        7.8926549744148041E-004
   1.1853137918963028        7.2558850819657759E-004
   1.1901519723193061        6.7419875273884628E-004
   1.1950099010907769        6.3491380611295576E-004
   1.1998876588189678        6.0754696417668807E-004
   1.2047853264411541        5.9190751507510401E-004
   1.2097029852249803        5.8780100542022947E-004
   1.2146407167698074        5.9502950109027383E-004
   1.2195986030080641        6.1339184257390217E-004
   1.2245767262066105        6.4268389479346048E-004
   1.2295751689681005        6.8269879135197812E-004
   1.2345940142323542        7.3322717315755549E-004
   1.2396333452777308        7.9405742138648682E-004
   1.2446932457225151        8.6497588475703286E-004
   1.2497737995263021        9.4576710109172931E-004
   1.2548750909913893        1.0362140131550072E-003
   1.2599972047641785        1.1360981787603883E-003
   1.2651402258365791        1.2451999751474990E-003
   1.2703042395474162        1.3632987976370981E-003
   1.2754893315838498        1.4901732525778499E-003
   1.2806955879827961        1.6256013446054138E-003
   1.2859230951323521        1.7693606582387170E-003
   1.2911719397732333        1.9212285338458849E-003
   1.2964422090002106        2.0809822380154566E-003
   1.3017339902635547        2.2483991283742725E-003
   1.3070473713704895        2.4232568128987335E-003
   1.3123824404866489        2.6053333037682203E-003
   1.3177392861375357        2.7944071658163364E-003
   1.3231179972099965        2.9902576596371215E-003
   1.3285186629536925        3.1926648794082979E-003
   1.3339413729825829        3.4014098854958461E-003
   1.3393862172764077        3.6162748319087455E-003
   1.3448532861821869        3.8370430886735902E-003
   1.3503426704157151        4.0634993592033658E-003
   1.3558544610630672        4.2954297927355282E-003
   1.3613887495821120        4.5326220919179021E-003
   1.3669456278040288        4.7748656156217243E-003
   1.3725251879348284        5.0219514770642121E-003
   1.3781275225568879        5.2736726373238431E-003
   1.3837527246304846        5.5298239943328796E-003
   1.3894008874953359        5.7902024674338212E-003
   1.3950721048721533        6.0546070775869222E-003
   1.4007664708641934        6.3228390233161878E-003
   1.4064840799588225        6.5947017524843349E-003
   1.4122250270290799        6.8700010299846664E-003
   1.4179894073352572        7.1485450014417530E-003
   1.4237773165264773        7.4301442530104360E-003
   1.4295888506422783        7.7146118673639755E-003
   1.4354241061142121        8.0017634759634755E-003
   1.4412831797674421        8.2914173076983205E-003
   1.4471661688223481        8.5833942339893932E-003
   1.4530731708961429        8.8775178104462098E-003
   1.4590042840044910        9.1736143151674287E-003
   1.4649596065631323        9.4715127837762345E-003
   1.4709392373895191        9.7710450412793696E-003
   1.4769432757044543        1.0072045730839899E-002
   1.4829718211337348        1.0374352339551619E-002
   1.4890249737098105        1.0677805221303696E-002
   1.4951028338734396        1.0982247616822247E-002
   1.5012055024753554        1.1287525670975612E-002
   1.5073330807779428        1.1593488447429072E-002
   1.5134856704569155        1.1899987940732886E-002
   1.5196633736030056        1.2206879085928433E-002
   1.5258662927236537        1.2514019765753477E-002
   1.5320945307447145        1.2821270815530366E-002
   1.5383481910121630        1.3128496025815390E-002
   1.5446273772938062        1.3435562142889679E-002
   1.5509321937810101        1.3742338867170462E-002
   1.5572627450904259        1.4048698849617691E-002
   1.5636191362657244        1.4354517686213666E-002
   1.5700014727793419        1.4659673910588863E-002
   1.5764098605342303        1.4964048984867504E-002
   1.5828444058656099        1.5267527288804938E-002
   1.5893052155427401        1.5569996107286370E-002
   1.5957923967706868        1.5871345616257481E-002
   1.6023060571921037        1.6171468867153534E-002
   1.6088463048890147        1.6470261769893812E-002
   1.6154132483846122        1.6767623074506854E-002
   1.6220069966450557        1.7063454351449476E-002
   1.6286276590812767        1.7357659970681959E-002
   1.6352753455508005        1.7650147079561300E-002
   1.6419501663595648        1.7940825579610468E-002
   1.6486522322637496        1.8229608102222856E-002
   1.6553816544716176        1.8516409983358413E-002
   1.6621385446453594        1.8801149237287228E-002
   1.6689230149029417        1.9083746529432982E-002
   1.6757351778199741        1.9364125148371446E-002
   1.6825751464315746        1.9642210977033010E-002
   1.6894430342342412        1.9917932463159864E-002
   1.6963389551877424        2.0191220589067190E-002
   1.7032630237170037        2.0462008840754570E-002
   1.7102153547140044        2.0730233176413385E-002
   1.7171960635396897        2.0995831994376359E-002
   1.7242052660258809        2.1258746100550636E-002
   1.7312430784771990        2.1518918675377207E-002
   1.7383096176729915        2.1776295240358158E-002
   1.7454050008692747        2.2030823624189941E-002
   1.7525293458006783        2.2282453928542018E-002
   1.7596827706823941        2.2531138493517032E-002
   1.7668653942121444        2.2776831862829305E-002
   1.7740773355721486        2.3019490748735931E-002
   1.7813187144310982        2.3259073996753032E-002
   1.7885896509461472        2.3495542550192035E-002
   1.7958902657649043        2.3728859414544043E-002
   1.8032206800274309        2.3958989621745207E-002
   1.8105810153682576        2.4185900194350577E-002
   1.8179713939183981        2.4409560109644717E-002
   1.8253919383073787        2.4629940263716926E-002
   1.8328427716652678        2.4847013435525037E-002
   1.8403240176247260        2.5060754250975481E-002
   1.8478358003230537        2.5271139147040794E-002
   1.8553782444042495        2.5478146335939599E-002
   1.8629514750210820        2.5681755769399690E-002
   1.8705556178371661        2.5881949103026616E-002
   1.8781907990290427        2.6078709660796548E-002
   1.8858571452882809        2.6272022399694367E-002
   1.8935547838235744        2.6461873874513799E-002
   1.9012838423628520        2.6648252202838452E-002
   1.9090444491554013        2.6831147030220218E-002
   1.9168367329739937        2.7010549495570597E-002
   1.9246608231170197        2.7186452196780758E-002
   1.9325168494106386        2.7358849156584736E-002
   1.9404049422109304        2.7527735788678908E-002
   1.9483252324060565        2.7693108864111571E-002
   1.9562778514184365        2.7854966477954241E-002
   1.9642629312069249        2.8013308016266791E-002
   1.9722806042690040        2.8168134123367182E-002
   1.9803310036429771        2.8319446669415587E-002
   1.9884142629101824        2.8467248718323727E-002
   1.9965305161972071        2.8611544495997544E-002
   2.0046798981781091        2.8752339358921908E-002
   2.0128625440766581        2.8889639763095380E-002
   2.0210785896685763        2.9023453233322293E-002
   2.0293281712837890        2.9153788332869295E-002
   2.0376114258086915        2.9280654633491880E-002
   2.0459284906884188        2.9404062685837527E-002
   2.0542795039291217        2.9524023990230169E-002
   2.0626646041002639        2.9640550967841007E-002
   2.0710839303369175        2.9753656932250294E-002
   2.0795376223420732        2.9863356061403439E-002
   2.0880258203889532        2.9969663369965212E-002
   2.0965486653233478        3.0072594682075661E-002
   2.1051062985659468        3.0172166604509307E-002
   2.1136988621146831        3.0268396500240834E-002
   2.1223264985470975        3.0361302462419096E-002
   2.1309893510226989        3.0450903288750344E-002
   2.1396875632853374        3.0537218456292873E-002
   2.1484212796655959        3.0620268096663402E-002
   2.1571906450831819        3.0700072971655654E-002
   2.1659958050493291        3.0776654449272016E-002
   2.1748369056692178        3.0850034480167911E-002
   2.1837140936443968        3.0920235574508442E-002
   2.1926275162752127        3.0987280779236966E-002
   2.2015773214632635        3.1051193655755063E-002
   2.2105636577138457        3.1111998258012415E-002
   2.2195866741384194        3.1169719111005138E-002
   2.2286465204570853        3.1224381189682252E-002
   2.2377433470010675        3.1276009898256713E-002
   2.2468773047152077        3.1324631049920948E-002
   2.2560485451604677        3.1370270846963311E-002
   2.2652572205164492        3.1412955861284078E-002
   2.2745034835839171        3.1452713015308338E-002
   2.2837874877873303        3.1489569563292755E-002
   2.2931093871773944        3.1523553073023652E-002
   2.3024693364336155        3.1554691407903832E-002
   2.3118674908668622        3.1583012709424388E-002
   2.3213040064219506        3.1608545380018546E-002
   2.3307790396802273        3.1631318066294718E-002
   2.3402927478621649        3.1651359642644511E-002
   2.3498452888299783        3.1668699195222319E-002
   2.3594368210902377        3.1683366006293574E-002
   2.3690675037965030        3.1695389538946586E-002
   2.3787374967519588        3.1704799422165364E-002
   2.3884469604120731        3.1711625436258647E-002
   2.3981960558872570        3.1715897498641739E-002
   2.4079849449455333        3.1717645649966042E-002
   2.4178137900152290        3.1716900040594104E-002
   2.4276827541876669        3.1713690917413259E-002
   2.4375920012198664        3.1708048610986028E-002
   2.4475416955372706        3.1700003523031844E-002
   2.4575320022364697        3.1689586114235495E-002
   2.4675630870879357        3.1676826892378447E-002
   2.4776351165387829        3.1661756400788929E-002
   2.4877482577155234        3.1644405207104979E-002
   2.4979026784268394        3.1624803892347529E-002
   2.5080985471663721        3.1602983040297773E-002
   2.5183360331155162        3.1578973227175386E-002
   2.5286153061462220        3.1552805011611923E-002
   2.5389365368238228        3.1524508924915817E-002
   2.5492998964098588        3.1494115461623826E-002
   2.5597055568649218        3.1461655070334507E-002
   2.5701536908515048        3.1427158144819334E-002
   2.5806444717368717        3.1390655015406770E-002
   2.5911780735959340        3.1352175940634518E-002
   2.6017546712141315        3.1311751099165841E-002
   2.6123744400903441        3.1269410581965119E-002
   2.6230375564397970        3.1225184384728231E-002
   2.6337441971969815        3.1179102400563010E-002
   2.6444945400185995        3.1131194412916018E-002
   2.6552887632865070        3.1081490088739897E-002
   2.6661270461106703        3.1030018971898155E-002
   2.6770095683321458        3.0976810476802563E-002
   2.6879365105260575        3.0921893882278003E-002
   2.6989080540045989        3.0865298325651613E-002
   2.7099243808200328        3.0807052797061075E-002
   2.7209856737677236        3.0747186133977981E-002
   2.7320921163891634        3.0685727015942129E-002
   2.7432438929750149        3.0622703959502378E-002
   2.7544411885681774        3.0558145313359854E-002
   2.7656841889668535        3.0492079253709344E-002
   2.7769730807276272        3.0424533779775137E-002
   2.7883080511685678        3.0355536709536404E-002
   2.7996892883723348        3.0285115675639032E-002
   2.8111169811892935        3.0213298121489218E-002
   2.8225913192406575        3.0140111297525127E-002
   2.8341124929216317        3.0065582257662898E-002
   2.8456806934045655        2.9989737855912670E-002
   2.8572961126421350        2.9912604743161202E-002
   2.8689589433705232        2.9834209364117154E-002
   2.8806693791126143        2.9754577954415329E-002
   2.8924276141812122        2.9673736537876180E-002
   2.9042338436822610        2.9591710923916902E-002
   2.9160882635180831        2.9508526705110609E-002
   2.9279910703906258        2.9424209254890064E-002
   2.9399424618047334        2.9338783725392309E-002
   2.9519426360714194        2.9252275045440850E-002
   2.9639917923111532        2.9164707918662360E-002
   2.9760901304571732        2.9076106821733470E-002
   2.9882378512587997        2.8986496002755921E-002
   3.0004351562847607        2.8895899479755526E-002
   3.0126822479265480        2.8804341039302139E-002
   3.0249793294017673        2.8711844235247721E-002
   3.0373266047575087        2.8618432387579499E-002
   3.0497242788737404        2.8524128581384246E-002
   3.0621725574667020        2.8428955665921841E-002
   3.0746716470923223        2.8332936253804456E-002
   3.0872217551496384        2.8236092720278858E-002
   3.0998230898842483        2.8138447202608181E-002
   3.1124758603917613        2.8040021599551896E-002
   3.1251802766212617        2.7940837570939177E-002
   3.1379365493788032        2.7840916537334986E-002
   3.1507448903309023        2.7740279679794467E-002
   3.1636055120080444        2.7638947939704516E-002
   3.1765186278082207        2.7536942018708828E-002
   3.1894844520004644        2.7434282378714304E-002
   3.2025031997284015        2.7330989241976928E-002
   3.2155750870138298        2.7227082591263232E-002
   3.2287003307602982        2.7122582170086670E-002
   3.2418791487567020        2.7017507483015384E-002
   3.2551117596809069        2.6911877796049369E-002
   3.2683983831033703        2.6805712137065122E-002
   3.2817392394907818        2.6699029296324939E-002
   3.2951345502097307        2.6591847827049524E-002
   3.3085845375303724        2.6484186046050861E-002
   3.3220894246301196        2.6376062034423976E-002
   3.3356494355973410        2.6267493638295329E-002
   3.3492647954350852        2.6158498469625788E-002
   3.3629357300648142        2.6049093907066244E-002
   3.3766624663301439        2.5939297096864131E-002
   3.3904452320006189        2.5829124953818550E-002
   3.4042842557754875        2.5718594162282914E-002
   3.4181797672874907        2.5607721177212456E-002
   3.4321319971066844        2.5496522225255572E-002
   3.4461411767442565        2.5385013305886675E-002
   3.4602075386563675        2.5273210192579630E-002
   3.4743313162480152        2.5161128434019353E-002
   3.4885127438769019        2.5048783355350442E-002
   3.5027520568573265        2.4936190059461107E-002
   3.5170494914640815        2.4823363428301187E-002
   3.5314052849363842        2.4710318124232095E-002
   3.5458196754818094        2.4597068591408047E-002
   3.5602929022802345        2.4483629057186436E-002
   3.5748252054878202        2.4370013533566472E-002
   3.5894168262409902        2.4256235818654603E-002
   3.6040680066604258        2.4142309498155080E-002
   3.6187789898550959        2.4028247946884938E-002
   3.6335500199262847        2.3914064330311589E-002
   3.6483813419716364        2.3799771606112217E-002
   3.6632732020892336        2.3685382525753539E-002
   3.6782258473816740        2.3570909636090896E-002
   3.6932395259601685        2.3456365280985377E-002
   3.7083144869486642        2.3341761602938157E-002
   3.7234509804879772        2.3227110544740630E-002
   3.7386492577399353        2.3112423851139475E-002
   3.7539095708915569        2.2997713070515863E-002
   3.7692321731592284        2.2882989556577134E-002
   3.7846173187929102        2.2768264470060872E-002
   3.8000652630803460        2.2653548780449527E-002
   3.8155762623513128        2.2538853267695610E-002
   3.8311505739818670        2.2424188523955588E-002
   3.8467884563986092        2.2309564955332525E-002
   3.8624901690829847        2.2194992783626008E-002
   3.8782559725755825        2.2080482048088667E-002
   3.8940861284804527        2.1966042607189030E-002
   3.9099808994694594        2.1851684140378778E-002
   3.9259405492866346        2.1737416149865046E-002
   3.9419653427525452        2.1623247962386172E-002
   3.9580555457687030        2.1509188730990031E-002
   3.9742114253219660        2.1395247436815354E-002
   3.9904332494889743        2.1281432890873898E-002
   4.0067212874405893        2.1167753735834214E-002
   4.0230758094463717        2.1054218447805327E-002
   4.0394970868790629        2.0940835338120502E-002
   4.0559853922190783        2.0827612555119990E-002
   4.0725409990590427        2.0714558085932398E-002
   4.0891641821083224        2.0601679758254193E-002
   4.1058552171975808        2.0488985242126785E-002
   4.1226143812833644        2.0376482051710536E-002
   4.1394419524526915        2.0264177547055482E-002
   4.1563382099276636        2.0152078935867925E-002
   4.1733034340701094        2.0040193275272820E-002
   4.1903379063862296        1.9928527473571312E-002
   4.2074419095312638        1.9817088291993003E-002
   4.2246157273141920        1.9705882346442490E-002
   4.2418596447024361        1.9594916109239982E-002
   4.2591739478265858        1.9484195910855560E-002
   4.2765589239851547        1.9373727941636342E-002
   4.2940148616493437        1.9263518253526776E-002
   4.3115420504678283        1.9153572761781423E-002
   4.3291407812715565        1.9043897246669911E-002
   4.3468113460785895        1.8934497355173545E-002
   4.3645540380989400        1.8825378602674026E-002
   4.3823691517394279        1.8716546374632981E-002
   4.4002569826085844        1.8608005928262662E-002
   4.4182178275215458        1.8499762394187557E-002
   4.4362519845049730        1.8391820778096462E-002
   4.4543597528020111        1.8284185962384663E-002
   4.4725414328772475        1.8176862707786349E-002
   4.4907973264216903        1.8069855654996837E-002
   4.5091277363577875        1.7963169326284306E-002
   4.5275329668444471        1.7856808127091200E-002
   4.5460133232820850        1.7750776347624585E-002
   4.5645691123176864        1.7645078164435720E-002
   4.5832006418499045        1.7539717641988643E-002
   4.6019082210341660        1.7434698734217286E-002
   4.6206921602877928        1.7330025286071218E-002
   4.6395527712951647        1.7225701035050077E-002
   4.6584903670128890        1.7121729612725897E-002
   4.6775052616749795        1.7018114546254084E-002
   4.6965977707980926        1.6914859259872177E-002
   4.7157682111867478        1.6811967076386544E-002
   4.7350169009385850        1.6709441218647331E-002
   4.7543441594496505        1.6607284811010606E-002
   4.7737503074196939        1.6505500880788775E-002
   4.7932356668574805        1.6404092359688104E-002
   4.8128005610861475        1.6303062085234236E-002
   4.8324453147485658        1.6202412802184683E-002
   4.8521702538127149        1.6102147163929329E-002
   4.8719757055771122        1.6002267733877588E-002
   4.8918619986762248        1.5902776986833532E-002
   4.9118294630859394        1.5803677310357828E-002
   4.9318784301290162        1.5704971006117133E-002
   4.9520092324806102        1.5606660291220573E-002
   4.9722222041737796        1.5508747299543515E-002
   4.9925176806050207        1.5411234083038331E-002
   5.0128959985398502        1.5314122613032419E-002
   5.0333574961183860        1.5217414781513351E-002
   5.0539025128609465        1.5121112402401032E-002
   5.0745313896737043        1.5025217212807130E-002
   5.0952444688543324        1.4929730874281384E-002
   5.1160420940976774        1.4834654974045427E-002
   5.1369246105014765        1.4739991026213293E-002
   5.1578923645720769        1.4645740472999361E-002
   5.1789457042301867        1.4551904685913468E-002
   5.2000849788166388        1.4458484966943018E-002
   5.2213105390982024        1.4365482549722577E-002
   5.2426227372734004        1.4272898600690415E-002
   5.2640219269783390        1.4180734220232522E-002
   5.2855084632925946        1.4088990443813990E-002
   5.3070827027450962        1.3997668243097472E-002
   5.3287450033200381        1.3906768527049345E-002
   5.3504957244628288        1.3816292143033088E-002
   5.3723352270860527        1.3726239877890239E-002
   5.3942638735754480        1.3636612459008841E-002
   5.4162820277959387        1.3547410555379565E-002
   5.4383900550976607        1.3458634778639298E-002
   5.4605883223220175        1.3370285684102623E-002
   5.4828771978077846        1.3282363771780830E-002
   5.5052570513972130        1.3194869487388954E-002
   5.5277282544421542        1.3107803223340589E-002
   5.5502911798102446        1.3021165319730585E-002
   5.5729462018910780        1.2934956065305873E-002
   5.5956936966024218        1.2849175698424234E-002
   5.6185340413964466        1.2763824408001403E-002
   5.6414676152660075        1.2678902334446093E-002
   5.6644947987509173        1.2594409570583593E-002
   5.6876159739442613        1.2510346162567670E-002
   5.7108315244987482        1.2426712110780690E-002
   5.7341418356330687        1.2343507370722519E-002
   5.7575472941382806        1.2260731853887978E-002
   5.7810482883842447        1.2178385428632773E-002
   5.8046452083260549        1.2096467921028406E-002
   5.8283384455105089        1.2014979115705855E-002
   5.8521283930826149        1.1933918756688039E-002
   5.8760154457921070        1.1853286548211552E-002
