  0.10000000000000001       0.29423277811239229     
  0.10040817718110437       0.27522327623848575     
  0.10081802044832047       0.25255406713843520     
  0.10122953660223166       0.22773593726937161     
  0.10164273247117964       0.20238545348343021     
  0.10205761491137796       0.17811419377255985     
  0.10247419080702558       0.15642278123565154     
  0.10289246707042120       0.13860648046519258     
  0.10331245064207799       0.12567797888947202     
  0.10373414849083867       0.11831154063211870     
  0.10415756761399117       0.11681110251874603     
  0.10458271503738485       0.12110319943355918     
  0.10500959781554686       0.13075397280503503     
  0.10543822303179938       0.14500803310441621     
  0.10586859779837712       0.16284569884667949     
  0.10630072925654524       0.18305418318422714     
  0.10673462457671801       0.20430768361390111     
  0.10717029095857759       0.22525106529070535     
  0.10760773563119364       0.24458190566355911     
  0.10804696585314330       0.26112605878366180     
  0.10848798891263144       0.27390255583548462     
  0.10893081212761184       0.28217452560392375     
  0.10937544284590843       0.28548382802618538     
  0.10982188844533726       0.28366817562960817     
  0.11027015633382903       0.27686060260928669     
  0.11072025394955184       0.26547216579122812     
  0.11117218876103470       0.25015967049542992     
  0.11162596826729153       0.23178096312501123     
  0.11208159999794542       0.21134088960484512     
  0.11253909151335369       0.18993136644901798     
  0.11299845040473337       0.16866914445860995     
  0.11345968429428700       0.14863477152529475     
  0.11392280083532935       0.13081599941323058     
  0.11438780771241415       0.11605845738821936     
  0.11485471264146174       0.10502586753337040     
  0.11532352336988719        9.8171441137477902E-002
  0.11579424767672861        9.5721413016772353E-002
  0.11626689337277650        9.7670980784734698E-002
  0.11674146830070313       0.10379225597008614     
  0.11721798033519278       0.11365323609133419     
  0.11769643738307244       0.12664629809899372     
  0.11817684738344295       0.14202431402325894     
  0.11865921830781066       0.15894221202244754     
  0.11914355816021997       0.17650165584574404     
  0.11962987497738581       0.19379649158652443     
  0.12011817682882717       0.20995670480891185     
  0.12060847181700105       0.22418883062059095     
  0.12110076807743671       0.23581104673484490     
  0.12159507377887094       0.24428153469417474     
  0.12209139712338332       0.24921909514814061     
  0.12258974634653247       0.25041542681183127     
  0.12309012971749274       0.24783890354302113     
  0.12359255553919130       0.24163008958572507     
  0.12409703214844603       0.23208960165116610     
  0.12460356791610375       0.21965924349654156     
  0.12511217124717913       0.20489759293828680     
  0.12562285058099434       0.18845140551012768     
  0.12613561439131882       0.17102430976692221     
  0.12665047118650996       0.15334430671210922     
  0.12716742950965446       0.13613155348996370     
  0.12768649793870987       0.12006781572254217     
  0.12820768508664696       0.10576882242689893     
  0.12873099960159279        9.3760562820519186E-002
  0.12925645016697404        8.4460337150024128E-002
  0.12978404550166117        7.8163126121327739E-002
  0.13031379436011306        7.5033587672176910E-002
  0.13084570553252231        7.5103737229404388E-002
  0.13137978784496107        7.8276128716642315E-002
  0.13191605015952751        8.4332137505602839E-002
  0.13245450137449291        9.2944760645526342E-002
  0.13299515042444918       0.10369519962543526     
  0.13353800628045717       0.11609238026248300     
  0.13408307795019572       0.12959449479315310     
  0.13463037447811083       0.14363162277489536     
  0.13517990494556581       0.15762849822161423     
  0.13573167847099218       0.17102653728313794     
  0.13628570421004074       0.18330431932467767     
  0.13684199135573349       0.19399581913783512     
  0.13740054913861643       0.20270581326362841     
  0.13796138682691236       0.20912202273864278     
  0.13852451372667493       0.21302370163669976     
  0.13908993918194296       0.21428652941498685     
  0.13965767257489561       0.21288380954859712     
  0.14022772332600780       0.20888411211892327     
  0.14080010089420669       0.20244561952831530     
  0.14137481477702879       0.19380753881874763     
  0.14195187451077720       0.18327902856410372     
  0.14253128967068007       0.17122615130815985     
  0.14311306987104958       0.15805740327613563     
  0.14369722476544117       0.14420839170936064     
  0.14428376404681392       0.13012622756371142     
  0.14487269744769149       0.11625417906858510     
  0.14546403474032335       0.10301709193519093     
  0.14605778573684705        9.0808027450185347E-002
  0.14665396028945119        7.9976503230304224E-002
  0.14725256829053859        7.0818646168797683E-002
  0.14785361967289068        6.3569486259553859E-002
  0.14845712440983222        5.8397536668899491E-002
  0.14906309251539690        5.5401722608036871E-002
  0.14967153404449324        5.4610641963314395E-002
  0.15028245909307170        5.5984066669559115E-002
  0.15089587779829214        5.9416527492100767E-002
  0.15151180033869191        6.4742767833450718E-002
  0.15213023693435482        7.1744805588763838E-002
  0.15275119784708088        8.0160306694571651E-002
  0.15337469338055626        8.9691950181089192E-002
  0.15400073388052446       0.10001745218609322     
  0.15462932973495802       0.11079991509333137     
  0.15526049137423079       0.12169817697891826     
  0.15589422927129087       0.13237685487721573     
  0.15653055394183482       0.14251580179282539     
  0.15716947594448166       0.15181873051211728     
  0.15781100588094832       0.16002079563033325     
  0.15845515439622559       0.16689496728856845     
  0.15910193217875471       0.17225707439334781     
  0.15975134996060453       0.17596944010642293     
  0.16040341851764989       0.17794307677150656     
  0.16105814866975027       0.17813844994078865     
  0.16171555128092935       0.17656486068247215     
  0.16237563725955523       0.17327853096775853     
  0.16303841755852153       0.16837950791340672     
  0.16370390317542910       0.16200752844614680     
  0.16437210515276834       0.15433700620070628     
  0.16504303457810285       0.14557131699165674     
  0.16571670258425286       0.13593656801271251     
  0.16639312034948034       0.12567503917682366     
  0.16707229909767446       0.11503848301986404     
  0.16775425009853762       0.10428146277376538     
  0.16843898466777257        9.3654897095239803E-002
  0.16912651416727026        8.3399965113359259E-002
  0.16981685000529834        7.3742507586328970E-002
  0.17051000363669019        6.4888039719004934E-002
  0.17120598656303537        5.7017469282178976E-002
  0.17190481033287031        5.0283590776962997E-002
  0.17260648654186983        4.4808403160234177E-002
  0.17331102683303970        4.0681275705257966E-002
  0.17401844289690985        3.7957964475675836E-002
  0.17472874647172817        3.6660461136437679E-002
  0.17544194934365545        3.6777636834908818E-002
  0.17615806334696094        3.8266627005184614E-002
  0.17687710036421864        4.1054888444775749E-002
  0.17759907232650440        4.5042848071766485E-002
  0.17832399121359424        5.0107053501171887E-002
  0.17905186905416270        5.6103729016275923E-002
  0.17978271792598266        6.2872636620528513E-002
  0.18051654995612570        7.0241140542300989E-002
  0.18125337732116351        7.8028374678091553E-002
  0.18199321224736950        8.6049415803113566E-002
  0.18273606701092207        9.4119370717407599E-002
  0.18348195393810826       0.10205729256751789     
  0.18423088540552804       0.10968985010517321     
  0.18498287384029991       0.11685468332031805     
  0.18573793172026712       0.12340338941727845     
  0.18649607157420448       0.12920409419444556     
  0.18725730598202642       0.13414357525428044     
  0.18802164757499584       0.13812891484186435     
  0.18878910903593346       0.14108867123789859     
  0.18955970309942835       0.14297356829118008     
  0.19033344255204943       0.14375671266963660     
  0.19111034023255730       0.14343335757043019     
  0.19189040903211749       0.14202023982242840     
  0.19267366189451438       0.13955452443341315     
  0.19346011181636599       0.13609239660601632     
  0.19424977184733941       0.13170734602664197     
  0.19504265509036750       0.12648819180545764     
  0.19583877470186650       0.12053689882396407     
  0.19663814389195391       0.11396623746509747     
  0.19744077592466802       0.10689733881573781     
  0.19824668411818794        9.9457196517784577E-002
  0.19905588184505443        9.1776164591774193E-002
  0.19986838253239200        8.3985497868493061E-002
  0.20068419966213161        7.6214978250502941E-002
  0.20150334677123438        6.8590666003993592E-002
  0.20232583745191612        6.1232810772278469E-002
  0.20315168535187320        5.4253952126159473E-002
  0.20398090417450848        4.7757234341953732E-002
  0.20481350767915915        4.1834954839517921E-002
  0.20564950968132489        3.6567360428431284E-002
  0.20648892405289709        3.2021700300938510E-002
  0.20733176472238896        2.8251539666758495E-002
  0.20817804567516671        2.5296333128614640E-002
  0.20902778095368180        2.3181252418797010E-002
  0.20988098465770355        2.1917259015318977E-002
  0.21073767094455342        2.1501408478955087E-002
  0.21159785402933992        2.1917370135855235E-002
  0.21246154818519422        2.3136142999611697E-002
  0.21332876774350720        2.5116946595947421E-002
  0.21419952709416737        2.7808263626904289E-002
  0.21507384068579924        3.1149010184447833E-002
  0.21595172302600341        3.5069808482278385E-002
  0.21683318868159726        3.9494336798301347E-002
  0.21771825227885655        4.4340731481019642E-002
  0.21860692850375804        4.9523016438081671E-002
  0.21949923210222347        5.4952536456772394E-002
  0.22039517788036408        6.0539371963356160E-002
  0.22129478070472614        6.6193714367619325E-002
  0.22219805550253774        7.1827182915686391E-002
  0.22310501726195672        7.7354065942851949E-002
  0.22401568103231900        8.2692471533577477E-002
  0.22493006192438844        8.7765374813699684E-002
  0.22584817511060773        9.2501551377767319E-002
  0.22677003582534988        9.6836388652047953E-002
  0.22769565936517111       0.10071256927338844     
  0.22862506108906488       0.10408062279157321     
  0.22955825641871638       0.10689934414689041     
  0.23049526083875860       0.10913607940813469     
  0.23143608989702943       0.11076688115562945     
  0.23238075920482931       0.11177653763945629     
  0.23332928443718048       0.11215848141917463     
  0.23428168133308711       0.11191458458592345     
  0.23523796569579644       0.11105484887268530     
  0.23619815339306083       0.10959699996893638     
  0.23716226035740115       0.10756599617038162     
  0.23813030258637141       0.10499346211471411     
  0.23910229614282377       0.10191705878463338     
  0.24007825715517533        9.8379801206647424E-002
  0.24105820181767584        9.4429335347526094E-002
  0.24204214639067612        9.0117185620569029E-002
  0.24303010720089804        8.5497984173614705E-002
  0.24402210064170560        8.0628692753623887E-002
  0.24501814317337661        7.5567827443390342E-002
  0.24601825132337590        7.0374695959751571E-002
  0.24702244168662996        6.5108656505216717E-002
  0.24803073092580163        5.9828406392011292E-002
  0.24904313577156709        5.4591307824719555E-002
  0.25005967302289334        4.9452757350356653E-002
  0.25108035954731700        4.4465604577517005E-002
  0.25210521228122396        3.9679624843319772E-002
  0.25313424823013059        3.5141049581412842E-002
  0.25416748446896609        3.0892157228607244E-002
  0.25520493814235545        2.6970926612934730E-002
  0.25624662646490398        2.3410753902255402E-002
  0.25729256672148348        2.0240233368826285E-002
  0.25834277626751834        1.7483001449311815E-002
  0.25939727252927380        1.5157642858004469E-002
  0.26045607300414547        1.3277656848986005E-002
  0.26151919526094891        1.1851481124699656E-002
  0.26258665694021183        1.0882570356994475E-002
  0.26365847575446660        1.0369525824134402E-002
  0.26473466948854396        1.0306272274465159E-002
  0.26581525599986822        1.0682277804432668E-002
  0.26690025321875377        1.1482812284572552E-002
  0.26798967914870253        1.2689239680291526E-002
  0.26908355186670235        1.4279339492390073E-002
  0.27018188952352734        1.6227652482336558E-002
  0.27128471034403900        1.8505845845809592E-002
  0.27239203262748851        2.1083093051010474E-002
  0.27350387474782023        2.3926463661411847E-002
  0.27462025515397709        2.7001318611342726E-002
  0.27574119237020622        3.0271706592340030E-002
  0.27686670499636645        3.3700757433628825E-002
  0.27799681170823720        3.7251068616379196E-002
  0.27913153125782791        4.0885081343698330E-002
  0.28027088247368953        4.4565442891610060E-002
  0.28141488426122702        4.8255352285910456E-002
  0.28256355560301261        5.1918886681068074E-002
  0.28371691555910122        5.5521306155926223E-002
  0.28487498326734656        5.9029334982664022E-002
  0.28603777794371876        6.2411417766438944E-002
  0.28720531888262307        6.5637949189748093E-002
  0.28837762545721990        6.8681476424545598E-002
  0.28955471711974690        7.1516873593603245E-002
  0.29073661340184104        7.4121487967829983E-002
  0.29192333391486291        7.6475257876083003E-002
  0.29311489835022253        7.8560802576336450E-002
  0.29431132647970543        8.0363484590425305E-002
  0.29551263815580109        8.1871445237551244E-002
  0.29671885331203263        8.3075614313410526E-002
  0.29792999196328690        8.3969695051427068E-002
  0.29914607420614708        8.4550125669778098E-002
  0.30036712021922612        8.4816018952490510E-002
  0.30159315026350136        8.4769081435000462E-002
  0.30282418468265071        8.4413513864483522E-002
  0.30406024390339059        8.3755894683488055E-002
  0.30530134843581452        8.2805048342684956E-002
  0.30654751887373349        8.1571900285683424E-002
  0.30779877589501764        8.0069320466854638E-002
  0.30905514026193970        7.8311957263121595E-002
  0.31031663282151906        7.6316063623810174E-002
  0.31158327450586787        7.4099317270315851E-002
  0.31285508633253861        7.1680636710740042E-002
  0.31413208940487242        6.9079994775297360E-002
  0.31541430491234945        6.6318231307448863E-002
  0.31670175413094059        6.3416866564904986E-002
  0.31799445842346041        6.0397916795183963E-002
  0.31929243923992134        5.7283713353744700E-002
  0.32059571811789023        5.4096726630101434E-002
  0.32190431668284508        5.0859395940192446E-002
  0.32321825664853443        4.7593966432730735E-002
  0.32453755981733712        4.4322333944622150E-002
  0.32586224808062436        4.1065898626837391E-002
  0.32719234341912323        3.7845428048461860E-002
  0.32852786790328065        3.4680930373978701E-002
  0.32986884369363056        3.1591538098066148E-002
  0.33121529304116082        2.8595402714146820E-002
  0.33256723828768275        2.5709600588281235E-002
  0.33392470186620210        2.2950050209489477E-002
  0.33528770630129073        2.0331440891704959E-002
  0.33665627420946076        1.7867172911828592E-002
  0.33803042829953994        1.5569308983175515E-002
  0.33941019137304806        1.3448536884293457E-002
  0.34079558632457546        1.1514142989955550E-002
  0.34218663614216327        9.7739963842815043E-003
  0.34358336390768413        8.2345431755114998E-003
  0.34498579279722608        6.9008105780383137E-003
  0.34639394608147639        5.7764202798685355E-003
  0.34780784712610791        4.8636105726908669E-003
  0.34922751939216706        4.1632666870722243E-003
  0.35065298643646264        3.6749587468376216E-003
  0.35208427191195729        3.3969867342160845E-003
  0.35352139956815942        3.3264318406585284E-003
  0.35496439325151735        3.4592135670670058E-003
  0.35641327690581565        3.7901519312760427E-003
  0.35786807457257153        4.3130341396658634E-003
  0.35932881039143427        5.0206850834694557E-003
  0.36079550860058590        5.9050410283178435E-003
  0.36226819353714296        6.9572258775163496E-003
  0.36374688963756052        8.1676294051064337E-003
  0.36523162143803800        9.5259868736064634E-003
  0.36672241357492547        1.1021459473069293E-002
  0.36821929078513355        1.2642715042426282E-002
  0.36972227790654283        1.4378008560629844E-002
  0.37123139987841652        1.6215261923574257E-002
  0.37274668174181458        1.8142142552781456E-002
  0.37426814864000829        2.0146140413127730E-002
  0.37579582581889864        2.2214643049138012E-002
  0.37732973862743413        2.4335008282276312E-002
  0.37886991251803198        2.6494634244993948E-002
  0.38041637304700071        2.8681026460763842E-002
  0.38196914587496344        3.0881861712703591E-002
  0.38352825676728425        3.3085048476482908E-002
  0.38509373159449567        3.5278783725759585E-002
  0.38666559633272773        3.7451605950258586E-002
  0.38824387706413899        3.9592444257643689E-002
  0.38982859997734975        4.1690663460290878E-002
  0.39141979136787586        4.3736105076974174E-002
  0.39301747763856587        4.5719124207051702E-002
  0.39462168530003849        4.7630622260996555E-002
  0.39623244097112265        4.9462075555946068E-002
  0.39784977137929967        5.1205559808246814E-002
  0.39947370336114574        5.2853770576732559E-002
  0.40110426386277853        5.4400039730668343E-002
  0.40274147994030307        5.5838348034823300E-002
  0.40438537876026137        5.7163333961086672E-002
  0.40603598760008325        5.8370298851346286E-002
  0.40769333384853856        5.9455208570021137E-002
  0.40935744500619187        6.0414691796752587E-002
  0.41102834868585908        6.1246035120256483E-002
  0.41270607261306486        6.1947175103350793E-002
  0.41439064462650332        6.2516687496658591E-002
  0.41608209267850005        6.2953773784554259E-002
  0.41778044483547516        6.3258245251611320E-002
  0.41948572927840988        6.3430504761156428E-002
  0.42119797430331363        6.3471526439644516E-002
  0.42291720832169355        6.3382833461488458E-002
  0.42464345986102636        6.3166474128761460E-002
  0.42637675756523108        6.2824996438949149E-002
  0.42811713019514508        6.2361421331697066E-002
  0.42986460662900056        6.1779214802383235E-002
  0.43161921586290408        6.1082259066396950E-002
  0.43338098701131811        6.0274822953309465E-002
  0.43514994930754325        5.9361531704757678E-002
  0.43692613210420378        5.8347336343882637E-002
  0.43870956487373508        5.7237482777668033E-002
  0.44050027720887197        5.6037480786551623E-002
  0.44229829882313998        5.4753073048325794E-002
  0.44410365955134889        5.3390204335653550E-002
  0.44591638935008682        5.1954991018563115E-002
  0.44773651829821842        5.0453690995123888E-002
  0.44956407659738296        4.8892674165185418E-002
  0.45139909457249600        4.7278393553647061E-002
  0.45324160267225266        4.5617357181262329E-002
  0.45509163146963244        4.3916100772520852E-002
  0.45694921166240710        4.2181161381732918E-002
  0.45881437407364939        4.0419052010107044E-002
  0.46068714965224478        3.8636237278399141E-002
  0.46256756947340538        3.6839110211662709E-002
  0.46445566473918498        3.5033970184757332E-002
  0.46635146677899686        3.3227002069629509E-002
  0.46825500705013429        3.1424256617962956E-002
  0.47016631713829160        2.9631632105657162E-002
  0.47208542875808879        2.7854857258726145E-002
  0.47401237375359806        2.6099475473639593E-002
  0.47594718409887132        2.4370830338882068E-002
  0.47788989189847175        2.2674052458567632E-002
  0.47984052938800570        2.1014047573354375E-002
  0.48179912893465782        1.9395485968638649E-002
  0.48376572303772875        1.7822793155086378E-002
  0.48574034432917323        1.6300141801996577E-002
  0.48772302557414277        1.4831444899745274E-002
  0.48971379967152823        1.3420350123686694E-002
  0.49171269965450648        1.2070235368331808E-002
  0.49371975869108847        1.0784205417420372E-002
  0.49573501008466908        9.5650897126169608E-003
  0.49775848727458005        8.4154411810064868E-003
  0.49979022383664523        7.3375360793174367E-003
  0.50183025348373689        6.3333748108660316E-003
  0.50387861006633561        5.4046836695668512E-003
  0.50593532757309234        4.5529174639990155E-003
  0.50800044013139123        3.7792629734286292E-003
  0.51007398200791731        3.0846431868624836E-003
  0.51215598760922409        2.4697222756328296E-003
  0.51424649148230461        1.9349112496682658E-003
  0.51634552831516523        1.4803742474895972E-003
  0.51845313293740036        1.1060354100589250E-003
  0.52056934032077162        8.1158628889778709E-004
  0.52269418557978653        5.9649373936058406E-004
  0.52482770397228251        4.6000825058838520E-004
  0.52696993090001132        4.0117266446632461E-004
  0.52912090190922667        4.1883123684682247E-004
  0.53128065269127367        5.1163899537328263E-004
  0.53344921908318188        6.7807134942854917E-004
  0.53562663706825886        9.1643390902740676E-004
  0.53781294277668812        1.2248724708663606E-003
  0.54000817248612853        1.6013831312126153E-003
  0.54221236262231554        2.0438224868659471E-003
  0.54442554975966673        2.5499178870288033E-003
  0.54664777062188774        3.1172777005799984E-003
  0.54887906208258186        3.7434015649490684E-003
  0.55111946116586275        4.4256905845148778E-003
  0.55336900504696696        5.1614574482089113E-003
  0.55562773105287300        5.9479364377768460E-003
  0.55789567666291884        6.7822932999174225E-003
  0.56017287950942463        7.6616349573078463E-003
  0.56245937737831742        8.5830190352806854E-003
  0.56475520820975744        9.5434631826792991E-003
  0.56706041009876806        1.0539954167152933E-002
  0.56937502129586803        1.1569456726859799E-002
  0.57169908020770599        1.2628922162232414E-002
  0.57403262539769728        1.3715296653097318E-002
  0.57637569558666502        1.4825529288055304E-002
  0.57872832965348131        1.5956579794589264E-002
  0.58109056663571335        1.7105425959884391E-002
  0.58346244573027040        1.8269070733820031E-002
  0.58584400629405475        1.9444549007006921E-002
  0.58823528784461476        2.0628934058111982E-002
  0.59063633006079996        2.1819343666026551E-002
  0.59304717278342045        2.3012945883680466E-002
  0.59546785601590702        2.4206964471511796E-002
  0.59789841992497528        2.5398683989733471E-002
  0.60033890484129260        2.6585454549620573E-002
  0.60278935126014666        2.7764696225060750E-002
  0.60524979984211758        2.8933903126574890E-002
  0.60772029141375294        3.0090647140913428E-002
  0.61020086696824494        3.1232581340176299E-002
  0.61269156766611022        3.2357443065194343E-002
  0.61519243483587394        3.3463056688633572E-002
  0.61770350997475421        3.4547336063951772E-002
  0.62022483474935197        3.5608286666960844E-002
  0.62275645099634114        3.6644007437298801E-002
  0.62529840072316345        3.7652692327633588E-002
  0.62785072610872605        3.8632631568869175E-002
  0.63041346950409982        3.9582212660033575E-002
  0.63298667343322390        4.0499921091892876E-002
  0.63557038059361004        4.1384340813631598E-002
  0.63816463385705124        4.2234154452223914E-002
  0.64076947627033398        4.3048143294330522E-002
  0.64338495105595150        4.3825187040741696E-002
  0.64601110161282127        4.4564263343530683E-002
  0.64864797151700582        4.5264447136185014E-002
  0.65129560452243462        4.5924909767048223E-002
  0.65395404456163087        4.6544917946446933E-002
  0.65662333574644061        4.7123832517871965E-002
  0.65930352236876377        4.7661107063562476E-002
  0.66199464890129045        4.8156286354779594E-002
  0.66469675999823752        4.8609004656977164E-002
  0.66740990049609028        4.9018983899970718E-002
  0.67013411541434675        4.9386031723074139E-002
  0.67286944995626363        4.9710039405018162E-002
  0.67561594950960757        4.9990979688306396E-002
  0.67837365964740748        5.0228904507459260E-002
  0.68114262612871068        5.0423942630405422E-002
  0.68392289489934310        5.0576297222054180E-002
  0.68671451209267076        5.0686243338847643E-002
  0.68951752403036504        5.0754125362854736E-002
  0.69233197722317286        5.0780354383705470E-002
  0.69515791837168661        5.0765405536407057E-002
  0.69799539436711988        5.0709815302806577E-002
  0.70084445229208592        5.0614178784193130E-002
  0.70370513942137802        5.0479146952242204E-002
  0.70657750322275481        5.0305423885224743E-002
  0.70946159135772713        5.0093763996106787E-002
  0.71235745168234910        4.9844969258877679E-002
  0.71526513224801314        4.9559886439149277E-002
  0.71818468130224533        4.9239404334774493E-002
  0.72111614728950835        4.8884451031941813E-002
  0.72405957885200312        4.8495991181908220E-002
  0.72701502483047720        4.8075023303245312E-002
  0.72998253426503557        4.7622577114187027E-002
  0.73296215639595286        4.7139710899380641E-002
  0.73595394066449149        4.6627508915065272E-002
  0.73895793671372234        4.6087078836429193E-002
  0.74197419438934753        4.5519549250623209E-002
  0.74500276374052765        4.4926067198645392E-002
  0.74804369502071344        4.4307795769053686E-002
  0.75109703868847777        4.3665911746209665E-002
  0.75416284540835488        4.3001603315511477E-002
  0.75724116605167924        4.2316067827835507E-002
  0.76033205169743068        4.1610509625172105E-002
  0.76343555363308235        4.0886137929218226E-002
  0.76655172335545019        4.0144164794472664E-002
  0.76968061257154952        3.9385803127166767E-002
  0.77282227319945096        3.8612264771165951E-002
  0.77597675736914307        3.7824758661778465E-002
  0.77914411742339751        3.7024489048224918E-002
  0.78232440591863694        3.6212653785342247E-002
  0.78551767562580699        3.5390442694923051E-002
  0.78872397953125306        3.4559035996934689E-002
  0.79194337083759792        3.3719602810695262E-002
  0.79517590296462559        3.2873299725952695E-002
  0.79842162955016782        3.2021269443658434E-002
  0.80168060445099321        3.1164639486105081E-002
  0.80495288174370172        3.0304520975966601E-002
  0.80823851572562166        2.9442007483667751E-002
  0.81153756091571005        2.8578173942395157E-002
  0.81485007205545901        2.7714075629961928E-002
  0.81817610410980179        2.6850747216642001E-002
  0.82151571226802678        2.5989201878000037E-002
  0.82486895194469190        2.5130430471661080E-002
  0.82823587878054472        2.4275400776888341E-002
  0.83161654864344625        2.3425056795768350E-002
  0.83501101762929653        2.2580318114736934E-002
  0.83841934206296653        2.1742079325124786E-002
  0.84184157849923302        2.0911209501346985E-002
  0.84527778372371576        2.0088551735316297E-002
  0.84872801475382054        1.9274922725617146E-002
  0.85219232883968588        1.8471112419943186E-002
  0.85567078346513115        1.7677883709266675E-002
  0.85916343634861292        1.6895972172187919E-002
  0.86267034544418009        1.6126085867882920E-002
  0.86619156894243732        1.5368905176057169E-002
  0.86972716527151039        1.4625082682294854E-002
  0.87327719309801433        1.3895243107186652E-002
  0.87684171132802924        1.3179983277611112E-002
  0.88042077910807537        1.2479872138543499E-002
  0.88401445582609561        1.1795450803767503E-002
  0.88762280111244185        1.1127232643866987E-002
  0.89124587484086226        1.0475703409885961E-002
  0.89488373712949654        9.8413213910507145E-003
  0.89853644834187318        9.2245176049640370E-003
  0.90220406908791040        8.6256960186945932E-003
  0.90588666022492215        8.0452337992023525E-003
  0.90958428285862880        7.4834815915603963E-003
  0.91329699834416944        6.9407638234549388E-003
  0.91702486828712149        6.4173790344683830E-003
  0.92076795454452198        5.9136002286757526E-003
  0.92452631922589401        5.4296752491094285E-003
  0.92830002469427830        4.9658271726776655E-003
  0.93208913356726641        4.5222547241494685E-003
  0.93589370871804145        4.0991327078483356E-003
  0.93971381327641990        3.6966124557304145E-003
  0.94354951062989978        3.3148222905530914E-003
  0.94740086442471305        2.9538680028726979E-003
  0.95126793856688030        2.6138333406456201E-003
  0.95515079722327212        2.2947805102378920E-003
  0.95904950482267404        1.9967506876864992E-003
  0.96296412605685466        1.7197645390874367E-003
  0.96689472588163972        1.4638227490225313E-003
  0.97084136951799027        1.2289065559719090E-003
  0.97480412245308368        1.0149782936946876E-003
  0.97878305044140190        8.2198193759536273E-004
  0.98277821950582100        6.4984365512996134E-004
  0.98678969593870736        4.9847235934038635E-004
  0.99081754630301844        3.6776026464140277E-004
  0.99486183743340539        2.5758344401938119E-004
  0.99892263643732426        1.6780238683681081E-004
   1.0030000106961476        9.8262556470966219E-005
   1.0070940278662834        4.8794947049424255E-005
   1.0112047558802988        1.9216638578388116E-005
   1.0153322629480441        9.3313497935133575E-006
   1.0194766175577885        1.8929988095073987E-005
   1.0236378884773538        4.7791195961997928E-005
   1.0278161447552574        9.5681893270662402E-005
   1.0320114557218547        1.6235781497538860E-004
   1.0362238909904942        2.4756404363813724E-004
   1.0404535204586696        3.5103553632465041E-004
   1.0447004143091787        4.7249764541319251E-004
   1.0489646430112913        6.1166663289107198E-004
   1.0532462773219167        7.6825017774129992E-004
   1.0575453882867758        9.4194787604904684E-004
   1.0618620472415838        1.1324517334840994E-003
   1.0661963258132321        1.3394466498409903E-003
   1.0705482959209747        1.5626108953430908E-003
   1.0749180297776255        1.8016165784420779E-003
   1.0793055998907541        2.0561301048661568E-003
   1.0837110790638902        2.3258126276945582E-003
   1.0881345403977287        2.6103204882570149E-003
   1.0925760572913470        2.9093056476779044E-003
   1.0970357034434204        3.2224161089066195E-003
   1.1015135528534441        3.5492963290927964E-003
   1.1060096798229635        3.8895876221873888E-003
   1.1105241589568067        4.2429285516664816E-003
   1.1150570651643195        4.6089553132922512E-003
   1.1196084736606120        4.9873021078445847E-003
   1.1241784599678060        5.3776015037706910E-003
   1.1287670999162849        5.7794847897157482E-003
   1.1333744696459565        6.1925823169148670E-003
   1.1380006456075142        6.6165238314372689E-003
   1.1426457045637044        7.0509387962889988E-003
   1.1473097235906025        7.4954567033941842E-003
   1.1519927800788912        7.9497073754847061E-003
   1.1566949517351428        8.4133212579409200E-003
   1.1614163165831117        8.8859297006381888E-003
   1.1661569529650266        9.3671652298619647E-003
   1.1709169395428922        9.8566618103655464E-003
   1.1756963552997917        1.0354055097653806E-002
   1.1804952795412009        1.0858982680583933E-002
   1.1853137918963028        1.1371084314384119E-002
   1.1901519723193061        1.1890002144195598E-002
   1.1950099010907769        1.2415380919254914E-002
   1.1998876588189678        1.2946868197835750E-002
   1.2047853264411541        1.3484114543077953E-002
   1.2097029852249803        1.4026773709838063E-002
   1.2146407167698074        1.4574502822697396E-002
   1.2195986030080641        1.5126962545271827E-002
   1.2245767262066105        1.5683817240971350E-002
   1.2295751689681005        1.6244735125358876E-002
   1.2345940142323542        1.6809388410265011E-002
   1.2396333452777308        1.7377453439815602E-002
   1.2446932457225151        1.7948610818534654E-002
   1.2497737995263021        1.8522545531684056E-002
   1.2548750909913893        1.9098947058007625E-002
   1.2599972047641785        1.9677509475046307E-002
   1.2651402258365791        2.0257931557193621E-002
   1.2703042395474162        2.0839916866661552E-002
   1.2754893315838498        2.1423173837528994E-002
   1.2806955879827961        2.2007415853044630E-002
   1.2859230951323521        2.2592361316355003E-002
   1.2911719397732333        2.3177733714834538E-002
   1.2964422090002106        2.3763261678185599E-002
   1.3017339902635547        2.4348679030484717E-002
   1.3070473713704895        2.4933724836345404E-002
   1.3123824404866489        2.5518143441369212E-002
   1.3177392861375357        2.6101684507056005E-002
   1.3231179972099965        2.6684103040343177E-002
   1.3285186629536925        2.7265159417942043E-002
   1.3339413729825829        2.7844619405638475E-002
   1.3393862172764077        2.8422254172723670E-002
   1.3448532861821869        2.8997840301720146E-002
   1.3503426704157151        2.9571159793563454E-002
   1.3558544610630672        3.0142000068401932E-002
   1.3613887495821120        3.0710153962172450E-002
   1.3669456278040288        3.1275419719108397E-002
   1.3725251879348284        3.1837600980335126E-002
   1.3781275225568879        3.2396506768704626E-002
   1.3837527246304846        3.2951951470018941E-002
   1.3894008874953359        3.3503754810790660E-002
   1.3950721048721533        3.4051741832685278E-002
   1.4007664708641934        3.4595742863787103E-002
   1.4064840799588225        3.5135593486830312E-002
   1.4122250270290799        3.5671134504530570E-002
   1.4179894073352572        3.6202211902224952E-002
   1.4237773165264773        3.6728676807528358E-002
   1.4295888506422783        3.7250385448182842E-002
   1.4354241061142121        3.7767199106843279E-002
   1.4412831797674421        3.8278984073951493E-002
   1.4471661688223481        3.8785611598411519E-002
   1.4530731708961429        3.9286957836253356E-002
   1.4590042840044910        3.9782903797397511E-002
   1.4649596065631323        4.0273335290636265E-002
   1.4709392373895191        4.0758142866939594E-002
   1.4769432757044543        4.1237221761192662E-002
   1.4829718211337348        4.1710471832469988E-002
   1.4890249737098105        4.2177797502947791E-002
   1.4951028338734396        4.2639107695551119E-002
   1.5012055024753554        4.3094315770434939E-002
   1.5073330807779428        4.3543339460389248E-002
   1.5134856704569155        4.3986100805260928E-002
   1.5196633736030056        4.4422526085478191E-002
   1.5258662927236537        4.4852545754764279E-002
   1.5320945307447145        4.5276094372121808E-002
   1.5383481910121630        4.5693110533168199E-002
   1.5446273772938062        4.6103536800898320E-002
   1.5509321937810101        4.6507319635951061E-002
   1.5572627450904259        4.6904409326449563E-002
   1.5636191362657244        4.7294759917486759E-002
   1.5700014727793419        4.7678329140321565E-002
   1.5764098605342303        4.8055078341353169E-002
   1.5828444058656099        4.8424972410932882E-002
   1.5893052155427401        4.8787979712075699E-002
   1.5957923967706868        4.9144072009128681E-002
   1.6023060571921037        4.9493224396451652E-002
   1.6088463048890147        4.9835415227164469E-002
   1.6154132483846122        5.0170626042009898E-002
   1.6220069966450557        5.0498841498384670E-002
   1.6286276590812767        5.0820049299581664E-002
   1.6352753455508005        5.1134240124291047E-002
   1.6419501663595648        5.1441407556404029E-002
   1.6486522322637496        5.1741548015155459E-002
   1.6553816544716176        5.2034660685651407E-002
   1.6621385446453594        5.2320747449811897E-002
   1.6689230149029417        5.2599812817770486E-002
   1.6757351778199741        5.2871863859759602E-002
   1.6825751464315746        5.3136910138516999E-002
   1.6894430342342412        5.3394963642240126E-002
   1.6963389551877424        5.3646038718121659E-002
   1.7032630237170037        5.3890152006488633E-002
   1.7102153547140044        5.4127322375573189E-002
   1.7171960635396897        5.4357570856938639E-002
   1.7242052660258809        5.4580920581583106E-002
   1.7312430784771990        5.4797396716741442E-002
   1.7383096176729915        5.5007026403405407E-002
   1.7454050008692747        5.5209838694580793E-002
   1.7525293458006783        5.5405864494298220E-002
   1.7596827706823941        5.5595136497393088E-002
   1.7668653942121444        5.5777689130069891E-002
   1.7740773355721486        5.5953558491263572E-002
   1.7813187144310982        5.6122782294810276E-002
   1.7885896509461472        5.6285399812439615E-002
   1.7958902657649043        5.6441451817596300E-002
   1.8032206800274309        5.6590980530102752E-002
   1.8105810153682576        5.6734029561668550E-002
   1.8179713939183981        5.6870643862254482E-002
   1.8253919383073787        5.7000869667298323E-002
   1.8328427716652678        5.7124754445805170E-002
   1.8403240176247260        5.7242346849309067E-002
   1.8478358003230537        5.7353696661708295E-002
   1.8553782444042495        5.7458854749976598E-002
   1.8629514750210820        5.7557873015753283E-002
   1.8705556178371661        5.7650804347813271E-002
   1.8781907990290427        5.7737702575415710E-002
   1.8858571452882809        5.7818622422534167E-002
   1.8935547838235744        5.7893619462965611E-002
   1.9012838423628520        5.7962750076315774E-002
   1.9090444491554013        5.8026071404860879E-002
   1.9168367329739937        5.8083641311282512E-002
   1.9246608231170197        5.8135518337271992E-002
   1.9325168494106386        5.8181761662999994E-002
   1.9404049422109304        5.8222431067449225E-002
   1.9483252324060565        5.8257586889603606E-002
   1.9562778514184365        5.8287289990490015E-002
   1.9642629312069249        5.8311601716065552E-002
   1.9722806042690040        5.8330583860947222E-002
   1.9803310036429771        5.8344298632974669E-002
   1.9884142629101824        5.8352808618600926E-002
   1.9965305161972071        5.8356176749104732E-002
   2.0046798981781091        5.8354466267615264E-002
   2.0128625440766581        5.8347740696943380E-002
   2.0210785896685763        5.8336063808210735E-002
   2.0293281712837890        5.8319499590268740E-002
   2.0376114258086915        5.8298112219899223E-002
   2.0459284906884188        5.8271966032787635E-002
   2.0542795039291217        5.8241125495259984E-002
   2.0626646041002639        5.8205655176776429E-002
   2.0710839303369175        5.8165619723168534E-002
   2.0795376223420732        5.8121083830614630E-002
   2.0880258203889532        5.8072112220341136E-002
   2.0965486653233478        5.8018769614041905E-002
   2.1051062985659468        5.7961120710004706E-002
   2.1136988621146831        5.7899230159935575E-002
   2.1223264985470975        5.7833162546470612E-002
   2.1309893510226989        5.7762982361365414E-002
   2.1396875632853374        5.7688753984352012E-002
   2.1484212796655959        5.7610541662652920E-002
   2.1571906450831819        5.7528409491142546E-002
   2.1659958050493291        5.7442421393144025E-002
   2.1748369056692178        5.7352641101854160E-002
   2.1837140936443968        5.7259132142382402E-002
   2.1926275162752127        5.7161957814396314E-002
   2.2015773214632635        5.7061181175362491E-002
   2.2105636577138457        5.6956865024370910E-002
   2.2195866741384194        5.6849071886534111E-002
   2.2286465204570853        5.6737863997951339E-002
   2.2377433470010675        5.6623303291223795E-002
   2.2468773047152077        5.6505451381515984E-002
   2.2560485451604677        5.6384369553147504E-002
   2.2652572205164492        5.6260118746708623E-002
   2.2745034835839171        5.6132759546687977E-002
   2.2837874877873303        5.6002352169603385E-002
   2.2931093871773944        5.5868956452622867E-002
   2.3024693364336155        5.5732631842669487E-002
   2.3118674908668622        5.5593437385997972E-002
   2.3213040064219506        5.5451431718233163E-002
   2.3307790396802273        5.5306673054860894E-002
   2.3402927478621649        5.5159219182162350E-002
   2.3498452888299783        5.5009127448579997E-002
   2.3594368210902377        5.4856454756508209E-002
   2.3690675037965030        5.4701257554497527E-002
   2.3787374967519588        5.4543591829863146E-002
   2.3884469604120731        5.4383513101688562E-002
   2.3981960558872570        5.4221076414216002E-002
   2.4079849449455333        5.4056336330613665E-002
   2.4178137900152290        5.3889346927109526E-002
   2.4276827541876669        5.3720161787486675E-002
   2.4375920012198664        5.3548833997927224E-002
   2.4475416955372706        5.3375416142198179E-002
   2.4575320022364697        5.3199960297170779E-002
   2.4675630870879357        5.3022518028664138E-002
   2.4776351165387829        5.2843140387605632E-002
   2.4877482577155234        5.2661877906499024E-002
   2.4979026784268394        5.2478780596192667E-002
   2.5080985471663721        5.2293897942939808E-002
   2.5183360331155162        5.2107278905743029E-002
   2.5286153061462220        5.1918971913975272E-002
   2.5389365368238228        5.1729024865269209E-002
   2.5492998964098588        5.1537485123668542E-002
   2.5597055568649218        5.1344399518032546E-002
   2.5701536908515048        5.1149814340687334E-002
   2.5806444717368717        5.0953775346317710E-002
   2.5911780735959340        5.0756327751089382E-002
   2.6017546712141315        5.0557516231998410E-002
   2.6123744400903441        5.0357384926439028E-002
   2.6230375564397970        5.0155977431982524E-002
   2.6337441971969815        4.9953336806363574E-002
   2.6444945400185995        4.9749505567663374E-002
   2.6552887632865070        4.9544525694687251E-002
   2.6661270461106703        4.9338438627528000E-002
   2.6770095683321458        4.9131285268310176E-002
   2.6879365105260575        4.8923105982108209E-002
   2.6989080540045989        4.8713940598033509E-002
   2.7099243808200328        4.8503828410484770E-002
   2.7209856737677236        4.8292808180555327E-002
   2.7320921163891634        4.8080918137591716E-002
   2.7432438929750149        4.7868195980899704E-002
   2.7544411885681774        4.7654678881590314E-002
   2.7656841889668535        4.7440403484562396E-002
   2.7769730807276272        4.7225405910615720E-002
   2.7883080511685678        4.7009721758690427E-002
   2.7996892883723348        4.6793386108226302E-002
   2.8111169811892935        4.6576433521639551E-002
   2.8225913192406575        4.6358898046910846E-002
   2.8341124929216317        4.6140813220279853E-002
   2.8456806934045655        4.5922212069043192E-002
   2.8572961126421350        4.5703127114449550E-002
   2.8689589433705232        4.5483590374690637E-002
   2.8806693791126143        4.5263633367979596E-002
   2.8924276141812122        4.5043287115717950E-002
   2.9042338436822610        4.4822582145742133E-002
   2.9160882635180831        4.4601548495649554E-002
   2.9279910703906258        4.4380215716197741E-002
   2.9399424618047334        4.4158612874775585E-002
   2.9519426360714194        4.3936768558940138E-002
   2.9639917923111532        4.3714710880017833E-002
   2.9760901304571732        4.3492467476765675E-002
   2.9882378512587997        4.3270065519088859E-002
   3.0004351562847607        4.3047531711812477E-002
   3.0126822479265480        4.2824892298503663E-002
   3.0249793294017673        4.2602173065340539E-002
   3.0373266047575087        4.2379399345026145E-002
   3.0497242788737404        4.2156596020743453E-002
   3.0621725574667020        4.1933787530149549E-002
   3.0746716470923223        4.1710997869405110E-002
   3.0872217551496384        4.1488250597237673E-002
   3.0998230898842483        4.1265568839035434E-002
   3.1124758603917613        4.1042975290968418E-002
   3.1251802766212617        4.0820492224136300E-002
   3.1379365493788032        4.0598141488739518E-002
   3.1507448903309023        4.0375944518270653E-002
   3.1636055120080444        4.0153922333724751E-002
   3.1765186278082207        3.9932095547826583E-002
   3.1894844520004644        3.9710484369271805E-002
   3.2025031997284015        3.9489108606981203E-002
   3.2155750870138298        3.9267987674364790E-002
   3.2287003307602982        3.9047140593593960E-002
   3.2418791487567020        3.8826585999881986E-002
   3.2551117596809069        3.8606342145766644E-002
   3.2683983831033703        3.8386426905398931E-002
   3.2817392394907818        3.8166857778830485E-002
   3.2951345502097307        3.7947651896302649E-002
   3.3085845375303724        3.7728826022532302E-002
   3.3220894246301196        3.7510396560995467E-002
   3.3356494355973410        3.7292379558205420E-002
   3.3492647954350852        3.7074790707984355E-002
   3.3629357300648142        3.6857645355728608E-002
   3.3766624663301439        3.6640958502662663E-002
   3.3904452320006189        3.6424744810085695E-002
   3.4042842557754875        3.6209018603604176E-002
   3.4181797672874907        3.5993793877353561E-002
   3.4321319971066844        3.5779084298205061E-002
   3.4461411767442565        3.5564903209958122E-002
   3.4602075386563675        3.5351263637516984E-002
   3.4743313162480152        3.5138178291049288E-002
   3.4885127438769019        3.4925659570128512E-002
   3.5027520568573265        3.4713719567855912E-002
   3.5170494914640815        3.4502370074963609E-002
   3.5314052849363842        3.4291622583896446E-002
   3.5458196754818094        3.4081488292873080E-002
   3.5602929022802345        3.3871978109924192E-002
   3.5748252054878202        3.3663102656908278E-002
   3.5894168262409902        3.3454872273503050E-002
   3.6040680066604258        3.3247297021173586E-002
   3.6187789898550959        3.3040386687113822E-002
   3.6335500199262847        3.2834150788164249E-002
   3.6483813419716364        3.2628598574701871E-002
   3.6632732020892336        3.2423739034503955E-002
   3.6782258473816740        3.2219580896584700E-002
   3.6932395259601685        3.2016132635003872E-002
   3.7083144869486642        3.1813402472646503E-002
   3.7234509804879772        3.1611398384975432E-002
   3.7386492577399353        3.1410128103752669E-002
   3.7539095708915569        3.1209599120733095E-002
   3.7692321731592284        3.1009818691326567E-002
   3.7846173187929102        3.0810793838231036E-002
   3.8000652630803460        3.0612531355034795E-002
   3.8155762623513128        3.0415037809786709E-002
   3.8311505739818670        3.0218319548536793E-002
   3.8467884563986092        3.0022382698844718E-002
   3.8624901690829847        2.9827233173256442E-002
   3.8782559725755825        2.9632876672748901E-002
   3.8940861284804527        2.9439318690143247E-002
   3.9099808994694594        2.9246564513485070E-002
   3.9259405492866346        2.9054619229392779E-002
   3.9419653427525452        2.8863487726353717E-002
   3.9580555457687030        2.8673174698082667E-002
   3.9742114253219660        2.8483684646660071E-002
   3.9904332494889743        2.8295021885822474E-002
   4.0067212874405893        2.8107190544128937E-002
   4.0230758094463717        2.7920194568111744E-002
   4.0394970868790629        2.7734037725394317E-002
   4.0559853922190783        2.7548723607776503E-002
   4.0725409990590427        2.7364255634285850E-002
   4.0891641821083224        2.7180637054196252E-002
   4.1058552171975808        2.6997870950013533E-002
   4.1226143812833644        2.6815960240427351E-002
   4.1394419524526915        2.6634907683230628E-002
   4.1563382099276636        2.6454715878205484E-002
   4.1733034340701094        2.6275387269976472E-002
   4.1903379063862296        2.6096924150830269E-002
   4.2074419095312638        2.5919328663503369E-002
   4.2246157273141920        2.5742602803936438E-002
   4.2418596447024361        2.5566748423995634E-002
   4.2591739478265858        2.5391767234162286E-002
   4.2765589239851547        2.5217660806188955E-002
   4.2940148616493437        2.5044430575724232E-002
   4.3115420504678283        2.4872077844904149E-002
   4.3291407812715565        2.4700603784912713E-002
   4.3468113460785895        2.4530009438508877E-002
   4.3645540380989400        2.4360295722523597E-002
   4.3823691517394279        2.4191463430323346E-002
   4.4002569826085844        2.4023513234243576E-002
   4.4182178275215458        2.3856445687989732E-002
   4.4362519845049730        2.3690261229007994E-002
   4.4543597528020111        2.3524960180824478E-002
   4.4725414328772475        2.3360542755353337E-002
   4.4907973264216903        2.3197009055175386E-002
   4.5091277363577875        2.3034359075784844E-002
   4.5275329668444471        2.2872592707806911E-002
   4.5460133232820850        2.2711709739185171E-002
   4.5645691123176864        2.2551709857338308E-002
   4.5832006418499045        2.2392592651288443E-002
   4.6019082210341660        2.2234357613759158E-002
   4.6206921602877928        2.2077004143244917E-002
   4.6395527712951647        2.1920531546051086E-002
   4.6584903670128890        2.1764939038305342E-002
   4.6775052616749795        2.1610225747940894E-002
   4.6965977707980926        2.1456390716651053E-002
   4.7157682111867478        2.1303432901815876E-002
   4.7350169009385850        2.1151351178401036E-002
   4.7543441594496505        2.1000144340828999E-002
   4.7737503074196939        2.0849811104823084E-002
   4.7932356668574805        2.0700350109224316E-002
   4.8128005610861475        2.0551759917781322E-002
   4.8324453147485658        2.0404039020913766E-002
   4.8521702538127149        2.0257185837449381E-002
   4.8719757055771122        2.0111198716334940E-002
   4.8918619986762248        1.9966075938321153E-002
   4.9118294630859394        1.9821815717622350E-002
   4.9318784301290162        1.9678416203550347E-002
   4.9520092324806102        1.9535875482123426E-002
   4.9722222041737796        1.9394191577650509E-002
   4.9925176806050207        1.9253362454290556E-002
   5.0128959985398502        1.9113386017587729E-002
   5.0333574961183860        1.8974260115982442E-002
   5.0539025128609465        1.8835982542298207E-002
   5.0745313896737043        1.8698551035205496E-002
   5.0952444688543324        1.8561963280662123E-002
   5.1160420940976774        1.8426216913329692E-002
   5.1369246105014765        1.8291309517968181E-002
   5.1578923645720769        1.8157238630807728E-002
   5.1789457042301867        1.8024001740897570E-002
   5.2000849788166388        1.7891596291433678E-002
   5.2213105390982024        1.7760019681063680E-002
   5.2426227372734004        1.7629269265170788E-002
   5.2640219269783390        1.7499342357136329E-002
   5.2855084632925946        1.7370236229580751E-002
   5.3070827027450962        1.7241948115584407E-002
   5.3287450033200381        1.7114475209887160E-002
   5.3504957244628288        1.6987814670067981E-002
   5.3723352270860527        1.6861963617704229E-002
   5.3942638735754480        1.6736919139511346E-002
   5.4162820277959387        1.6612678288462412E-002
   5.4383900550976607        1.6489238084888915E-002
   5.4605883223220175        1.6366595517561918E-002
   5.4828771978077846        1.6244747544754492E-002
   5.5052570513972130        1.6123691095285459E-002
   5.5277282544421542        1.6003423069544786E-002
   5.5502911798102446        1.5883940340500436E-002
   5.5729462018910780        1.5765239754687795E-002
   5.5956936966024218        1.5647318133180769E-002
   5.6185340413964466        1.5530172272545951E-002
   5.6414676152660075        1.5413798945778845E-002
   5.6644947987509173        1.5298194903223766E-002
   5.6876159739442613        1.5183356873476335E-002
   5.7108315244987482        1.5069281564269498E-002
   5.7341418356330687        1.4955965663343460E-002
   5.7575472941382806        1.4843405839299178E-002
   5.7810482883842447        1.4731598742435691E-002
   5.8046452083260549        1.4620541005572451E-002
   5.8283384455105089        1.4510229244855264E-002
   5.8521283930826149        1.4400660060547467E-002
   5.8760154457921070        1.4291830037806139E-002
