  0.10000000000000001       0.21631755449483503     
  0.10040817718110437       0.30277084922920350     
  0.10081802044832047       0.39343988310495703     
  0.10122953660223166       0.48208342341972610     
  0.10164273247117964       0.56269240055451364     
  0.10205761491137796       0.62989404646391967     
  0.10247419080702558       0.67930033590931826     
  0.10289246707042120       0.70777936907031902     
  0.10331245064207799       0.71363452162231489     
  0.10373414849083867       0.69668305824620591     
  0.10415756761399117       0.65823295446767849     
  0.10458271503738485       0.60096341932644226     
  0.10500959781554686       0.52872063073531206     
  0.10543822303179938       0.44624513737690452     
  0.10586859779837712       0.35885099134579934     
  0.10630072925654524       0.27207880446416566     
  0.10673462457671801       0.19134552424534423     
  0.10717029095857759       0.12161285948509248     
  0.10760773563119364        6.7094096348141119E-002
  0.10804696585314330        3.1015752656317730E-002
  0.10848798891263144        1.5446393648491541E-002
  0.10893081212761184        2.1200282051293651E-002
  0.10937544284590843        4.7818675214528095E-002
  0.10982188844533726        9.3626819394418304E-002
  0.11027015633382903       0.15586030576392240     
  0.11072025394955184       0.23085068197633007     
  0.11117218876103470       0.31425724148142398     
  0.11162596826729153       0.40132986455963870     
  0.11208159999794542       0.48718672163412657     
  0.11253909151335369       0.56709057068209967     
  0.11299845040473337       0.63670822950076689     
  0.11345968429428700       0.69233947404007012     
  0.11392280083532935       0.73110396057761728     
  0.11438780771241415       0.75107761880825064     
  0.11485471264146174       0.75137312557615943     
  0.11532352336988719       0.73216235146896214     
  0.11579424767672861       0.69464188823667650     
  0.11626689337277650       0.64094574411187688     
  0.11674146830070313       0.57401189142763454     
  0.11721798033519278       0.49741145199123116     
  0.11769643738307244       0.41515083050917390     
  0.11817684738344295       0.33145801111881390     
  0.11865921830781066       0.25056450856326973     
  0.11914355816021997       0.17649413887075793     
  0.11962987497738581       0.11286889912979858     
  0.12011817682882717        6.2740900975866931E-002
  0.12060847181700105        2.8457584999951546E-002
  0.12110076807743671        1.1565462725599662E-002
  0.12159507377887094        1.2755503877959984E-002
  0.12209139712338332        3.1851123509840873E-002
  0.12258974634653247        6.7837633962760213E-002
  0.12309012971749274       0.11893010726208630     
  0.12359255553919130       0.18267492595766655     
  0.12409703214844603       0.25607894834011957     
  0.12460356791610375       0.33575922153630533     
  0.12511217124717913       0.41810556718914338     
  0.12562285058099434       0.49944814348090250     
  0.12613561439131882       0.57622223996214683     
  0.12665047118650996       0.64512305747510879     
  0.12716742950965446       0.70324402023439869     
  0.12768649793870987       0.74819320613926377     
  0.12820768508664696       0.77818370270497650     
  0.12873099960159279       0.79209503384604119     
  0.12925645016697404       0.78950419077837319     
  0.12978404550166117       0.77068617463430944     
  0.13031379436011306       0.73658526020580306     
  0.13084570553252231       0.68875936804717952     
  0.13137978784496107       0.62930094346755550     
  0.13191605015952751       0.56073855335089628     
  0.13245450137449291       0.48592400363367727     
  0.13299515042444918       0.40791014086154775     
  0.13353800628045717       0.32982463021046282     
  0.13408307795019572       0.25474490902675906     
  0.13463037447811083       0.18557921716757442     
  0.13517990494556581       0.12495812817746554     
  0.13573167847099218        7.5140379124998713E-002
  0.13628570421004074        3.7936056110055016E-002
  0.13684199135573349        1.4649373567463542E-002
  0.13740054913861643        6.0424255909230506E-003
  0.13796138682691236        1.2320422642009943E-002
  0.13852451372667493        3.3138090901150719E-002
  0.13908993918194296        6.7626134376550628E-002
  0.13965767257489561       0.11443596752522023     
  0.14022772332600780       0.17180033930711425     
  0.14080010089420669       0.23760700357207565     
  0.14137481477702879       0.30948225512568417     
  0.14195187451077720       0.38488094983424292     
  0.14253128967068007       0.46117955953536671     
  0.14311306987104958       0.53576887231544656     
  0.14369722476544117       0.60614312567157602     
  0.14428376404681392       0.66998264044258393     
  0.14487269744769149       0.72522739067323716     
  0.14546403474032335       0.77013938033505913     
  0.14605778573684705       0.80335218251065388     
  0.14665396028945119       0.82390651036233176     
  0.14725256829053859       0.83127121245024305     
  0.14785361967289068       0.82534959928865304     
  0.14845712440983222       0.80647149658952744     
  0.14906309251539690       0.77537186866727481     
  0.14967153404449324       0.73315725060980608     
  0.15028245909307170       0.68126156035010477     
  0.15089587779829214       0.62139312476307362     
  0.15151180033869191       0.55547494321687130     
  0.15213023693435482       0.48558032619067937     
  0.15275119784708088       0.41386608674333059     
  0.15337469338055626       0.34250543220465612     
  0.15400073388052446       0.27362260790991644     
  0.15462932973495802       0.20923119124349032     
  0.15526049137423079       0.15117773116191779     
  0.15589422927129087       0.10109218514759188     
  0.15653055394183482        6.0346332201272723E-002
  0.15716947594448166        3.0021047237634102E-002
  0.15781100588094832        1.0883019211421319E-002
  0.15845515439622559        3.3711921657482158E-003
  0.15910193217875471        7.5929141667572253E-003
  0.15975134996060453        2.3329501875221759E-002
  0.16040341851764989        5.0050675331327121E-002
  0.16105814866975027        8.6937094211772870E-002
  0.16171555128092935       0.13291003789098588     
  0.16237563725955523       0.18666712031188348     
  0.16303841755852153       0.24672281884531433     
  0.16370390317542910       0.31145252462458206     
  0.16437210515276834       0.37913878972942483     
  0.16504303457810285       0.44801845243309524     
  0.16571670258425286       0.51632936293853848     
  0.16639312034948034       0.58235550523735091     
  0.16707229909767446       0.64446941190609586     
  0.16775425009853762       0.70117089330580962     
  0.16843898466777257       0.75112124594974805     
  0.16912651416727026       0.79317226176754718     
  0.16981685000529834       0.82638952562477686     
  0.17051000363669019       0.85006965788054334     
  0.17120598656303537       0.86375132735508009     
  0.17190481033287031       0.86722002355385741     
  0.17260648654186983       0.86050673151218215     
  0.17331102683303970       0.84388079484388767     
  0.17401844289690985       0.81783737971090253     
  0.17472874647172817       0.78308006226913796     
  0.17544194934365545       0.74049915307482428     
  0.17615806334696094       0.69114644292671512     
  0.17687710036421864       0.63620710521374568     
  0.17759907232650440       0.57696952011204194     
  0.17832399121359424       0.51479379649717716     
  0.17905186905416270       0.45107975921690513     
  0.17978271792598266       0.38723514379496260     
  0.18051654995612570       0.32464469941501095     
  0.18125337732116351       0.26464084612316863     
  0.18199321224736950       0.20847646573083156     
  0.18273606701092207       0.15730033015688449     
  0.18348195393810826       0.11213558823876468     
  0.18423088540552804        7.3861644677896576E-002
  0.18498287384029991        4.3199675024522599E-002
  0.18573793172026712        2.0701930601811469E-002
  0.18649607157420448        6.7448990240812634E-003
  0.18725730598202642        1.5263013031612260E-003
  0.18802164757499584        5.0658270753189960E-003
  0.18878910903593346        1.7209436604637141E-002
  0.18955970309942835        3.7636993070850888E-002
  0.19033344255204943        6.5872932124894534E-002
  0.19111034023255730       0.10129962843835205     
  0.19189040903211749       0.14317308138434337     
  0.19267366189451438       0.19064051423302975     
  0.19346011181636599       0.24275946327143050     
  0.19424977184733941       0.29851792480994177     
  0.19504265509036750       0.35685512868112046     
  0.19583877470186650       0.41668251597700523     
  0.19663814389195391       0.47690451568530146     
  0.19744077592466802       0.53643873873828374     
  0.19824668411818794       0.59423523786841204     
  0.19905588184505443       0.64929451660015891     
  0.19986838253239200       0.70068400969608635     
  0.20068419966213161       0.74755279940410113     
  0.20150334677123438       0.78914437592212816     
  0.20232583745191612       0.82480729563631017     
  0.20315168535187320       0.85400363597731987     
  0.20398090417450848       0.87631519031704685     
  0.20481350767915915       0.89144738940952850     
  0.20564950968132489       0.89923097676361774     
  0.20648892405289709       0.89962150341052249     
  0.20733176472238896       0.89269674228142026     
  0.20817804567516671       0.87865215342231950     
  0.20902778095368180       0.85779455822618156     
  0.20988098465770355       0.83053420353450824     
  0.21073767094455342       0.79737541472312912     
  0.21159785402933992       0.75890605070038519     
  0.21246154818519422       0.71578598315238184     
  0.21332876774350720       0.66873482748758728     
  0.21419952709416737       0.61851915394677015     
  0.21507384068579924       0.56593940449874125     
  0.21595172302600341       0.51181673473056044     
  0.21683318868159726       0.45697999029884839     
  0.21771825227885655       0.40225301500264543     
  0.21860692850375804       0.34844247255730754     
  0.21949923210222347       0.29632634709782524     
  0.22039517788036408       0.24664326872882270     
  0.22129478070472614       0.20008279047579891     
  0.22219805550253774       0.15727672217996336     
  0.22310501726195672       0.11879160560302215     
  0.22401568103231900        8.5122393636289928E-002
  0.22493006192438844        5.6687375382605376E-002
  0.22584817511060773        3.3824368314965714E-002
  0.22677003582534988        1.6788178996127612E-002
  0.22769565936517111        5.7493152181619100E-003
  0.22862506108906488        7.9391510647042196E-004
  0.22955825641871638        1.9248429081165641E-003
  0.23049526083875860        9.0638869935897315E-003
  0.23143608989702943        2.2054983153096508E-002
  0.23238075920482931        4.0668375637312737E-002
  0.23332928443718048        6.4605619619650723E-002
  0.23428168133308711        9.3505321853126322E-002
  0.23523796569579644       0.12694951124138132     
  0.23619815339306083       0.16447052779586135     
  0.23716226035740115       0.20555831694149851     
  0.23813030258637141       0.24966801627226221     
  0.23910229614282377       0.29622772353957949     
  0.24007825715517533       0.34464633775853415     
  0.24105820181767584       0.39432136970633302     
  0.24204214639067612       0.44464662362152563     
  0.24303010720089804       0.49501965844288576     
  0.24402210064170560       0.54484894430071817     
  0.24501814317337661       0.59356063803780346     
  0.24601825132337590       0.64060491013969523     
  0.24702244168662996       0.68546176444526941     
  0.24803073092580163       0.72764630124527785     
  0.24904313577156709       0.76671338372100806     
  0.25005967302289334       0.80226167699864137     
  0.25108035954731700       0.83393703827752996     
  0.25210521228122396       0.86143524542308492     
  0.25313424823013059       0.88450405999862025     
  0.25416748446896609       0.90294462885851989     
  0.25520493814235545       0.91661223606201758     
  0.25624662646490398       0.92541642392966472     
  0.25729256672148348       0.92932050850139181     
  0.25834277626751834       0.92834052042606252     
  0.25939727252927380       0.92254360738922192     
  0.26045607300414547       0.91204593854993465     
  0.26151919526094891       0.89701015510183790     
  0.26258665694021183       0.87764241399947884     
  0.26365847575446660       0.85418907410906164     
  0.26473466948854396       0.82693307557152729     
  0.26581525599986822       0.79619006403092107     
  0.26690025321875377       0.76230431161420487     
  0.26798967914870253       0.72564448618713562     
  0.26908355186670235       0.68659931949649522     
  0.27018188952352734       0.64557322338686807     
  0.27128471034403900       0.60298190139911190     
  0.27239203262748851       0.55924800076713499     
  0.27350387474782023       0.51479684718175012     
  0.27462025515397709       0.47005230173675716     
  0.27574119237020622       0.42543277626544351     
  0.27686670499636645       0.38134743986591646     
  0.27799681170823720       0.33819264585156450     
  0.27913153125782791       0.29634860469687385     
  0.28027088247368953       0.25617632482353436     
  0.28141488426122702       0.21801483933259447     
  0.28256355560301261       0.18217873307424348     
  0.28371691555910122       0.14895598079608086     
  0.28487498326734656       0.11860610355747148     
  0.28603777794371876        9.1358647172358198E-002
  0.28720531888262307        6.7411983173164769E-002
  0.28837762545721990        4.6932429697887024E-002
  0.28955471711974690        3.0053686811294167E-002
  0.29073661340184104        1.6876578095891270E-002
  0.29192333391486291        7.4690879024361667E-003
  0.29311489835022253        1.8666814431785861E-003
  0.29431132647970543        7.2892950418901314E-005
  0.29551263815580109        2.0601654123174606E-003
  0.29671885331203263        7.7709239381869022E-003
  0.29792999196328690        1.7118863595011691E-002
  0.29914607420614708        2.9990431591897404E-002
  0.30036712021922612        4.6246482963199664E-002
  0.30159315026350136        6.5724088406234005E-002
  0.30282418468265071        8.8238472655869593E-002
  0.30406024390339059       0.11358506171458593     
  0.30530134843581452       0.14154161739034432     
  0.30654751887373349       0.17187043791198353     
  0.30779877589501764       0.20432060387875084     
  0.30905514026193970       0.23863024944154565     
  0.31031663282151906       0.27452883939339046     
  0.31158327450586787       0.31173943374959434     
  0.31285508633253861       0.34998092240840528     
  0.31413208940487242       0.38897021358469197     
  0.31541430491234945       0.42842436088751679     
  0.31670175413094059       0.46806261515133929     
  0.31799445842346041       0.50760838841625933     
  0.31929243923992134       0.54679111877082964     
  0.32059571811789023       0.58534802610784864     
  0.32190431668284508       0.62302575018724293     
  0.32321825664853443       0.65958186373831473     
  0.32453755981733712       0.69478625465547628     
  0.32586224808062436       0.72842237263740006     
  0.32719234341912323       0.76028833687932063     
  0.32852786790328065       0.79019790264507539     
  0.32986884369363056       0.81798128571068973     
  0.33121529304116082       0.84348584477979627     
  0.33256723828768275       0.86657662301677429     
  0.33392470186620210       0.88713675082187549     
  0.33528770630129073       0.90506771288033760     
  0.33665627420946076       0.92028948335143268     
  0.33803042829953994       0.93274053382184607     
  0.33941019137304806       0.94237771932923597     
  0.34079558632457546       0.94917604836610414     
  0.34218663614216327       0.95312834330083784     
  0.34358336390768413       0.95424479810326612     
  0.34498579279722608       0.95255244063721589     
  0.34639394608147639       0.94809450708433163     
  0.34780784712610791       0.94092973629416166     
  0.34922751939216706       0.93113159201775086     
  0.35065298643646264       0.91878742107890099     
  0.35208427191195729       0.90399755557208439     
  0.35352139956815942       0.88687436715239987     
  0.35496439325151735       0.86754128140462394     
  0.35641327690581565       0.84613176014945113     
  0.35786807457257153       0.82278825936932043     
  0.35932881039143427       0.79766117021806870     
  0.36079550860058590       0.77090775032211800     
  0.36226819353714296       0.74269105229030075     
  0.36374688963756052       0.71317885602872044     
  0.36523162143803800       0.68254261111049785     
  0.36672241357492547       0.65095639508180048     
  0.36821929078513355       0.61859589319897845     
  0.36972227790654283       0.58563740469099601     
  0.37123139987841652       0.55225688022974817     
  0.37274668174181458       0.51862899487234770     
  0.37426814864000829       0.48492626031681052     
  0.37579582581889864       0.45131817988893486     
  0.37732973862743413       0.41797044925678928     
  0.37886991251803198       0.38504420545203166     
  0.38041637304700071       0.35269532636759238     
  0.38196914587496344       0.32107378250051388     
  0.38352825676728425       0.29032304231945139     
  0.38509373159449567       0.26057953226013253     
  0.38666559633272773       0.23197215199064791     
  0.38824387706413899       0.20462184524299698     
  0.38982859997734975       0.17864122617916778     
  0.39141979136787586       0.15413426095036575     
  0.39301747763856587       0.13119600381702790     
  0.39462168530003849       0.10991238692651839     
  0.39623244097112265        9.0360062594310286E-002
  0.39784977137929967        7.2606296704265327E-002
  0.39947370336114574        5.6708911633789993E-002
  0.40110426386277853        4.2716276920532925E-002
  0.40274147994030307        3.0667345718692784E-002
  0.40438537876026137        2.0591734944555129E-002
  0.40603598760008325        1.2509846882477249E-002
  0.40769333384853856        6.4330299133991131E-003
  0.40935744500619187        2.3637759378382084E-003
  0.41102834868585908        2.9595199339871314E-004
  0.41270607261306486        2.1506351245714761E-004
  0.41439064462650332        2.0985466281500109E-003
  0.41608209267850005        5.9160869152308226E-003
  0.41778044483547516        1.1629961945940015E-002
  0.41948572927840988        1.9195405048874736E-002
  0.42119797430331363        2.8560987680043337E-002
  0.42291720832169355        3.9669017848886656E-002
  0.42464345986102636        5.2455952087134050E-002
  0.42637675756523108        6.6852818503986722E-002
  0.42811713019514508        8.2785648536311651E-002
  0.42986460662900056       0.10017591507642321     
  0.43161921586290408       0.11894097474157506     
  0.43338098701131811       0.13899451213774916     
  0.43514994930754325       0.16024698406464177     
  0.43692613210420378       0.18260606170821836     
  0.43870956487373508       0.20597706897087742     
  0.44050027720887197       0.23026341519637383     
  0.44229829882313998       0.25536702065651762     
  0.44410365955134889       0.28118873327839367     
  0.44591638935008682       0.30762873520385725     
  0.44773651829821842       0.33458693788676752     
  0.44956407659738296       0.36196336454693590     
  0.45139909457249600       0.38965851891290737     
  0.45324160267225266       0.41757373929755726     
  0.45509163146963244       0.44561153716079982     
  0.45694921166240710       0.47367591942204523     
  0.45881437407364939       0.50167269389069380     
  0.46068714965224478       0.52950975728607719     
  0.46256756947340538       0.55709736541792387     
  0.46445566473918498       0.58434838519475751     
  0.46635146677899686       0.61117852822033392     
  0.46825500705013429       0.63750656582676868     
  0.47016631713829160       0.66325452547764774     
  0.47208542875808879       0.68834786855458885     
  0.47401237375359806       0.71271564961667178     
  0.47594718409887132       0.73629065729344501     
  0.47788989189847175       0.75900953703912688     
  0.47984052938800570       0.78081289603769699     
  0.48179912893465782       0.80164539060643758     
  0.48376572303772875       0.82145579649825562     
  0.48574034432917323       0.84019706255177118     
  0.48772302557414277       0.85782634818208470     
  0.48971379967152823       0.87430504524463326     
  0.49171269965450648       0.88959878483982391     
  0.49371975869108847       0.90367742965697051     
  0.49573501008466908       0.91651505248300935     
  0.49775848727458005       0.92808990152419835     
  0.49979022383664523       0.93838435320800961     
  0.50183025348373689       0.94738485314766341     
  0.50387861006633561       0.95508184596347678     
  0.50593532757309234       0.96146969466341881     
  0.50800044013139123       0.96654659029041257     
  0.51007398200791731       0.97031445254586512     
  0.51215598760922409       0.97277882209804423     
  0.51424649148230461       0.97394874528030684     
  0.51634552831516523       0.97383665187805368     
  0.51845313293740036       0.97245822669477433     
  0.52056934032077162       0.96983227557685625     
  0.52269418557978653       0.96598058656413077     
  0.52482770397228251       0.96092778681856639     
  0.52696993090001132       0.95470119596730785     
  0.52912090190922667       0.94733067647850200     
  0.53128065269127367       0.93884848166927515     
  0.53344921908318188       0.92928910192492309     
  0.53562663706825886       0.91868910968704431     
  0.53781294277668812       0.90708700374612650     
  0.54000817248612853       0.89452305335105109     
  0.54221236262231554       0.88103914262444138     
  0.54442554975966673       0.86667861574852956     
  0.54664777062188774       0.85148612336189755     
  0.54887906208258186       0.83550747058247543     
  0.55111946116586275       0.81878946704746547     
  0.55336900504696696       0.80137977933578375     
  0.55562773105287300       0.78332678611370010     
  0.55789567666291884       0.76467943631969770     
  0.56017287950942463       0.74548711067988749     
  0.56245937737831742       0.72579948682110684     
  0.56475520820975744       0.70566640822507631     
  0.56706041009876806       0.68513775724331449     
  0.56937502129586803       0.66426333236982393     
  0.57169908020770599       0.64309272994599431     
  0.57403262539769728       0.62167523045045181     
  0.57637569558666502       0.60005968950547484     
  0.57872832965348131       0.57829443371101408     
  0.58109056663571335       0.55642716139778026     
  0.58346244573027040       0.53450484837168544     
  0.58584400629405475       0.51257365870377458     
  0.58823528784461476       0.49067886060235932     
  0.59063633006079996       0.46886474738727102     
  0.59304717278342045       0.44717456357049623     
  0.59546785601590702       0.42565043603222885     
  0.59789841992497528       0.40433331026735320     
  0.60033890484129260       0.38326289166383887     
  0.60278935126014666       0.36247759176203997     
  0.60524979984211758       0.34201447943218910     
  0.60772029141375294       0.32190923689626261     
  0.61020086696824494       0.30219612051048883     
  0.61269156766611022       0.28290792621519745     
  0.61519243483587394       0.26407595955025054     
  0.61770350997475421       0.24573001012639861     
  0.62022483474935197       0.22789833043584573     
  0.62275645099634114       0.21060761887887702     
  0.62529840072316345       0.19388300687775495     
  0.62785072610872605       0.17774804994404447     
  0.63041346950409982       0.16222472256123421     
  0.63298667343322390       0.14733341674065681     
  0.63557038059361004       0.13309294410572270     
  0.63816463385705124       0.11952054135685086     
  0.64076947627033398       0.10663187896747994     
  0.64338495105595150        9.4441072960131822E-002
  0.64601110161282127        8.2960699610455380E-002
  0.64864797151700582        7.2201812926755538E-002
  0.65129560452243462        6.2173964752444855E-002
  0.65395404456163087        5.2885227339237506E-002
  0.65662333574644061        4.4342218239706632E-002
  0.65930352236876377        3.6550127368993435E-002
  0.66199464890129045        2.9512746086951980E-002
  0.66469675999823752        2.3232498153869185E-002
  0.66740990049609028        1.7710472415040091E-002
  0.67013411541434675        1.2946457071883910E-002
  0.67286944995626363        8.9389754000029908E-003
  0.67561594950960757        5.6853227774273929E-003
  0.67837365964740748        3.1816048894952598E-003
  0.68114262612871068        1.4227769800656542E-003
  0.68392289489934310        4.0268402227339184E-004
  0.68671451209267076        1.1410168567205226E-004
  0.68951752403036504        5.4877798036589986E-004
  0.69233197722317286        1.6974754626283284E-003
  0.69515791837168661        3.5500138904740464E-003
  0.69799539436711988        6.0953132217169692E-003
  0.70084445229208592        9.3214368511601586E-003
  0.70370513942137802        1.3215634987762348E-002
  0.70657750322275481        1.7764388076794368E-002
  0.70946159135772713        2.2953450176287249E-002
  0.71235745168234910        2.8767892201252088E-002
  0.71526513224801314        3.5192144953433369E-002
  0.71818468130224533        4.2210041858574909E-002
  0.72111614728950835        4.9804861337359840E-002
  0.72405957885200312        5.7959368740362116E-002
  0.72701502483047720        6.6655857781480643E-002
  0.72998253426503557        7.5876191408372318E-002
  0.73296215639595286        8.5601842052436039E-002
  0.73595394066449149        9.5813931204817182E-002
  0.73895793671372234       0.10649326826880934     
  0.74197419438934753       0.11762038864278057     
  0.74500276374052765       0.12917559099147768     
  0.74804369502071344       0.14113897366719697     
  0.75109703868847777       0.15349047024579932     
  0.75416284540835488       0.16620988414599491     
  0.75724116605167924       0.17927692230365078     
  0.76033205169743068       0.19267122787609114     
  0.76343555363308235       0.20637241195447353     
  0.76655172335545019       0.22036008426534714     
  0.76968061257154952       0.23461388284539220     
  0.77282227319945096       0.24911350267612375     
  0.77597675736914307       0.26383872326804525     
  0.77914411742339751       0.27876943518627695     
  0.78232440591863694       0.29388566551217188     
  0.78551767562580699       0.30916760223775208     
  0.78872397953125306       0.32459561759205946     
  0.79194337083759792       0.34015029030060706     
  0.79517590296462559       0.35581242678117975     
  0.79842162955016782       0.37156308128110449     
  0.80168060445099321       0.38738357496293041     
  0.80495288174370172       0.40325551394715020     
  0.80823851572562166       0.41916080632219732     
  0.81153756091571005       0.43508167813346244     
  0.81485007205545901       0.45100068836442964     
  0.81817610410980179       0.46690074292433814     
  0.82151571226802678       0.48276510765806990     
  0.82486895194469190       0.49857742039490516     
  0.82823587878054472       0.51432170205399763     
  0.83161654864344625       0.52998236682521471     
  0.83501101762929653       0.54554423144489683     
  0.83841934206296653       0.56099252358692175     
  0.84184157849923302       0.57631288938999181     
  0.84527778372371576       0.59149140014286761     
  0.84872801475382054       0.60651455814966027     
  0.85219232883968588       0.62136930179787109     
  0.85567078346513115       0.63604300985218454     
  0.85916343634861292       0.65052350499745570     
  0.86267034544418009       0.66479905665451056     
  0.86619156894243732       0.67885838309269020     
  0.86972716527151039       0.69269065286313114     
  0.87327719309801433       0.70628548557698434     
  0.87684171132802924       0.71963295205275402     
  0.88042077910807537       0.73272357385696618     
  0.88401445582609561       0.74554832226236112     
  0.88762280111244185       0.75809861664769418     
  0.89124587484086226       0.77036632236310876     
  0.89488373712949654       0.78234374808489116     
  0.89853644834187318       0.79402364268322334     
  0.90220406908791040       0.80539919162630369     
  0.90588666022492215       0.81646401294394111     
  0.90958428285862880       0.82721215277346638     
  0.91329699834416944       0.83763808051042321     
  0.91702486828712149       0.84773668358623322     
  0.92076795454452198       0.85750326189458970     
  0.92452631922589401       0.86693352188799011     
  0.92830002469427830       0.87602357036540301     
  0.93208913356726641       0.88476990797160360     
  0.93589370871804145       0.89316942242833486     
  0.93971381327641990       0.90121938151692849     
  0.94354951062989978       0.90891742583159918     
  0.94740086442471305       0.91626156132212599     
  0.95126793856688030       0.92325015164414581     
  0.95515079722327212       0.92988191033480627     
  0.95904950482267404       0.93615589283099843     
  0.96296412605685466       0.94207148834690035     
  0.96689472588163972       0.94762841162703859     
  0.97084136951799027       0.95282669459058633     
  0.97480412245308368       0.95766667788205329     
  0.97878305044140190       0.96214900234305867     
  0.98277821950582100       0.96627460041932767     
  0.98678969593870736       0.97004468751654971     
  0.99081754630301844       0.97346075331822690     
  0.99486183743340539       0.97652455307811548     
  0.99892263643732426       0.97923809889938662     
   1.0030000106961476       0.98160365101209446     
   1.0070940278662834       0.98362370906007812     
   1.0112047558802988       0.98530100340790916     
   1.0153322629480441       0.98663848647802266     
   1.0194766175577885       0.98763932412769362     
   1.0236378884773538       0.98830688707504555     
   1.0278161447552574       0.98864474238281863     
   1.0320114557218547       0.98865664500817252     
   1.0362238909904942       0.98834652942635004     
   1.0404535204586696       0.98771850133559569     
   1.0447004143091787       0.98677682945029166     
   1.0489646430112913       0.98552593738885974     
   1.0532462773219167       0.98397039566256750     
   1.0575453882867758       0.98211491377098137     
   1.0618620472415838       0.97996433240941572     
   1.0661963258132321       0.97752361579335734     
   1.0705482959209747       0.97479784410447357     
   1.0749180297776255       0.97179220606244510     
   1.0793055998907541       0.96851199162653856     
   1.0837110790638902       0.96496258483048480     
   1.0881345403977287       0.96114945675389551     
   1.0925760572913470       0.95707815863315093     
   1.0970357034434204       0.95275431511438580     
   1.1015135528534441       0.94818361765089088     
   1.1060096798229635       0.94337181804697823     
   1.1105241589568067       0.93832472215007900     
   1.1150570651643195       0.93304818369258946     
   1.1196084736606120       0.92754809828469920     
   1.1241784599678060       0.92183039755922824     
   1.1287670999162849       0.91590104346925183     
   1.1333744696459565       0.90976602273904539     
   1.1380006456075142       0.90343134146871440     
   1.1426457045637044       0.89690301989262977     
   1.1473097235906025       0.89018708729160867     
   1.1519927800788912       0.88328957705859801     
   1.1566949517351428       0.87621652191744648     
   1.1614163165831117       0.86897394929414284     
   1.1661569529650266       0.86156787683981428     
   1.1709169395428922       0.85400430810454109     
   1.1756963552997917       0.84628922836096843     
   1.1804952795412009       0.83842860057651758     
   1.1853137918963028       0.83042836153290578     
   1.1901519723193061       0.82229441809153148     
   1.1950099010907769       0.81403264360319028     
   1.1998876588189678       0.80564887446048317     
   1.2047853264411541       0.79714890679117301     
   1.2097029852249803       0.78853849329063364     
   1.2146407167698074       0.77982334019151267     
   1.2195986030080641       0.77100910436857872     
   1.2245767262066105       0.76210139057669346     
   1.2295751689681005       0.75310574881977477     
   1.2345940142323542       0.74402767184856466     
   1.2396333452777308       0.73487259278493267     
   1.2446932457225151       0.72564588287042375     
   1.2497737995263021       0.71635284933672017     
   1.2548750909913893       0.70699873339561270     
   1.2599972047641785       0.69758870834607045     
   1.2651402258365791       0.68812787779597695     
   1.2703042395474162       0.67862127399603800     
   1.2754893315838498       0.66907385628337801     
   1.2806955879827961       0.65949050963231159     
   1.2859230951323521       0.64987604330977367     
   1.2911719397732333       0.64023518963285775     
   1.2964422090002106       0.63057260282593286     
   1.3017339902635547       0.62089285797480231     
   1.3070473713704895       0.61120045007534318     
   1.3123824404866489       0.60149979317410018     
   1.3177392861375357       0.59179521959831272     
   1.3231179972099965       0.58209097927281994     
   1.3285186629536925       0.57239123912136392     
   1.3339413729825829       0.56270008254977300     
   1.3393862172764077       0.55302150900855884     
   1.3448532861821869       0.54335943363245276     
   1.3503426704157151       0.53371768695444688     
   1.3558544610630672       0.52410001469192657     
   1.3613887495821120       0.51451007760247491     
   1.3669456278040288       0.50495145140702080     
   1.3725251879348284       0.49542762677795615     
   1.3781275225568879       0.48594200938992427     
   1.3837527246304846       0.47649792003099722     
   1.3894008874953359       0.46709859477200077     
   1.3950721048721533       0.45774718519174484     
   1.4007664708641934       0.44844675865601646     
   1.4064840799588225       0.43920029864814425     
   1.4122250270290799       0.43001070514906992     
   1.4179894073352572       0.42088079506479681     
   1.4237773165264773       0.41181330269921712     
   1.4295888506422783       0.40281088027031975     
   1.4354241061142121       0.39387609846777405     
   1.4412831797674421       0.38501144705001544     
   1.4471661688223481       0.37621933547891695     
   1.4530731708961429       0.36750209359021013     
   1.4590042840044910       0.35886197229785521     
   1.4649596065631323       0.35030114433058102     
   1.4709392373895191       0.34182170499889486     
   1.4769432757044543       0.33342567299083747     
   1.4829718211337348       0.32511499119488230     
   1.4890249737098105       0.31689152754833183     
   1.4951028338734396       0.30875707590968204     
   1.5012055024753554       0.30071335695340695     
   1.5073330807779428       0.29276201908568267     
   1.5134856704569155       0.28490463937960686     
   1.5196633736030056       0.27714272452850996     
   1.5258662927236537       0.26947771181599456     
   1.5320945307447145       0.26191097010134645     
   1.5383481910121630       0.25444380081907725     
   1.5446273772938062       0.24707743899129453     
   1.5509321937810101       0.23981305425172350     
   1.5572627450904259       0.23265175188018627     
   1.5636191362657244       0.22559457384639592     
   1.5700014727793419       0.21864249986197626     
   1.5764098605342303       0.21179644843962686     
   1.5828444058656099       0.20505727795840689     
   1.5893052155427401       0.19842578773414188     
   1.5957923967706868       0.19190271909398715     
   1.6023060571921037       0.18548875645422069     
   1.6088463048890147       0.17918452840037769     
   1.6154132483846122       0.17299060876884920     
   1.6220069966450557       0.16690751772912826     
   1.6286276590812767       0.16093572286590285     
   1.6352753455508005       0.15507564026021758     
   1.6419501663595648       0.14932763556898432     
   1.6486522322637496       0.14369202510212364     
   1.6553816544716176       0.13816907689665858     
   1.6621385446453594       0.13275901178711713     
   1.6689230149029417       0.12746200447161982     
   1.6757351778199741       0.12227818457306228     
   1.6825751464315746       0.11720763769481657     
   1.6894430342342412       0.11225040647042517     
   1.6963389551877424       0.10740649160675830     
   1.7032630237170037       0.10267585292015469     
   1.7102153547140044        9.8058410365079895E-002
   1.7171960635396897        9.3554045054850543E-002
   1.7242052660258809        8.9162600274018233E-002
   1.7312430784771990        8.4883882482014950E-002
   1.7383096176729915        8.0717662307676408E-002
   1.7454050008692747        7.6663675534299536E-002
   1.7525293458006783        7.2721624074905122E-002
   1.7596827706823941        6.8891176937389775E-002
   1.7668653942121444        6.5171971179267651E-002
   1.7740773355721486        6.1563612851741389E-002
   1.7813187144310982        5.8065677932855109E-002
   1.7885896509461472        5.4677713249459026E-002
   1.7958902657649043        5.1399237387808050E-002
   1.8032206800274309        4.8229741592574538E-002
   1.8105810153682576        4.5168690654077026E-002
   1.8179713939183981        4.2215523783582620E-002
   1.8253919383073787        3.9369655476500398E-002
   1.8328427716652678        3.6630476363358699E-002
   1.8403240176247260        3.3997354048402428E-002
   1.8478358003230537        3.1469633935735319E-002
   1.8553782444042495        2.9046640042890925E-002
   1.8629514750210820        2.6727675801736739E-002
   1.8705556178371661        2.4512024846677249E-002
   1.8781907990290427        2.2398951790045474E-002
   1.8858571452882809        2.0387702984676515E-002
   1.8935547838235744        1.8477507273594207E-002
   1.9012838423628520        1.6667576726813293E-002
   1.9090444491554013        1.4957107365207611E-002
   1.9168367329739937        1.3345279871458171E-002
   1.9246608231170197        1.1831260288087342E-002
   1.9325168494106386        1.0414200702567267E-002
   1.9404049422109304        9.0932399195502445E-003
   1.9483252324060565        7.8675041202213025E-003
   1.9562778514184365        6.7361075088434585E-003
   1.9642629312069249        5.6981529464967817E-003
   1.9722806042690040        4.7527325721019587E-003
   1.9803310036429771        3.8989284107677769E-003
   1.9884142629101824        3.1358129695153725E-003
   1.9965305161972071        2.4624498204848244E-003
   2.0046798981781091        1.8778941716559583E-003
   2.0128625440766581        1.3811934252075941E-003
   2.0210785896685763        9.7138772357618919E-004
   2.0293281712837890        6.4751048331668226E-004
   2.0376114258086915        4.0858891685358056E-004
   2.0459284906884188        2.5364454224341415E-004
   2.0542795039291217        1.8169368103981842E-004
   2.0626646041002639        1.9174794436338516E-004
   2.0710839303369175        2.8281470731772451E-004
   2.0795376223420732        4.5389757184532975E-004
   2.0880258203889532        7.0399681814958814E-004
   2.0965486653233478        1.0321098448126120E-003
   2.1051062985659468        1.4372315977292383E-003
   2.1136988621146831        1.9183549879944195E-003
   2.1223264985470975        2.4744712988602480E-003
   2.1309893510226989        3.1045705819177094E-003
   2.1396875632853374        3.8076420426219615E-003
   2.1484212796655959        4.5826744153042442E-003
   2.1571906450831819        5.4286563278116429E-003
   2.1659958050493291        6.3445766559198091E-003
   2.1748369056692178        7.3294248676498697E-003
   2.1837140936443968        8.3821913576376250E-003
   2.1926275162752127        9.5018677717066957E-003
   2.2015773214632635        1.0687447321787946E-002
   2.2105636577138457        1.1937925091316193E-002
   2.2195866741384194        1.3252298331278389E-002
   2.2286465204570853        1.4629566747035971E-002
   2.2377433470010675        1.6068732776083450E-002
   2.2468773047152077        1.7568801856888028E-002
   2.2560485451604677        1.9128782688951129E-002
   2.2652572205164492        2.0747687484256261E-002
   2.2745034835839171        2.2424532210224224E-002
   2.2837874877873303        2.4158336824360749E-002
   2.2931093871773944        2.5948125500706909E-002
   2.3024693364336155        2.7792926848257848E-002
   2.3118674908668622        2.9691774121505032E-002
   2.3213040064219506        3.1643705423225255E-002
   2.3307790396802273        3.3647763899679828E-002
   2.3402927478621649        3.5702997928363622E-002
   2.3498452888299783        3.7808461298440288E-002
   2.3594368210902377        3.9963213384026863E-002
   2.3690675037965030        4.2166319310441347E-002
   2.3787374967519588        4.4416850113583317E-002
   2.3884469604120731        4.6713882892565284E-002
   2.3981960558872570        4.9056500955747318E-002
   2.4079849449455333        5.1443793960309181E-002
   2.4178137900152290        5.3874858045495633E-002
   2.4276827541876669        5.6348795959669684E-002
   2.4375920012198664        5.8864717181310700E-002
   2.4475416955372706        6.1421738034096895E-002
   2.4575320022364697        6.4018981796180263E-002
   2.4675630870879357        6.6655578803815230E-002
   2.4776351165387829        6.9330666549450304E-002
   2.4877482577155234        7.2043389774415822E-002
   2.4979026784268394        7.4792900556325814E-002
   2.5080985471663721        7.7578358391341529E-002
   2.5183360331155162        8.0398930271387448E-002
   2.5286153061462220        8.3253790756469881E-002
   2.5389365368238228        8.6142122042197289E-002
   2.5492998964098588        8.9063114022633671E-002
   2.5597055568649218        9.2015964348597157E-002
   2.5701536908515048        9.4999878481519584E-002
   2.5806444717368717        9.8014069742976773E-002
   2.5911780735959340       0.10105775936000694     
   2.6017546712141315       0.10413017650632783     
   2.6123744400903441       0.10723055833955608     
   2.6230375564397970       0.11035815003453842     
   2.6337441971969815       0.11351220481289936     
   2.6444945400185995       0.11669198396891367     
   2.6552887632865070       0.11989675689180024     
   2.6661270461106703       0.12312580108453575     
   2.6770095683321458       0.12637840217929996     
   2.6879365105260575       0.12965385394962636     
   2.6989080540045989       0.13295145831938693     
   2.7099243808200328       0.13627052536866213     
   2.7209856737677236       0.13961037333663595     
   2.7320921163891634       0.14297032862156900     
   2.7432438929750149       0.14634972577794680     
   2.7544411885681774       0.14974790751091860     
   2.7656841889668535       0.15316422466806134     
   2.7769730807276272       0.15659803622860635     
   2.7883080511685678       0.16004870929017279     
   2.7996892883723348       0.16351561905310474     
   2.8111169811892935       0.16699814880249431     
   2.8225913192406575       0.17049568988795660     
   2.8341124929216317       0.17400764170125049     
   2.8456806934045655       0.17753341165179604     
   2.8572961126421350       0.18107241514018679     
   2.8689589433705232       0.18462407552975502     
   2.8806693791126143       0.18818782411625834     
   2.8924276141812122       0.19176310009576625     
   2.9042338436822610       0.19534935053080560     
   2.9160882635180831       0.19894603031484026     
   2.9279910703906258       0.20255260213513104     
   2.9399424618047334       0.20616853643406874     
   2.9519426360714194       0.20979331136901203     
   2.9639917923111532       0.21342641277070717     
   2.9760901304571732       0.21706733410034806     
   2.9882378512587997       0.22071557640533168     
   3.0004351562847607       0.22437064827375797     
   3.0126822479265480       0.22803206578774537     
   3.0249793294017673       0.23169935247560391     
   3.0373266047575087       0.23537203926291728     
   3.0497242788737404       0.23904966442259945     
   3.0621725574667020       0.24273177352395270     
   3.0746716470923223       0.24641791938080437     
   3.0872217551496384       0.25010766199873857     
   3.0998230898842483       0.25380056852150035     
   3.1124758603917613       0.25749621317659699     
   3.1251802766212617       0.26119417722014249     
   3.1379365493788032       0.26489404888099921     
   3.1507448903309023       0.26859542330425235     
   3.1636055120080444       0.27229790249404906     
   3.1765186278082207       0.27600109525586358     
   3.1894844520004644       0.27970461713820438     
   3.2025031997284015       0.28340809037381220     
   3.2155750870138298       0.28711114382039271     
   3.2287003307602982       0.29081341290090479     
   3.2418791487567020       0.29451453954343931     
   3.2551117596809069       0.29821417212074852     
   3.2683983831033703       0.30191196538941767     
   3.2817392394907818       0.30560758042874536     
   3.2951345502097307       0.30930068457934690     
   3.3085845375303724       0.31299095138151356     
   3.3220894246301196       0.31667806051335845     
   3.3356494355973410       0.32036169772877732     
   3.3492647954350852       0.32404155479525154     
   3.3629357300648142       0.32771732943151655     
   3.3766624663301439       0.33138872524512797     
   3.3904452320006189       0.33505545166995143     
   3.4042842557754875       0.33871722390358283     
   3.4181797672874907       0.34237376284474941     
   3.4321319971066844       0.34602479503069683     
   3.4461411767442565       0.34967005257458628     
   3.4602075386563675       0.35330927310292604     
   3.4743313162480152       0.35694219969305807     
   3.4885127438769019       0.36056858081072030     
   3.5027520568573265       0.36418817024770000     
   3.5170494914640815       0.36780072705960065     
   3.5314052849363842       0.37140601550373475     
   3.5458196754818094       0.37500380497717367     
   3.5602929022802345       0.37859386995495137     
   3.5748252054878202       0.38217598992845137     
   3.5894168262409902       0.38574994934399487     
   3.6040680066604258       0.38931553754163317     
   3.6187789898550959       0.39287254869416599     
   3.6335500199262847       0.39642078174640472     
   3.6483813419716364       0.39996004035467669     
   3.6632732020892336       0.40349013282660884     
   3.6782258473816740       0.40701087206117537     
   3.6932395259601685       0.41052207548904207     
   3.7083144869486642       0.41402356501321103     
   3.7234509804879772       0.41751516694997137     
   3.7386492577399353       0.42099671197017874     
   3.7539095708915569       0.42446803504085617     
   3.7692321731592284       0.42792897536714858     
   3.7846173187929102       0.43137937633461676     
   3.8000652630803460       0.43481908545189207     
   3.8155762623513128       0.43824795429370245     
   3.8311505739818670       0.44166583844426732     
   3.8467884563986092       0.44507259744107408     
   3.8624901690829847       0.44846809471905102     
   3.8782559725755825       0.45185219755512562     
   3.8940861284804527       0.45522477701318931     
   3.9099808994694594       0.45858570788947262     
   3.9259405492866346       0.46193486865832867     
   3.9419653427525452       0.46527214141843443     
   3.9580555457687030       0.46859741183942161     
   3.9742114253219660       0.47191056910893447     
   3.9904332494889743       0.47521150588011096     
   4.0067212874405893       0.47850011821950833     
   4.0230758094463717       0.48177630555547235     
   4.0394970868790629       0.48503997062694193     
   4.0559853922190783       0.48829101943270015     
   4.0725409990590427       0.49152936118108570     
   4.0891641821083224       0.49475490824014512     
   4.1058552171975808       0.49796757608824627     
   4.1226143812833644       0.50116728326514570     
   4.1394419524526915       0.50435395132351712     
   4.1563382099276636       0.50752750478094000     
   4.1733034340701094       0.51068787107234881     
   4.1903379063862296       0.51383498050295007     
   4.2074419095312638       0.51696876620159404     
   4.2246157273141920       0.52008916407462968     
   4.2418596447024361       0.52319611276020339     
   4.2591739478265858       0.52628955358304452     
   4.2765589239851547       0.52936943050970287     
   4.2940148616493437       0.53243569010426439     
   4.3115420504678283       0.53548828148452843     
   4.3291407812715565       0.53852715627864955     
   4.3468113460785895       0.54155226858225314     
   4.3645540380989400       0.54456357491601159     
   4.3823691517394279       0.54756103418368662     
   4.4002569826085844       0.55054460763064073     
   4.4182178275215458       0.55351425880280525     
   4.4362519845049730       0.55646995350611539     
   4.4543597528020111       0.55941165976641150     
   4.4725414328772475       0.56233934778978822     
   4.4907973264216903       0.56525298992341377     
   4.5091277363577875       0.56815256061680530     
   4.5275329668444471       0.57103803638355166     
   4.5460133232820850       0.57390939576350042     
   4.5645691123176864       0.57676661928538997     
   4.5832006418499045       0.57960968942993629     
   4.6019082210341660       0.58243859059336511     
   4.6206921602877928       0.58525330905139117     
   4.6395527712951647       0.58805383292364188     
   4.6584903670128890       0.59084015213852270     
   4.6775052616749795       0.59361225839851728     
   4.6965977707980926       0.59637014514593534     
   4.7157682111867478       0.59911380752908117     
   4.7350169009385850       0.60184324236886422     
   4.7543441594496505       0.60455844812583437     
   4.7737503074196939       0.60725942486764395     
   4.7932356668574805       0.60994617423693553     
   4.8128005610861475       0.61261869941964697     
   4.8324453147485658       0.61527700511373951     
   4.8521702538127149       0.61792109749833379     
   4.8719757055771122       0.62055098420326904     
   4.8918619986762248       0.62316667427905548     
   4.9118294630859394       0.62576817816725328     
   4.9318784301290162       0.62835550767123305     
   4.9520092324806102       0.63092867592735435     
   4.9722222041737796       0.63348769737652888     
   4.9925176806050207       0.63603258773618532     
   5.0128959985398502       0.63856336397261737     
   5.0333574961183860       0.64108004427372700     
   5.0539025128609465       0.64358264802214316     
   5.0745313896737043       0.64607119576872929     
   5.0952444688543324       0.64854570920646126     
   5.1160420940976774       0.65100621114468393     
   5.1369246105014765       0.65345272548373756     
   5.1578923645720769       0.65588527718994860     
   5.1789457042301867       0.65830389227098918     
   5.2000849788166388       0.66070859775159163     
   5.2213105390982024       0.66309942164962765     
   5.2426227372734004       0.66547639295253291     
   5.2640219269783390       0.66783954159408732     
   5.2855084632925946       0.67018889843154172     
   5.3070827027450962       0.67252449522308677     
   5.3287450033200381       0.67484636460566194     
   5.3504957244628288       0.67715454007310216     
   5.3723352270860527       0.67944905595461902     
   5.3942638735754480       0.68172994739360604     
   5.4162820277959387       0.68399725032677861     
   5.4383900550976607       0.68625100146363072     
   5.4605883223220175       0.68849123826621261     
   5.4828771978077846       0.69071799892922758     
   5.5052570513972130       0.69293132236043720     
   5.5277282544421542       0.69513124816137772     
   5.5502911798102446       0.69731781660838432     
   5.5729462018910780       0.69949106863391464     
   5.5956936966024218       0.70165104580817361     
   5.6185340413964466       0.70379779032103307     
   5.6414676152660075       0.70593134496424548     
   5.6644947987509173       0.70805175311394475     
   5.6876159739442613       0.71015905871343321     
   5.7108315244987482       0.71225330625625338     
   5.7341418356330687       0.71433454076953606     
   5.7575472941382806       0.71640280779762533     
   5.7810482883842447       0.71845815338597707     
   5.8046452083260549       0.72050062406532578     
   5.8283384455105089       0.72253026683611821     
   5.8521283930826149       0.72454712915320951     
   5.8760154457921070       0.72655125891081929     
