  0.10000000000000001       0.23555481388928212     
  0.10040817718110437       0.34064927358835262     
  0.10081802044832047       0.45133741564895313     
  0.10122953660223166       0.55998198762756313     
  0.10164273247117964       0.65922097570203353     
  0.10205761491137796       0.74246050496553417     
  0.10247419080702558       0.80429923731404507     
  0.10289246707042120       0.84085853969785007     
  0.10331245064207799       0.85000028511579839     
  0.10373414849083867       0.83142252206879130     
  0.10415756761399117       0.78663179466482969     
  0.10458271503738485       0.71879903678836576     
  0.10500959781554686       0.63251318967727344     
  0.10543822303179938       0.53345258968926346     
  0.10586859779837712       0.42799844519700092     
  0.10630072925654524       0.32281719826013378     
  0.10673462457671801       0.22443920547821827     
  0.10717029095857759       0.13886005104622723     
  0.10760773563119364        7.1188107170531922E-002
  0.10804696585314330        2.5357952168119313E-002
  0.10848798891263144        3.9242763923632573E-003
  0.10893081212761184        7.9453187568689909E-003
  0.10937544284590843        3.6959061063763121E-002
  0.10982188844533726        8.9049729286275636E-002
  0.11027015633382903       0.16099694157643329     
  0.11072025394955184       0.24849538139368976     
  0.11117218876103470       0.34642937559652331     
  0.11162596826729153       0.44918436421419061     
  0.11208159999794542       0.55097602859303807     
  0.11253909151335369       0.64617779238327766     
  0.11299845040473337       0.72962845317502723     
  0.11345968429428700       0.79690371183202324     
  0.11392280083532935       0.84453816654092984     
  0.11438780771241415       0.87018772218790963     
  0.11485471264146174       0.87272610805657225     
  0.11532352336988719       0.85227306942496628     
  0.11579424767672861       0.81015558208683913     
  0.11626689337277650       0.74880693439735291     
  0.11674146830070313       0.67161156025878643     
  0.11721798033519278       0.58270595628317956     
  0.11769643738307244       0.48674778584530376     
  0.11817684738344295       0.38866631305261101     
  0.11865921830781066       0.29340761375475066     
  0.11914355816021997       0.20568761037632599     
  0.11962987497738581       0.12976493847353732     
  0.12011817682882717        6.9244069379882700E-002
  0.12060847181700105        2.6917099971658365E-002
  0.12110076807743671        4.6503057479471144E-003
  0.12159507377887094        3.3190712668829114E-003
  0.12209139712338332        2.2792295374048366E-002
  0.12258974634653247        6.1964942622529051E-002
  0.12309012971749274       0.11883518843150032     
  0.12359255553919130       0.19062067764533674     
  0.12409703214844603       0.27390685703184492     
  0.12460356791610375       0.36481920183499672     
  0.12511217124717913       0.45921046126941722     
  0.12562285058099434       0.55285380145154850     
  0.12613561439131882       0.64163290912254456     
  0.12665047118650996       0.72172069932864358     
  0.12716742950965446       0.78973919312972229     
  0.12768649793870987       0.84289433361815014     
  0.12820768508664696       0.87908091819931000     
  0.12873099960159279       0.89695436620017110     
  0.12925645016697404       0.89596763702251414     
  0.12978404550166117       0.87637319188708673     
  0.13031379436011306       0.83919138443941066     
  0.13084570553252231       0.78614801338724616     
  0.13137978784496107       0.71958492564944876     
  0.13191605015952751       0.64234848467993044     
  0.13245450137449291       0.55766139153037864     
  0.13299515042444918       0.46898375410606441     
  0.13353800628045717       0.37986944317640203     
  0.13408307795019572       0.29382366324715847     
  0.13463037447811083       0.21416732326708110     
  0.13517990494556581       0.14391324523851823     
  0.13573167847099218        8.5658533247277346E-002
  0.13628570421004074        4.1496580616826040E-002
  0.13684199135573349        1.2951260564875944E-002
  0.13740054913861643        9.3486811428133976E-004
  0.13796138682691236        5.7303990528523308E-003
  0.13852451372667493        2.6997803643992402E-002
  0.13908993918194296        6.3802972698674520E-002
  0.13965767257489561       0.11466743059349283     
  0.14022772332600780       0.17763604712618863     
  0.14080010089420669       0.25035955476836669     
  0.14137481477702879       0.33018828054162774     
  0.14195187451077720       0.41427327674895009     
  0.14253128967068007       0.49967096052231896     
  0.14311306987104958       0.58344744155164352     
  0.14369722476544117       0.66277891865434690     
  0.14428376404681392       0.73504484330966513     
  0.14487269744769149       0.79791096315098842     
  0.14546403474032335       0.84939984978735183     
  0.14605778573684705       0.88794706110978416     
  0.14665396028945119       0.91244166600046994     
  0.14725256829053859       0.92225044717097115     
  0.14785361967289068       0.91722567500603980     
  0.14845712440983222       0.89769689292991650     
  0.14906309251539690       0.86444765645211241     
  0.14967153404449324       0.81867860993937913     
  0.15028245909307170       0.76195865654362294     
  0.15089587779829214       0.69616626995855424     
  0.15151180033869191       0.62342320727975331     
  0.15213023693435482       0.54602300873821930     
  0.15275119784708088       0.46635671384691801     
  0.15337469338055626       0.38683818849861362     
  0.15400073388052446       0.30983134998094364     
  0.15462932973495802       0.23758140479590373     
  0.15526049137423079       0.17215198711123114     
  0.15589422927129087       0.11536981419538828     
  0.15653055394183482        6.8778170486957779E-002
  0.15716947594448166        3.3600205434919816E-002
  0.15781100588094832        1.0712693182636457E-002
  0.15845515439622559        6.3056532958616351E-004
  0.15910193217875471        3.5022013863916790E-003
  0.15975134996060453        1.9115154111489230E-002
  0.16040341851764989        4.6911706437957279E-002
  0.16105814866975027        8.6013409570071975E-002
  0.16171555128092935       0.13525354301756665     
  0.16237563725955523       0.19321627033618771     
  0.16303841755852153       0.25828114119354295     
  0.16370390317542910       0.32867151171247377     
  0.16437210515276834       0.40250542018454305     
  0.16504303457810285       0.47784746232779729     
  0.16571670258425286       0.55276025637889292     
  0.16639312034948034       0.62535416967744828     
  0.16707229909767446       0.69383409053200207     
  0.16775425009853762       0.75654216704808785     
  0.16843898466777257       0.81199559289858969     
  0.16912651416727026       0.85891869321095604     
  0.16981685000529834       0.89626874631405884     
  0.17051000363669019       0.92325516365756033     
  0.17120598656303537       0.93935183569456382     
  0.17190481033287031       0.94430263120485181     
  0.17260648654186983       0.93812020721866429     
  0.17331102683303970       0.92107844272834771     
  0.17401844289690985       0.89369894870650401     
  0.17472874647172817       0.85673222718731590     
  0.17544194934365545       0.81113415156826196     
  0.17615806334696094       0.75803851775633468     
  0.17687710036421864       0.69872647084325590     
  0.17759907232650440       0.63459364476298830     
  0.17832399121359424       0.56711586351499699     
  0.17905186905416270       0.49781424316068523     
  0.17978271792598266       0.42822050546500479     
  0.18051654995612570       0.35984326865091720     
  0.18125337732116351       0.29413602042260678     
  0.18199321224736950       0.23246740555285117     
  0.18273606701092207       0.17609437740452893     
  0.18348195393810826       0.12613867230735831     
  0.18423088540552804        8.3566970270472662E-002
  0.18498287384029991        4.9175007545543714E-002
  0.18573793172026712        2.3575808411095633E-002
  0.18649607157420448        7.1921074091252368E-003
  0.18725730598202642        2.5294111225093729E-004
  0.18802164757499584        2.7943020849259259E-003
  0.18878910903593346        1.4663668524662388E-002
  0.18955970309942835        3.5528152362388710E-002
  0.19033344255204943        6.4885947324982762E-002
  0.19111034023255730       0.10208070730589447     
  0.19189040903211749       0.14631844477265166     
  0.19267366189451438       0.19668650902962692     
  0.19346011181636599       0.25217418487862209     
  0.19424977184733941       0.31169444328866336     
  0.19504265509036750       0.37410637661430668     
  0.19583877470186650       0.43823786103405227     
  0.19663814389195391       0.50290800742031871     
  0.19744077592466802       0.56694898788751491     
  0.19824668411818794       0.62922685779694620     
  0.19905588184505443       0.68866103096806364     
  0.19986838253239200       0.74424210816476755     
  0.20068419966213161       0.79504780449254542     
  0.20150334677123438       0.84025676907348068     
  0.20232583745191612       0.87916013921071756     
  0.20315168535187320       0.91117072021648171     
  0.20398090417450848       0.93582973022924432     
  0.20481350767915915       0.95281109584145895     
  0.20564950968132489       0.96192332844388462     
  0.20648892405289709       0.96310905221167709     
  0.20733176472238896       0.95644229205971631     
  0.20817804567516671       0.94212366323550956     
  0.20902778095368180       0.92047363315954067     
  0.20988098465770355       0.89192405043173406     
  0.21073767094455342       0.85700815546616171     
  0.21159785402933992       0.81634930195735822     
  0.21246154818519422       0.77064862837216608     
  0.21332876774350720       0.72067192403331193     
  0.21419952709416737       0.66723593531990666     
  0.21507384068579924       0.61119435432308156     
  0.21595172302600341       0.55342372528270933     
  0.21683318868159726       0.49480949365777427     
  0.21771825227885655       0.43623240914628370     
  0.21860692850375804       0.37855547779178123     
  0.21949923210222347       0.32261163992902575     
  0.22039517788036408       0.26919233057424408     
  0.22129478070472614       0.21903705739472568     
  0.22219805550253774       0.17282410903070877     
  0.22310501726195672       0.13116248370396866     
  0.22401568103231900        9.4585105125524649E-002
  0.22493006192438844        6.3543370076837080E-002
  0.22584817511060773        3.8403050020638707E-002
  0.22677003582534988        1.9441548001462694E-002
  0.22769565936517111        6.8464921888691244E-003
  0.22862506108906488        7.1562892648446841E-004
  0.22955825641871638        1.0579612679146866E-003
  0.23049526083875860        7.7960638580572006E-003
  0.23143608989702943        2.0769491769163873E-002
  0.23238075920482931        3.9739189602354230E-002
  0.23332928443718048        6.4392797859008644E-002
  0.23428168133308711        9.4350746281337106E-002
  0.23523796569579644       0.12917301853581586     
  0.23619815339306083       0.16836646921681064     
  0.23716226035740115       0.21139257260637900     
  0.23813030258637141       0.25767548284233099     
  0.23910229614282377       0.30661028700514437     
  0.24007825715517533       0.35757133600359647     
  0.24105820181767584       0.40992054287536484     
  0.24204214639067612       0.46301554406899081     
  0.24303010720089804       0.51621762627852452     
  0.24402210064170560       0.56889932929774267     
  0.24501814317337661       0.62045164398385821     
  0.24601825132337590       0.67029073360797453     
  0.24702244168662996       0.71786411646218340     
  0.24803073092580163       0.76265625743819854     
  0.24904313577156709       0.80419352624347995     
  0.25005967302289334       0.84204848984105252     
  0.25108035954731700       0.87584351646156444     
  0.25210521228122396       0.90525367802484424     
  0.25313424823013059       0.93000894691884106     
  0.25416748446896609       0.94989569172477695     
  0.25520493814235545       0.96475748456937471     
  0.25624662646490398       0.97449524026159418     
  0.25729256672148348       0.97906671417845192     
  0.25834277626751834       0.97848539196083251     
  0.25939727252927380       0.97281880943610588     
  0.26045607300414547       0.96218634578162188     
  0.26151919526094891       0.94675653677459992     
  0.26258665694021183       0.92674395804204890     
  0.26365847575446660       0.90240573054149076     
  0.26473466948854396       0.87403770208923848     
  0.26581525599986822       0.84197035963633760     
  0.26690025321875377       0.80656452720669625     
  0.26798967914870253       0.76820690399832536     
  0.26908355186670235       0.72730549615080919     
  0.27018188952352734       0.68428499414957522     
  0.27128471034403900       0.63958214582118256     
  0.27239203262748851       0.59364117242734393     
  0.27350387474782023       0.54690927254364574     
  0.27462025515397709       0.49983225526715536     
  0.27574119237020622       0.45285034089056198     
  0.27686670499636645       0.40639416356287117     
  0.27799681170823720       0.36088100668208645     
  0.27913153125782791       0.31671129788291708     
  0.28027088247368953       0.27426538654279342     
  0.28141488426122702       0.23390062277662871     
  0.28256355560301261       0.19594875296868763     
  0.28371691555910122       0.16071364303726932     
  0.28487498326734656       0.12846933688127993     
  0.28603777794371876        9.9458453848785378E-002
  0.28720531888262307        7.3890925625379134E-002
  0.28837762545721990        5.1943069689151189E-002
  0.28955471711974690        3.3756993440173355E-002
  0.29073661340184104        1.9440320303398817E-002
  0.29192333391486291        9.0662265378416151E-003
  0.29311489835022253        2.6737751726937375E-003
  0.29431132647970543        2.6853143903260435E-004
  0.29551263815580109        1.8234422780560866E-003
  0.29671885331203263        7.2799609839302448E-003
  0.29792999196328690        1.6549396779506176E-002
  0.29914607420614708        2.9514468121916382E-002
  0.30036712021922612        4.6031037785508100E-002
  0.30159315026350136        6.5930007263149681E-002
  0.30282418468265071        8.9019347753012346E-002
  0.30406024390339059       0.11508624494426800     
  0.30530134843581452       0.14389933496866447     
  0.30654751887373349       0.17521100923072219     
  0.30779877589501764       0.20875976635255999     
  0.30905514026193970       0.24427259015360703     
  0.31031663282151906       0.28146733341459518     
  0.31158327450586787       0.32005508813300865     
  0.31285508633253861       0.35974252404590845     
  0.31413208940487242       0.40023417836039488     
  0.31541430491234945       0.44123468087494389     
  0.31670175413094059       0.48245089998066326     
  0.31799445842346041       0.52359399638498405     
  0.31929243923992134       0.56438137278664491     
  0.32059571811789023       0.60453850913598484     
  0.32190431668284508       0.64380067452532685     
  0.32321825664853443       0.68191450815849419     
  0.32453755981733712       0.71863946323440797     
  0.32586224808062436       0.75374910893726810     
  0.32719234341912323       0.78703228704499040     
  0.32852786790328065       0.81829412094045684     
  0.32986884369363056       0.84735687602856946     
  0.33121529304116082       0.87406067171983215     
  0.33256723828768275       0.89826404623286282     
  0.33392470186620210       0.91984437648866668     
  0.33528770630129073       0.93869815631533748     
  0.33665627420946076       0.95474113705032115     
  0.33803042829953994       0.96790833541602861     
  0.33941019137304806       0.97815391425270193     
  0.34079558632457546       0.98545094231921548     
  0.34218663614216327       0.98979103991823769     
  0.34358336390768413       0.99118391756785729     
  0.34498579279722608       0.98965681532863736     
  0.34639394608147639       0.98525385070524651     
  0.34780784712610791       0.97803528327766864     
  0.34922751939216706       0.96807670438142823     
  0.35065298643646264       0.95546816025249470     
  0.35208427191195729       0.94031321708404847     
  0.35352139956815942       0.92272797641301030     
  0.35496439325151735       0.90284004916799665     
  0.35641327690581565       0.88078749657144961     
  0.35786807457257153       0.85671774590139016     
  0.35932881039143427       0.83078648888678230     
  0.36079550860058590       0.80315657023939080     
  0.36226819353714296       0.77399687351864765     
  0.36374688963756052       0.74348121118861643     
  0.36523162143803800       0.71178722536207151     
  0.36672241357492547       0.67909530534026996     
  0.36821929078513355       0.64558752765177851     
  0.36972227790654283       0.61144662387447757     
  0.37123139987841652       0.57685498109428379     
  0.37274668174181458       0.54199367941685428     
  0.37426814864000829       0.50704157050726351     
  0.37579582581889864       0.47217440069052419     
  0.37732973862743413       0.43756398170657285     
  0.37886991251803198       0.40337741177866282     
  0.38041637304700071       0.36977634922738578     
  0.38196914587496344       0.33691634044576024     
  0.38352825676728425       0.30494620364577230     
  0.38509373159449567       0.27400746939600329     
  0.38666559633272773       0.24423387859458057     
  0.38824387706413899       0.21575093816289215     
  0.38982859997734975       0.18867553440577811     
  0.39141979136787586       0.16311560366221600     
  0.39301747763856587       0.13916985956986549     
  0.39462168530003849       0.11692757598620163     
  0.39623244097112265        9.6468424349578141E-002
  0.39784977137929967        7.7862364025688136E-002
  0.39947370336114574        6.1169583968451180E-002
  0.40110426386277853        4.6440493829226326E-002
  0.40274147994030307        3.3715762474948785E-002
  0.40438537876026137        2.3026401723008294E-002
  0.40603598760008325        1.4393892969022160E-002
  0.40769333384853856        7.8303542719750929E-003
  0.40935744500619187        3.3387453691919866E-003
  0.41102834868585908        9.1310802056565610E-004
  0.41270607261306486        5.3883902659423999E-004
  0.41439064462650332        2.1929932273411223E-003
  0.41608209267850005        5.8446137685836952E-003
  0.41778044483547516        1.1455086916172807E-002
  0.41948572927840988        1.8978518709167669E-002
  0.42119797430331363        2.8362130765651083E-002
  0.42291720832169355        3.9546672591214027E-002
  0.42464345986102636        5.2466847788108728E-002
  0.42637675756523108        6.7051751621852507E-002
  0.42811713019514508        8.3225317470745463E-002
  0.42986460662900056       0.10090676976135005     
  0.43161921586290408       0.12001108107844516     
  0.43338098701131811       0.14044943123047082     
  0.43514994930754325       0.16212966615001534     
  0.43692613210420378       0.18495675461267058     
  0.43870956487373508       0.20883324086553812     
  0.44050027720887197       0.23365969136826725     
  0.44229829882313998       0.25933513396372065     
  0.44410365955134889       0.28575748791147770     
  0.44591638935008682       0.31282398333482508     
  0.44773651829821842       0.34043156874975866     
  0.44956407659738296       0.36847730546237445     
  0.45139909457249600       0.39685874773825147     
  0.45324160267225266       0.42547430776323270     
  0.45509163146963244       0.45422360452936772     
  0.45694921166240710       0.48300779589168163     
  0.45881437407364939       0.51172989315087092     
  0.46068714965224478       0.54029505762343588     
  0.46256756947340538       0.56861087876382421     
  0.46445566473918498       0.59658763350257193     
  0.46635146677899686       0.62413852655998103     
  0.46825500705013429       0.65117991158637434     
  0.47016631713829160       0.67763149306690740     
  0.47208542875808879       0.70341650901181541     
  0.47401237375359806       0.72846189453082688     
  0.47594718409887132       0.75269842646407703     
  0.47788989189847175       0.77606084931037767     
  0.47984052938800570       0.79848798275777055     
  0.48179912893465782       0.81992281118022026     
  0.48376572303772875       0.84031255551896755     
  0.48574034432917323       0.85960872801639343     
  0.48772302557414277       0.87776717031556228     
  0.48971379967152823       0.89474807547875712     
  0.49171269965450648       0.91051599451443510     
  0.49371975869108847       0.92503982803344076     
  0.49573501008466908       0.93829280368266865     
  0.49775848727458005       0.95025244002743992     
  0.49979022383664523       0.96090049757312945     
  0.50183025348373689       0.97022291763181068     
  0.50387861006633561       0.97820974975143304     
  0.50593532757309234       0.98485506843321013     
  0.50800044013139123       0.99015687986773493     
  0.51007398200791731       0.99411701942207642     
  0.51215598760922409       0.99674104060881930     
  0.51424649148230461       0.99803809626400830     
  0.51634552831516523       0.99802081265427434     
  0.51845313293740036       0.99670515722438080     
  0.52056934032077162       0.99411030068510653     
  0.52269418557978653       0.99025847412802914     
  0.52482770397228251       0.98517482183850225     
  0.52696993090001132       0.97888725046118563     
  0.52912090190922667       0.97142627515395574     
  0.53128065269127367       0.96282486334616846     
  0.53344921908318188       0.95311827669613214     
  0.53562663706825886       0.94234391182051902     
  0.53781294277668812       0.93054114034533830     
  0.54000817248612853       0.91775114880432851     
  0.54221236262231554       0.90401677888606968     
  0.54442554975966673       0.88938236850627506     
  0.54664777062188774       0.87389359415630574     
  0.54887906208258186       0.85759731495340119     
  0.55111946116586275       0.84054141879240540     
  0.55336900504696696       0.82277467097305024     
  0.55562773105287300       0.80434656565102736     
  0.55789567666291884       0.78530718043579217     
  0.56017287950942463       0.76570703443247945     
  0.56245937737831742       0.74559695000053894     
  0.56475520820975744       0.72502791847709536     
  0.56706041009876806       0.70405097008880246     
  0.56937502129586803       0.68271704825258017     
  0.57169908020770599       0.66107688844241019     
  0.57403262539769728       0.63918090177716347     
  0.57637569558666502       0.61707906346258334     
  0.57872832965348131       0.59482080619962563     
  0.58109056663571335       0.57245491865110831     
  0.58346244573027040       0.55002944903903850     
  0.58584400629405475       0.52759161392643650     
  0.58823528784461476       0.50518771221948056     
  0.59063633006079996       0.48286304440874306     
  0.59304717278342045       0.46066183705219599     
  0.59546785601590702       0.43862717248714078     
  0.59789841992497528       0.41680092374378286     
  0.60033890484129260       0.39522369461947393     
  0.60278935126014666       0.37393476485985777     
  0.60524979984211758       0.35297204038107555     
  0.60772029141375294       0.33237200845614012     
  0.61020086696824494       0.31216969777819692     
  0.61269156766611022       0.29239864330384446     
  0.61519243483587394       0.27309085577098291     
  0.61770350997475421       0.25427679577771845     
  0.62022483474935197       0.23598535230155948     
  0.62275645099634114       0.21824382553179644     
  0.62529840072316345       0.20107791388205787     
  0.62785072610872605       0.18451170504508785     
  0.63041346950409982       0.16856767094736524     
  0.63298667343322390       0.15326666645732268     
  0.63557038059361004       0.13862793169801546     
  0.63816463385705124       0.12466909781228130     
  0.64076947627033398       0.11140619602666046     
  0.64338495105595150        9.8853669858811499E-002
  0.64601110161282127        8.7024390312256839E-002
  0.64864797151700582        7.5929673901838579E-002
  0.65129560452243462        6.5579303353360263E-002
  0.65395404456163087        5.5981550821223469E-002
  0.65662333574644061        4.7143203468880346E-002
  0.65930352236876377        3.9069591258045766E-002
  0.66199464890129045        3.1764616794306866E-002
  0.66469675999823752        2.5230787078678096E-002
  0.66740990049609028        1.9469247016859592E-002
  0.67013411541434675        1.4479814540540259E-002
  0.67286944995626363        1.0261017197857769E-002
  0.67561594950960757        6.8101300731121528E-003
  0.67837365964740748        4.1232148991323658E-003
  0.68114262612871068        2.1951602290816163E-003
  0.68392289489934310        1.0197225381038955E-003
  0.68671451209267076        5.8956812897303923E-004
  0.68951752403036504        8.9631571980319791E-004
  0.69233197722317286        1.9305795958575178E-003
  0.69515791837168661        3.6820132116189841E-003
  0.69799539436711988        6.1393531334669182E-003
  0.70084445229208592        9.2904632175153656E-003
  0.70370513942137802        1.3122378921506583E-002
  0.70657750322275481        1.7621351653953288E-002
  0.70946159135772713        2.2772893068070066E-002
  0.71235745168234910        2.8561819212406747E-002
  0.71526513224801314        3.4972294454421515E-002
  0.71818468130224533        4.1987875097590499E-002
  0.72111614728950835        4.9591552616937928E-002
  0.72405957885200312        5.7765796442150519E-002
  0.72701502483047720        6.6492596221643163E-002
  0.72998253426503557        7.5753503505172293E-002
  0.73296215639595286        8.5529672786587629E-002
  0.73595394066449149        9.5801901852477389E-002
  0.73895793671372234       0.10655067138631968     
  0.74197419438934753       0.11775618378169406     
  0.74500276374052765       0.12939840112185796     
  0.74804369502071344       0.14145708228669773     
  0.75109703868847777       0.15391181915169250     
  0.75416284540835488       0.16674207184699441     
  0.75724116605167924       0.17992720304811216     
  0.76033205169743068       0.19344651127303791     
  0.76343555363308235       0.20727926316376233     
  0.76655172335545019       0.22140472473324868     
  0.76968061257154952       0.23580219156184379     
  0.77282227319945096       0.25045101793000313     
  0.77597675736914307       0.26533064487689473     
  0.77914411742339751       0.28042062717707295     
  0.78232440591863694       0.29570065922991073     
  0.78551767562580699       0.31115059985890436     
  0.78872397953125306       0.32675049602017270     
  0.79194337083759792       0.34248060542167069     
  0.79517590296462559       0.35832141805671447     
  0.79842162955016782       0.37425367665729015     
  0.80168060445099321       0.39025839607449109     
  0.80495288174370172       0.40631688159516233     
  0.80823851572562166       0.42241074620540586     
  0.81153756091571005       0.43852192681314850     
  0.81485007205545901       0.45463269944338613     
  0.81817610410980179       0.47072569342101656     
  0.82151571226802678       0.48678390455740450     
  0.82486895194469190       0.50279070735793163     
  0.82823587878054472       0.51872986626887085     
  0.83161654864344625       0.53458554598277597     
  0.83501101762929653       0.55034232082251311     
  0.83841934206296653       0.56598518322482105     
  0.84184157849923302       0.58149955134496512     
  0.84527778372371576       0.59687127580466082     
  0.84872801475382054       0.61208664560603498     
  0.85219232883968588       0.62713239323478898     
  0.85567078346513115       0.64199569897621345     
  0.85916343634861292       0.65666419446796886     
  0.86267034544418009       0.67112596551385506     
  0.86619156894243732       0.68536955418300582     
  0.86972716527151039       0.69938396021910898     
  0.87327719309801433       0.71315864178428112     
  0.87684171132802924       0.72668351556240673     
  0.88042077910807537       0.73994895624661572     
  0.88401445582609561       0.75294579543559959     
  0.88762280111244185       0.76566531996337706     
  0.89124587484086226       0.77809926968693832     
  0.89488373712949654       0.79023983475607240     
  0.89853644834187318       0.80207965238945744     
  0.90220406908791040       0.81361180318082660     
  0.90588666022492215       0.82482980695879160     
  0.90958428285862880       0.83572761822356822     
  0.91329699834416944       0.84629962118351620     
  0.91702486828712149       0.85654062441407774     
  0.92076795454452198       0.86644585516127037     
  0.92452631922589401       0.87601095331154955     
  0.92830002469427830       0.88523196504937252     
  0.93208913356726641       0.89410533622339416     
  0.93589370871804145       0.90262790544177507     
  0.93971381327641990       0.91079689691658694     
  0.94354951062989978       0.91860991307682360     
  0.94740086442471305       0.92606492696908904     
  0.95126793856688030       0.93316027446443361     
  0.95515079722327212       0.93989464628940356     
  0.95904950482267404       0.94626707989878567     
  0.96296412605685466       0.95227695120703681     
  0.96689472588163972       0.95792396619486397     
  0.97084136951799027       0.96320815240689994     
  0.97480412245308368       0.96812985035585597     
  0.97878305044140190       0.97268970484807105     
  0.98277821950582100       0.97688865624478383     
  0.98678969593870736       0.98072793167296179     
  0.99081754630301844       0.98420903619901046     
  0.99486183743340539       0.98733374397811935     
  0.99892263643732426       0.99010408939154060     
   1.0030000106961476       0.99252235818354217     
   1.0070940278662834       0.99459107860929397     
   1.0112047558802988       0.99631301260444038     
   1.0153322629480441       0.99769114698661465     
   1.0194766175577885       0.99872868469867093     
   1.0236378884773538       0.99942903610292921     
   1.0278161447552574       0.99979581033525455     
   1.0320114557218547       0.99983280672733621     
   1.0362238909904942       0.99954400630507489     
   1.0404535204586696       0.99893356337054273     
   1.0447004143091787       0.99800579717454918     
   1.0489646430112913       0.99676518368641875     
   1.0532462773219167       0.99521634746717036     
   1.0575453882867758       0.99336405365189040     
   1.0618620472415838       0.99121320004668889     
   1.0661963258132321       0.98876880934524669     
   1.0705482959209747       0.98603602146960012     
   1.0749180297776255       0.98302008603941826     
   1.0793055998907541       0.97972635497371652     
   1.0837110790638902       0.97616027522856919     
   1.0881345403977287       0.97232738167408306     
   1.0925760572913470       0.96823329011355463     
   1.0970357034434204       0.96388369044743727     
   1.1015135528534441       0.95928433998444362     
   1.1060096798229635       0.95444105690181269     
   1.1105241589568067       0.94935971385650186     
   1.1150570651643195       0.94404623174880542     
   1.1196084736606120       0.93850657363961865     
   1.1241784599678060       0.93274673882234604     
   1.1287670999162849       0.92677275705021944     
   1.1333744696459565       0.92059068291951707     
   1.1380006456075142       0.91420659040903640     
   1.1426457045637044       0.90762656757590088     
   1.1473097235906025       0.90085671140760670     
   1.1519927800788912       0.89390312283003814     
   1.1566949517351428       0.88677190187099364     
   1.1614163165831117       0.87946914297857381     
   1.1661569529650266       0.87200093049366334     
   1.1709169395428922       0.86437333427555119     
   1.1756963552997917       0.85659240547960103     
   1.1804952795412009       0.84866417248575732     
   1.1853137918963028       0.84059463697651360     
   1.1901519723193061       0.83238977016290183     
   1.1950099010907769       0.82405550915688885     
   1.1998876588189678       0.81559775348850072     
   1.2047853264411541       0.80702236176590003     
   1.2097029852249803       0.79833514847649012     
   1.2146407167698074       0.78954188092713784     
   1.2195986030080641       0.78064827632143052     
   1.2245767262066105       0.77165999897185333     
   1.2295751689681005       0.76258265764472588     
   1.2345940142323542       0.75342180303563255     
   1.2396333452777308       0.74418292537306185     
   1.2446932457225151       0.73487145214788796     
   1.2497737995263021       0.72549274596633384     
   1.2548750909913893       0.71605210252396523     
   1.2599972047641785       0.70655474869823642     
   1.2651402258365791       0.69700584075713223     
   1.2703042395474162       0.68741046268136241     
   1.2754893315838498       0.67777362459755841     
   1.2806955879827961       0.66810026131993683     
   1.2859230951323521       0.65839523099786990     
   1.2911719397732333       0.64866331386672926     
   1.2964422090002106       0.63890921109949539     
   1.3017339902635547       0.62913754375648479     
   1.3070473713704895       0.61935285183064370     
   1.3123824404866489       0.60955959338581089     
   1.3177392861375357       0.59976214378539194     
   1.3231179972099965       0.58996479500886223     
   1.3285186629536925       0.58017175505356178     
   1.3339413729825829       0.57038714741924534     
   1.3393862172764077       0.56061501067285868     
   1.3448532861821869       0.55085929809105094     
   1.3503426704157151       0.54112387737793410     
   1.3558544610630672       0.53141253045566861     
   1.3613887495821120       0.52172895332538416     
   1.3669456278040288       0.51207675599609326     
   1.3725251879348284       0.50245946247920381     
   1.3781275225568879       0.49288051084626694     
   1.3837527246304846       0.48334325334767092     
   1.3894008874953359       0.47385095659000620     
   1.3950721048721533       0.46440680176982074     
   1.4007664708641934       0.45501388496160045     
   1.4064840799588225       0.44567521745775662     
   1.4122250270290799       0.43639372615851546     
   1.4179894073352572       0.42717225400956726     
   1.4237773165264773       0.41801356048548133     
   1.4295888506422783       0.40892032211675045     
   1.4354241061142121       0.39989513305858992     
   1.4412831797674421       0.39094050569948990     
   1.4471661688223481       0.38205887130760374     
   1.4530731708961429       0.37325258071313361     
   1.4590042840044910       0.36452390502487075     
   1.4649596065631323       0.35587503637911166     
   1.4709392373895191       0.34730808871919305     
   1.4769432757044543       0.33882509860396259     
   1.4829718211337348       0.33042802604349675     
   1.4890249737098105       0.32211875536045309     
   1.4951028338734396       0.31389909607549749     
   1.5012055024753554       0.30577078381521072     
   1.5073330807779428       0.29773548124103355     
   1.5134856704569155       0.28979477899775008     
   1.5196633736030056       0.28195019668010401     
   1.5258662927236537       0.27420318381616082     
   1.5320945307447145       0.26655512086608280     
   1.5383481910121630       0.25900732023499207     
   1.5446273772938062       0.25156102729870555     
   1.5509321937810101       0.24421742144104608     
   1.5572627450904259       0.23697761710160992     
   1.5636191362657244       0.22984266483280225     
   1.5700014727793419       0.22281355236502876     
   1.5764098605342303       0.21589120567898346     
   1.5828444058656099       0.20907649008398521     
   1.5893052155427401       0.20237021130133914     
   1.5957923967706868       0.19577311655178609     
   1.6023060571921037       0.18928589564607934     
   1.6088463048890147       0.18290918207778983     
   1.6154132483846122       0.17664355411747934     
   1.6220069966450557       0.17048953590739502     
   1.6286276590812767       0.16444759855590307     
   1.6352753455508005       0.15851816123084361     
   1.6419501663595648       0.15270159225111657     
   1.6486522322637496       0.14699821017575798     
   1.6553816544716176       0.14140828488982105     
   1.6621385446453594       0.13593203868643078     
   1.6689230149029417       0.13056964734436693     
   1.6757351778199741       0.12532124120058563     
   1.6825751464315746       0.12018690621711037     
   1.6894430342342412       0.11516668504176042     
   1.6963389551877424       0.11026057806216294     
   1.7032630237170037       0.10546854445260512     
   1.7102153547140044       0.10079050321322935     
   1.7171960635396897        9.6226334201117814E-002
   1.7242052660258809        9.1775879152885209E-002
   1.7312430784771990        8.7438942698343847E-002
   1.7383096176729915        8.3215293364891085E-002
   1.7454050008692747        7.9104664572246963E-002
   1.7525293458006783        7.5106755617222687E-002
   1.7596827706823941        7.1221232648217225E-002
   1.7668653942121444        6.7447729629108943E-002
   1.7740773355721486        6.3785849292323338E-002
   1.7813187144310982        6.0235164080790105E-002
   1.7885896509461472        5.6795217078547622E-002
   1.7958902657649043        5.3465522929809328E-002
   1.8032206800274309        5.0245568746251634E-002
   1.8105810153682576        4.7134815002375041E-002
   1.8179713939183981        4.4132696418733852E-002
   1.8253919383073787        4.1238622832915239E-002
   1.8328427716652678        3.8451980058104462E-002
   1.8403240176247260        3.5772130729120999E-002
   1.8478358003230537        3.3198415135816894E-002
   1.8553782444042495        3.0730152043743297E-002
   1.8629514750210820        2.8366639501992252E-002
   1.8705556178371661        2.6107155638144475E-002
   1.8781907990290427        2.3950959440281139E-002
   1.8858571452882809        2.1897291525982299E-002
   1.8935547838235744        1.9945374898301838E-002
   1.9012838423628520        1.8094415688683529E-002
   1.9090444491554013        1.6343603886794789E-002
   1.9168367329739937        1.4692114057291761E-002
   1.9246608231170197        1.3139106043501325E-002
   1.9325168494106386        1.1683725658039545E-002
   1.9404049422109304        1.0325105360394327E-002
   1.9483252324060565        9.0623649215030300E-003
   1.9562778514184365        7.8946120753465854E-003
   1.9642629312069249        6.8209431576170543E-003
   1.9722806042690040        5.8404437315315860E-003
   1.9803310036429771        4.9521892008094204E-003
   1.9884142629101824        4.1552454099169633E-003
   1.9965305161972071        3.4486692316384460E-003
   2.0046798981781091        2.8315091420423322E-003
   2.0128625440766581        2.3028057829538318E-003
   2.0210785896685763        1.8615925119942478E-003
   2.0293281712837890        1.5068959402977367E-003
   2.0376114258086915        1.2377364580068440E-003
   2.0459284906884188        1.0531287476446272E-003
   2.0542795039291217        9.5208228546928009E-004
   2.0626646041002639        9.3360183093804672E-004
   2.0710839303369175        9.9668790437934529E-004
   2.0795376223420732        1.1403372529992239E-003
   2.0880258203889532        1.3635433053542645E-003
   2.0965486653233478        1.6652966144029557E-003
   2.1051062985659468        2.0445852892689853E-003
   2.1136988621146831        2.5003954158578923E-003
   2.1223264985470975        3.0317114664426548E-003
   2.1309893510226989        3.6375166983682039E-003
   2.1396875632853374        4.3167935420068693E-003
   2.1484212796655959        5.0685239781177449E-003
   2.1571906450831819        5.8916899047195548E-003
   2.1659958050493291        6.7852734936604264E-003
   2.1748369056692178        7.7482575369993700E-003
   2.1837140936443968        8.7796257833581137E-003
   2.1926275162752127        9.8783632643878461E-003
   2.2015773214632635        1.1043456611494862E-002
   2.2105636577138457        1.2273894362980764E-002
   2.2195866741384194        1.3568667261739775E-002
   2.2286465204570853        1.4926768543653601E-002
   2.2377433470010675        1.6347194216866812E-002
   2.2468773047152077        1.7828943332044656E-002
   2.2560485451604677        1.9371018243802829E-002
   2.2652572205164492        2.0972424863441752E-002
   2.2745034835839171        2.2632172903135239E-002
   2.2837874877873303        2.4349276111725104E-002
   2.2931093871773944        2.6122752502279911E-002
   2.3024693364336155        2.7951624571539324E-002
   2.3118674908668622        2.9834919511435798E-002
   2.3213040064219506        3.1771669412797854E-002
   2.3307790396802273        3.3760911461408694E-002
   2.3402927478621649        3.5801688126556708E-002
   2.3498452888299783        3.7893047342230535E-002
   2.3594368210902377        4.0034042681089788E-002
   2.3690675037965030        4.2223733521372875E-002
   2.3787374967519588        4.4461185206868592E-002
   2.3884469604120731        4.6745469200105583E-002
   2.3981960558872570        4.9075663228892341E-002
   2.4079849449455333        5.1450851426345534E-002
   2.4178137900152290        5.3870124464563074E-002
   2.4276827541876669        5.6332579682047412E-002
   2.4375920012198664        5.8837321205045812E-002
   2.4475416955372706        6.1383460062922168E-002
   2.4575320022364697        6.3970114297700831E-002
   2.4675630870879357        6.6596409067914530E-002
   2.4776351165387829        6.9261476746881212E-002
   2.4877482577155234        7.1964457015549987E-002
   2.4979026784268394        7.4704496950022903E-002
   2.5080985471663721        7.7480751103905732E-002
   2.5183360331155162        8.0292381585586048E-002
   2.5286153061462220        8.3138558130574025E-002
   2.5389365368238228        8.6018458169030865E-002
   2.5492998964098588        8.8931266888594762E-002
   2.5597055568649218        9.1876177292620320E-002
   2.5701536908515048        9.4852390253962970E-002
   2.5806444717368717        9.7859114564411209E-002
   2.5911780735959340       0.10089556697986879     
   2.6017546712141315       0.10396097226143219     
   2.6123744400903441       0.10705456321243578     
   2.6230375564397970       0.11017558071158973     
   2.6337441971969815       0.11332327374232287     
   2.6444945400185995       0.11649689941842101     
   2.6552887632865070       0.11969572300607167     
   2.6661270461106703       0.12291901794241755     
   2.6770095683321458       0.12616606585071355     
   2.6879365105260575       0.12943615655218954     
   2.6989080540045989       0.13272858807470800     
   2.7099243808200328       0.13604266665832176     
   2.7209856737677236       0.13937770675782135     
   2.7320921163891634       0.14273303104234725     
   2.7432438929750149       0.14610797039219070     
   2.7544411885681774       0.14950186389283471     
   2.7656841889668535       0.15291405882634679     
   2.7769730807276272       0.15634391066019016     
   2.7883080511685678       0.15979078303355965     
   2.7996892883723348       0.16325404774130203     
   2.8111169811892935       0.16673308471549642     
   2.8225913192406575       0.17022728200481463     
   2.8341124929216317       0.17373603575168539     
   2.8456806934045655       0.17725875016736314     
   2.8572961126421350       0.18079483750499148     
   2.8689589433705232       0.18434371803069594     
   2.8806693791126143       0.18790481999280673     
   2.8924276141812122       0.19147757958927114     
   2.9042338436822610       0.19506144093332112     
   2.9160882635180831       0.19865585601746338     
   2.9279910703906258       0.20226028467586266     
   2.9399424618047334       0.20587419454517586     
   2.9519426360714194       0.20949706102389376     
   2.9639917923111532       0.21312836723027206     
   2.9760901304571732       0.21676760395888628     
   2.9882378512587997       0.22041426963588318     
   3.0004351562847607       0.22406787027298114     
   3.0126822479265480       0.22772791942027937     
   3.0249793294017673       0.23139393811791997     
   3.0373266047575087       0.23506545484666941     
   3.0497242788737404       0.23874200547745739     
   3.0621725574667020       0.24242313321993614     
   3.0746716470923223       0.24610838857009809     
   3.0872217551496384       0.24979732925700604     
   3.0998230898842483       0.25348952018868554     
   3.1124758603917613       0.25718453339721647     
   3.1251802766212617       0.26088194798307218     
   3.1379365493788032       0.26458135005875427     
   3.1507448903309023       0.26828233269176083     
   3.1636055120080444       0.27198449584692008     
   3.1765186278082207       0.27568744632815767     
   3.1894844520004644       0.27939079771969888     
   3.2025031997284015       0.28309417032677076     
   3.2155750870138298       0.28679719111583424     
   3.2287003307602982       0.29049949365437877     
   3.2418791487567020       0.29420071805031611     
   3.2551117596809069       0.29790051089100977     
   3.2683983831033703       0.30159852518196451     
   3.2817392394907818       0.30529442028522447     
   3.2951345502097307       0.30898786185749061     
   3.3085845375303724       0.31267852178800459     
   3.3220894246301196       0.31636607813622197     
   3.3356494355973410       0.32005021506929210     
   3.3492647954350852       0.32373062279940434     
   3.3629357300648142       0.32740699752098157     
   3.3766624663301439       0.33107904134779487     
   3.3904452320006189       0.33474646224998050     
   3.4042842557754875       0.33840897399102121     
   3.4181797672874907       0.34206629606468941     
   3.4321319971066844       0.34571815363198410     
   3.4461411767442565       0.34936427745809429     
   3.4602075386563675       0.35300440384938192     
   3.4743313162480152       0.35663827459044239     
   3.4885127438769019       0.36026563688122903     
   3.5027520568573265       0.36388624327428221     
   3.5170494914640815       0.36749985161207266     
   3.5314052849363842       0.37110622496448087     
   3.5458196754818094       0.37470513156642249     
   3.5602929022802345       0.37829634475565188     
   3.5748252054878202       0.38187964291073784     
   3.5894168262409902       0.38545480938925369     
   3.6040680066604258       0.38902163246616517     
   3.6187789898550959       0.39257990527246867     
   3.6335500199262847       0.39612942573405063     
   3.6483813419716364       0.39966999651082169     
   3.6632732020892336       0.40320142493610944     
   3.6782258473816740       0.40672352295634118     
   3.6932395259601685       0.41023610707100489     
   3.7083144869486642       0.41373899827293970     
   3.7234509804879772       0.41723202198891518     
   3.7386492577399353       0.42071500802055872     
   3.7539095708915569       0.42418779048560029     
   3.7692321731592284       0.42765020775947771     
   3.7846173187929102       0.43110210241728741     
   3.8000652630803460       0.43454332117609640     
   3.8155762623513128       0.43797371483763636     
   3.8311505739818670       0.44139313823136250     
   3.8467884563986092       0.44480145015790717     
   3.8624901690829847       0.44819851333292415     
   3.8782559725755825       0.45158419433133434     
   3.8940861284804527       0.45495836353197128     
   3.9099808994694594       0.45832089506265006     
   3.9259405492866346       0.46167166674564120     
   3.9419653427525452       0.46501056004358599     
   3.9580555457687030       0.46833746000578136     
   3.9742114253219660       0.47165225521500709     
   3.9904332494889743       0.47495483773468627     
   4.0067212874405893       0.47824510305652634     
   4.0230758094463717       0.48152295004860923     
   4.0394970868790629       0.48478828090392112     
   4.0559853922190783       0.48804100108933046     
   4.0725409990590427       0.49128101929502732     
   4.0891641821083224       0.49450824738441534     
   4.1058552171975808       0.49772260034445936     
   4.1226143812833644       0.50092399623649975     
   4.1394419524526915       0.50411235614752647     
   4.1563382099276636       0.50728760414191676     
   4.1733034340701094       0.51044966721364093     
   4.1903379063862296       0.51359847523893598     
   4.2074419095312638       0.51673396092944257     
   4.2246157273141920       0.51985605978581739     
   4.2418596447024361       0.52296471005181355     
   4.2591739478265858       0.52605985266882649     
   4.2765589239851547       0.52914143123091861     
   4.2940148616493437       0.53220939194030814     
   4.3115420504678283       0.53526368356333043     
   4.3291407812715565       0.53830425738687160     
   4.3468113460785895       0.54133106717527046     
   4.3645540380989400       0.54434406912768973     
   4.3823691517394279       0.54734322183595663     
   4.4002569826085844       0.55032848624287189     
   4.4182178275215458       0.55329982560098712     
   4.4362519845049730       0.55625720543184298     
   4.4543597528020111       0.55920059348567897     
   4.4725414328772475       0.56212995970160384     
   4.4907973264216903       0.56504527616822542     
   4.5091277363577875       0.56794651708474198     
   4.5275329668444471       0.57083365872250125     
   4.5460133232820850       0.57370667938700015     
   4.5645691123176864       0.57656555938035370     
   4.5832006418499045       0.57941028096420810     
   4.6019082210341660       0.58224082832311486     
   4.6206921602877928       0.58505718752833935     
   4.6395527712951647       0.58785934650213090     
   4.6584903670128890       0.59064729498243107     
   4.6775052616749795       0.59342102448801692     
   4.6965977707980926       0.59618052828409929     
   4.7157682111867478       0.59892580134834361     
   4.7350169009385850       0.60165684033733435     
   4.7543441594496505       0.60437364355346745     
   4.7737503074196939       0.60707621091226982     
   4.7932356668574805       0.60976454391015056     
   4.8128005610861475       0.61243864559257122     
   4.8324453147485658       0.61509852052263814     
   4.8521702538127149       0.61774417475011312     
   4.8719757055771122       0.62037561578083500     
   4.8918619986762248       0.62299285254655956     
   4.9118294630859394       0.62559589537520111     
   4.9318784301290162       0.62818475596148249     
   4.9520092324806102       0.63075944733798783     
   4.9722222041737796       0.63331998384661414     
   4.9925176806050207       0.63586638111041616     
   5.0128959985398502       0.63839865600584833     
   5.0333574961183860       0.64091682663539107     
   5.0539025128609465       0.64342091230056897     
   5.0745313896737043       0.64591093347534523     
   5.0952444688543324       0.64838691177990060     
   5.1160420940976774       0.65084886995478564     
   5.1369246105014765       0.65329683183544640     
   5.1578923645720769       0.65573082232712065     
   5.1789457042301867       0.65815086738009854     
   5.2000849788166388       0.66055699396534262     
   5.2213105390982024       0.66294923005047568     
   5.2426227372734004       0.66532760457611562     
   5.2640219269783390       0.66769214743256422     
   5.2855084632925946       0.67004288943685153     
   5.3070827027450962       0.67237986231011426     
   5.3287450033200381       0.67470309865532396     
   5.3504957244628288       0.67701263193535266     
   5.3723352270860527       0.67930849645137115     
   5.3942638735754480       0.68159072732157866     
   5.4162820277959387       0.68385936046026474     
   5.4383900550976607       0.68611443255718907     
   5.4605883223220175       0.68835598105728857     
   5.4828771978077846       0.69058404414069763     
   5.5052570513972130       0.69279866070308627     
   5.5277282544421542       0.69499987033630517     
   5.5502911798102446       0.69718771330934370     
   5.5729462018910780       0.69936223054958435     
   5.5956936966024218       0.70152346362436568     
   5.6185340413964466       0.70367145472283532     
   5.6414676152660075       0.70580624663810254     
   5.6644947987509173       0.70792788274967988     
   5.6876159739442613       0.71003640700620652     
   5.7108315244987482       0.71213186390846550     
   5.7341418356330687       0.71421429849267137     
   5.7575472941382806       0.71628375631404095     
   5.7810482883842447       0.71834028343063761     
   5.8046452083260549       0.72038392638748361     
   5.8283384455105089       0.72241473220094088     
   5.8521283930826149       0.72443274834335658     
   5.8760154457921070       0.72643802272797020     
