  0.10000000000000001       0.30345711843790074     
  0.10040817718110437       0.27224078383115669     
  0.10081802044832047       0.24379417121316749     
  0.10122953660223166       0.21996129710097390     
  0.10164273247117964       0.20221836326883433     
  0.10205761491137796       0.19158333720367579     
  0.10247419080702558       0.18856089806817838     
  0.10289246707042120       0.19312483564336766     
  0.10331245064207799       0.20473729586263395     
  0.10373414849083867       0.22240178517368012     
  0.10415756761399117       0.24474473251345152     
  0.10458271503738485       0.27011878016789725     
  0.10500959781554686       0.29671990887045724     
  0.10543822303179938       0.32271002991305103     
  0.10586859779837712       0.34633678722094818     
  0.10630072925654524       0.36604295669685299     
  0.10673462457671801       0.38055892856785034     
  0.10717029095857759       0.38897320734332841     
  0.10760773563119364       0.39077754497355660     
  0.10804696585314330       0.38588511180861845     
  0.10848798891263144       0.37462188569761390     
  0.10893081212761184       0.35769309106955133     
  0.10937544284590843       0.33612795265184897     
  0.10982188844533726       0.31120716924231295     
  0.11027015633382903       0.28437831217357579     
  0.11072025394955184       0.25716478623961619     
  0.11117218876103470       0.23107405765185771     
  0.11162596826729153       0.20751057607093906     
  0.11208159999794542       0.18769823694631244     
  0.11253909151335369       0.17261640222904423     
  0.11299845040473337       0.16295248822959379     
  0.11345968429428700       0.15907301066819154     
  0.11392280083532935       0.16101382128027691     
  0.11438780771241415       0.16848914662498482     
  0.11485471264146174       0.18091800969395047     
  0.11532352336988719       0.19746573004476653     
  0.11579424767672861       0.21709749774664011     
  0.11626689337277650       0.23864052624614496     
  0.11674146830070313       0.26085102141495276     
  0.11721798033519278       0.28248215736264304     
  0.11769643738307244       0.30234941087149853     
  0.11817684738344295       0.31938995203398912     
  0.11865921830781066       0.33271328721994375     
  0.11914355816021997       0.34164096452713300     
  0.11962987497738581       0.34573384081882114     
  0.12011817682882717       0.34480613199331678     
  0.12060847181700105       0.33892618441463157     
  0.12110076807743671       0.32840457906458881     
  0.12159507377887094       0.31377077961557975     
  0.12209139712338332       0.29574003617982836     
  0.12258974634653247       0.27517263987827328     
  0.12309012971749274       0.25302787883095001     
  0.12359255553919130       0.23031517018742947     
  0.12409703214844603       0.20804483867786455     
  0.12460356791610375       0.18718088921711010     
  0.12511217124717913       0.16859789375493051     
  0.12562285058099434       0.15304379918591790     
  0.12613561439131882       0.14111008476652764     
  0.12665047118650996       0.13321027663747750     
  0.12716742950965446       0.12956738646869412     
  0.12768649793870987       0.13021040282295412     
  0.12820768508664696       0.13497954764507625     
  0.12873099960159279       0.14353963379037840     
  0.12925645016697404       0.15540053697664158     
  0.12978404550166117       0.16994353766176362     
  0.13031379436011306       0.18645210203209953     
  0.13084570553252231       0.20414555969180953     
  0.13137978784496107       0.22221409834891784     
  0.13191605015952751       0.23985352912198193     
  0.13245450137449291       0.25629837355212398     
  0.13299515042444918       0.27085197622380708     
  0.13353800628045717       0.28291254459439830     
  0.13408307795019572       0.29199424862479395     
  0.13463037447811083       0.29774276500088998     
  0.13517990494556581       0.29994491210191315     
  0.13573167847099218       0.29853228093130735     
  0.13628570421004074       0.29357901350186211     
  0.13684199135573349       0.28529410453337128     
  0.13740054913861643       0.27400879726843935     
  0.13796138682691236       0.26015980401735755     
  0.13852451372667493       0.24426920285282716     
  0.13908993918194296       0.22692194170168101     
  0.13965767257489561       0.20874191972213113     
  0.14022772332600780       0.19036761475160399     
  0.14080010089420669       0.17242818764541260     
  0.14137481477702879       0.15552092359098879     
  0.14195187451077720       0.14019077200910426     
  0.14253128967068007       0.12691262614234614     
  0.14311306987104958       0.11607684697125262     
  0.14369722476544117       0.10797838990261430     
  0.14428376404681392       0.10280974283030138     
  0.14487269744769149       0.10065773642283411     
  0.14546403474032335       0.10150414705972294     
  0.14605778573684705       0.10522988425982359     
  0.14665396028945119       0.11162244147105962     
  0.14725256829053859       0.12038619461666258     
  0.14785361967289068       0.13115505882364556     
  0.14845712440983222       0.14350696141443575     
  0.14906309251539690       0.15697955879212874     
  0.14967153404449324       0.17108661577663600     
  0.15028245909307170       0.18533447703463751     
  0.15089587779829214       0.19923808967335693     
  0.15151180033869191       0.21233608153553410     
  0.15213023693435482       0.22420445857520896     
  0.15275119784708088       0.23446855400517058     
  0.15337469338055626       0.24281293865917208     
  0.15400073388052446       0.24898908316852242     
  0.15462932973495802       0.25282064516998920     
  0.15526049137423079       0.25420633608012244     
  0.15589422927129087       0.25312039948917903     
  0.15653055394183482       0.24961080476333625     
  0.15716947594448166       0.24379532317723052     
  0.15781100588094832       0.23585570840042736     
  0.15845515439622559       0.22603024740493213     
  0.15910193217875471       0.21460498122053862     
  0.15975134996060453       0.20190391720225118     
  0.16040341851764989       0.18827856571116230     
  0.16105814866975027       0.17409713479629577     
  0.16171555128092935       0.15973370733318243     
  0.16237563725955523       0.14555770709730675     
  0.16303841755852153       0.13192393458638482     
  0.16370390317542910       0.11916342135142831     
  0.16437210515276834       0.10757531453572100     
  0.16504303457810285        9.7419962673792992E-002
  0.16571670258425286        8.8913330982898567E-002
  0.16639312034948034        8.2222830751805046E-002
  0.16707229909767446        7.7464604277794363E-002
  0.16775425009853762        7.4702265288919045E-002
  0.16843898466777257        7.3947055945013829E-002
  0.16912651416727026        7.5159346211312053E-002
  0.16981685000529834        7.8251370350480576E-002
  0.17051000363669019        8.3091069016985639E-002
  0.17120598656303537        8.9506884324220118E-002
  0.17190481033287031        9.7293339483724747E-002
  0.17260648654186983       0.10621722422203485     
  0.17331102683303970       0.11602420205281101     
  0.17401844289690985       0.12644565537726124     
  0.17472874647172817       0.13720558894875129     
  0.17544194934365545       0.14802742101789435     
  0.17615806334696094       0.15864050394797596     
  0.17687710036421864       0.16878623167915949     
  0.17759907232650440       0.17822360951060867     
  0.17832399121359424       0.18673418163432459     
  0.17905186905416270       0.19412623306666632     
  0.17978271792598266       0.20023820447474652     
  0.18051654995612570       0.20494128030834854     
  0.18125337732116351       0.20814113209042825     
  0.18199321224736950       0.20977881921081781     
  0.18273606701092207       0.20983086868894321     
  0.18348195393810826       0.20830857276882389     
  0.18423088540552804       0.20525655859872152     
  0.18498287384029991       0.20075069741392615     
  0.18573793172026712       0.19489543143896923     
  0.18649607157420448       0.18782060507642195     
  0.18725730598202642       0.17967789283798830     
  0.18802164757499584       0.17063691994216892     
  0.18878910903593346       0.16088117264629934     
  0.18955970309942835       0.15060379433912011     
  0.19033344255204943       0.14000336037211800     
  0.19111034023255730       0.12927971976300456     
  0.19189040903211749       0.11862998549639370     
  0.19267366189451438       0.10824474742439137     
  0.19346011181636599        9.8304572992555558E-002
  0.19424977184733941        8.8976851446113073E-002
  0.19504265509036750        8.0413027065965120E-002
  0.19583877470186650        7.2746256593673148E-002
  0.19663814389195391        6.6089515565661949E-002
  0.19744077592466802        6.0534168008270335E-002
  0.19824668411818794        5.6149004045416680E-002
  0.19905588184505443        5.2979740614699032E-002
  0.19986838253239200        5.1048971825952187E-002
  0.20068419966213161        5.0356547653046209E-002
  0.20150334677123438        5.0880352722861989E-002
  0.20232583745191612        5.2577451026650193E-002
  0.20315168535187320        5.5385557474703008E-002
  0.20398090417450848        5.9224793367376065E-002
  0.20481350767915915        6.3999680063307210E-002
  0.20564950968132489        6.9601323367910944E-002
  0.20648892405289709        7.5909740401735246E-002
  0.20733176472238896        8.2796280883122547E-002
  0.20817804567516671        9.0126095802750689E-002
  0.20902778095368180        9.7760608298130519E-002
  0.20988098465770355       0.10555994406423733     
  0.21073767094455342       0.11338528176626862     
  0.21159785402933992       0.12110108755232442     
  0.21246154818519422       0.12857720179629945     
  0.21332876774350720       0.13569075053363855     
  0.21419952709416737       0.14232785858625194     
  0.21507384068579924       0.14838514601340339     
  0.21595172302600341       0.15377099418355100     
  0.21683318868159726       0.15840657235540684     
  0.21771825227885655       0.16222662011002539     
  0.21860692850375804       0.16517998522270128     
  0.21949923210222347       0.16722992054604705     
  0.22039517788036408       0.16835414714505847     
  0.22129478070472614       0.16854469424159318     
  0.22219805550253774       0.16780752945911567     
  0.22310501726195672       0.16616199538723228     
  0.22401568103231900       0.16364007059638247     
  0.22493006192438844       0.16028547492119891     
  0.22584817511060773       0.15615264009888435     
  0.22677003582534988       0.15130556770581041     
  0.22769565936517111       0.14581659679672326     
  0.22862506108906488       0.13976510373709003     
  0.22955825641871638       0.13323615645533562     
  0.23049526083875860       0.12631914475688336     
  0.23143608989702943       0.11910640746769684     
  0.23238075920482931       0.11169187604550543     
  0.23332928443718048       0.10416975294715747     
  0.23428168133308711        9.6633241506906178E-002
  0.23523796569579644        8.9173342398866706E-002
  0.23619815339306083        8.1877729963100998E-002
  0.23716226035740115        7.4829719803384126E-002
  0.23813030258637141        6.8107337148894914E-002
  0.23910229614282377        6.1782493543006085E-002
  0.24007825715517533        5.5920277509138173E-002
  0.24105820181767584        5.0578362972900137E-002
  0.24204214639067612        4.5806537415246880E-002
  0.24303010720089804        4.1646350014352643E-002
  0.24402210064170560        3.8130878422434192E-002
  0.24501814317337661        3.5284611333067185E-002
  0.24601825132337590        3.3123442637100556E-002
  0.24702244168662996        3.1654771750321366E-002
  0.24803073092580163        3.0877703630520736E-002
  0.24904313577156709        3.0783341089406079E-002
  0.25005967302289334        3.1355161247689722E-002
  0.25108035954731700        3.2569467378850886E-002
  0.25210521228122396        3.4395906935834858E-002
  0.25313424823013059        3.6798046250633279E-002
  0.25416748446896609        3.9733992233009420E-002
  0.25520493814235545        4.3157051363866869E-002
  0.25624662646490398        4.7016416371995884E-002
  0.25729256672148348        5.1257871190244143E-002
  0.25834277626751834        5.5824505097925615E-002
  0.25939727252927380        6.0657427359274478E-002
  0.26045607300414547        6.5696474151389669E-002
  0.26151919526094891        7.0880900127719415E-002
  0.26258665694021183        7.6150047572936225E-002
  0.26365847575446660        8.1443986760505752E-002
  0.26473466948854396        8.6704121814103904E-002
  0.26581525599986822        9.1873757087429939E-002
  0.26690025321875377        9.6898619803616345E-002
  0.26798967914870253       0.10172733542563082     
  0.26908355186670235       0.10631185295384525     
  0.27018188952352734       0.11060781805807407     
  0.27128471034403900       0.11457489264136785     
  0.27239203262748851       0.11817702009514733     
  0.27350387474782023       0.12138263613405302     
  0.27462025515397709       0.12416482568923709     
  0.27574119237020622       0.12650142688664834     
  0.27686670499636645       0.12837508363889130     
  0.27799681170823720       0.12977324883294689     
  0.27913153125782791       0.13068814049970687     
  0.28027088247368953       0.13111665370389528     
  0.28141488426122702       0.13106023119413771     
  0.28256355560301261       0.13052469610295486     
  0.28371691555910122       0.12952005018615964     
  0.28487498326734656       0.12806024124182513     
  0.28603777794371876       0.12616290345246009     
  0.28720531888262307       0.12384907445242188     
  0.28837762545721990       0.12114289293851264     
  0.28955471711974690       0.11807128061777913     
  0.29073661340184104       0.11466361222595113     
  0.29192333391486291       0.11095137725575477     
  0.29311489835022253       0.10696783690989857     
  0.29431132647970543       0.10274767964222585     
  0.29551263815580109        9.8326678475740961E-002
  0.29671885331203263        9.3741353091370619E-002
  0.29792999196328690        8.9028639469773602E-002
  0.29914607420614708        8.4225569643498824E-002
  0.30036712021922612        7.9368963881567986E-002
  0.30159315026350136        7.4495137386026061E-002
  0.30282418468265071        6.9639623333198730E-002
  0.30406024390339059        6.4836913843872010E-002
  0.30530134843581452        6.0120220219021310E-002
  0.30654751887373349        5.5521253533277151E-002
  0.30779877589501764        5.1070026439210388E-002
  0.30905514026193970        4.6794676803616361E-002
  0.31031663282151906        4.2721313573968994E-002
  0.31158327450586787        3.8873885060588392E-002
  0.31285508633253861        3.5274069619064589E-002
  0.31413208940487242        3.1941188529159135E-002
  0.31541430491234945        2.8892140691663574E-002
  0.31670175413094059        2.6141358604075779E-002
  0.31799445842346041        2.3700784930127908E-002
  0.31929243923992134        2.1579868847222402E-002
  0.32059571811789023        1.9785581240084765E-002
  0.32190431668284508        1.8322447708219759E-002
  0.32321825664853443        1.7192598269049609E-002
  0.32453755981733712        1.6395832567524263E-002
  0.32586224808062436        1.5929699346253223E-002
  0.32719234341912323        1.5789588887211339E-002
  0.32852786790328065        1.5968837106338288E-002
  0.32986884369363056        1.6458839965142646E-002
  0.33121529304116082        1.7249176858103489E-002
  0.33256723828768275        1.8327741640395384E-002
  0.33392470186620210        1.9680879976486786E-002
  0.33528770630129073        2.1293531715622920E-002
  0.33665627420946076        2.3149377034246920E-002
  0.33803042829953994        2.5230985127166507E-002
  0.33941019137304806        2.7519964277884591E-002
  0.34079558632457546        2.9997112193107883E-002
  0.34218663614216327        3.2642565546174430E-002
  0.34358336390768413        3.5435947738189554E-002
  0.34498579279722608        3.8356513953215439E-002
  0.34639394608147639        4.1383292654141111E-002
  0.34780784712610791        4.4495222738156662E-002
  0.34922751939216706        4.7671285644350560E-002
  0.35065298643646264        5.0890631780164508E-002
  0.35208427191195729        5.4132700707733010E-002
  0.35352139956815942        5.7377334604831777E-002
  0.35496439325151735        6.0604884587849656E-002
  0.35641327690581565        6.3796309555304145E-002
  0.35786807457257153        6.6933267279602401E-002
  0.35932881039143427        6.9998197541559462E-002
  0.36079550860058590        7.2974397166331667E-002
  0.36226819353714296        7.5846086880591815E-002
  0.36374688963756052        7.8598469968737344E-002
  0.36523162143803800        8.1217782760461626E-002
  0.36672241357492547        8.3691337032994889E-002
  0.36821929078513355        8.6007554458593968E-002
  0.36972227790654283        8.8155993271334318E-002
  0.37123139987841652        9.0127367366930250E-002
  0.37274668174181458        9.1913558085085473E-002
  0.37426814864000829        9.3507618955865679E-002
  0.37579582581889864        9.4903773719691525E-002
  0.37732973862743413        9.6097407955012315E-002
  0.37886991251803198        9.7085054668429219E-002
  0.38041637304700071        9.7864374219283914E-002
  0.38196914587496344        9.8434128964469847E-002
  0.38352825676728425        9.8794153019750849E-002
  0.38509373159449567        9.8945317541192276E-002
  0.38666559633272773        9.8889491934710680E-002
  0.38824387706413899        9.8629501403326922E-002
  0.38982859997734975        9.8169081240641623E-002
  0.39141979136787586        9.7512828275582483E-002
  0.39301747763856587        9.6666149867720208E-002
  0.39462168530003849        9.5635210844644505E-002
  0.39623244097112265        9.4426878763195263E-002
  0.39784977137929967        9.3048667864982101E-002
  0.39947370336114574        9.1508682083725562E-002
  0.40110426386277853        8.9815557447757766E-002
  0.40274147994030307        8.7978404205656044E-002
  0.40438537876026137        8.6006748986671849E-002
  0.40603598760008325        8.3910477290453533E-002
  0.40769333384853856        8.1699776582801489E-002
  0.40935744500619187        7.9385080255877608E-002
  0.41102834868585908        7.6977012692674096E-002
  0.41270607261306486        7.4486335656665084E-002
  0.41439064462650332        7.1923896208612850E-002
  0.41608209267850005        6.9300576333577987E-002
  0.41778044483547516        6.6627244442374348E-002
  0.41948572927840988        6.3914708893159103E-002
  0.42119797430331363        6.1173673660618960E-002
  0.42291720832169355        5.8414696262382285E-002
  0.42464345986102636        5.5648148034972769E-002
  0.42637675756523108        5.2884176834823653E-002
  0.42811713019514508        5.0132672223716028E-002
  0.42986460662900056        4.7403233182494328E-002
  0.43161921586290408        4.4705138382113228E-002
  0.43338098701131811        4.2047319027010498E-002
  0.43514994930754325        3.9438334272512962E-002
  0.43692613210420378        3.6886349205482429E-002
  0.43870956487373508        3.4399115365718380E-002
  0.44050027720887197        3.1983953774761292E-002
  0.44229829882313998        2.9647740428696952E-002
  0.44410365955134889        2.7396894202316960E-002
  0.44591638935008682        2.5237367103604129E-002
  0.44773651829821842        2.3174636809884991E-002
  0.44956407659738296        2.1213701410193717E-002
  0.45139909457249600        1.9359076272365477E-002
  0.45324160267225266        1.7614792948088629E-002
  0.45509163146963244        1.5984400024623445E-002
  0.45694921166240710        1.4470965828059193E-002
  0.45881437407364939        1.3077082879838199E-002
  0.46068714965224478        1.1804874005788666E-002
  0.46256756947340538        1.0655999995037756E-002
  0.46445566473918498        9.6316687049117951E-003
  0.46635146677899686        8.7326455072040138E-003
  0.46825500705013429        7.9592649710178709E-003
  0.47016631713829160        7.3114436776907359E-003
  0.47208542875808879        6.7886940640717909E-003
  0.47401237375359806        6.3901391916213069E-003
  0.47594718409887132        6.1145283403818201E-003
  0.47788989189847175        5.9602533288099745E-003
  0.47984052938800570        5.9253654627342981E-003
  0.48179912893465782        6.0075930192580434E-003
  0.48376572303772875        6.2043591742579193E-003
  0.48574034432917323        6.5128002851864734E-003
  0.48772302557414277        6.9297844441385667E-003
  0.48971379967152823        7.4519302195908532E-003
  0.49171269965450648        8.0756255087918293E-003
  0.49371975869108847        8.7970464264923616E-003
  0.49573501008466908        9.6121761595003036E-003
  0.49775848727458005        1.0516823720421630E-002
  0.49979022383664523        1.1506642537867134E-002
  0.50183025348373689        1.2577148824361091E-002
  0.50387861006633561        1.3723739667150844E-002
  0.50593532757309234        1.4941710791070576E-002
  0.50800044013139123        1.6226273946542941E-002
  0.51007398200791731        1.7572573879692056E-002
  0.51215598760922409        1.8975704845375339E-002
  0.51424649148230461        2.0430726627710834E-002
  0.51634552831516523        2.1932680036358735E-002
  0.51845313293740036        2.3476601850415099E-002
  0.52056934032077162        2.5057539185273488E-002
  0.52269418557978653        2.6670563261191740E-002
  0.52482770397228251        2.8310782555580311E-002
  0.52696993090001132        2.9973355324174215E-002
  0.52912090190922667        3.1653501479272012E-002
  0.53128065269127367        3.3346513816123524E-002
  0.53344921908318188        3.5047768581293617E-002
  0.53562663706825886        3.6752735379456079E-002
  0.53781294277668812        3.8456986417547974E-002
  0.54000817248612853        4.0156205087548469E-002
  0.54221236262231554        4.1846193891352031E-002
  0.54442554975966673        4.3522881713251957E-002
  0.54664777062188774        4.5182330447475924E-002
  0.54887906208258186        4.6820740989982797E-002
  0.55111946116586275        4.8434458605381842E-002
  0.55336900504696696        5.0019977681330659E-002
  0.55562773105287300        5.1573945884150464E-002
  0.55789567666291884        5.3093167730636263E-002
  0.56017287950942463        5.4574607592169783E-002
  0.56245937737831742        5.6015392148225901E-002
  0.56475520820975744        5.7412812307262279E-002
  0.56706041009876806        5.8764324613734008E-002
  0.56937502129586803        6.0067552160639810E-002
  0.57169908020770599        6.1320285027561892E-002
  0.57403262539769728        6.2520480264607770E-002
  0.57637569558666502        6.3666261443023175E-002
  0.57872832965348131        6.4755917793513251E-002
  0.58109056663571335        6.5787902953485480E-002
  0.58346244573027040        6.6760833344532103E-002
  0.58584400629405475        6.7673486201484237E-002
  0.58823528784461476        6.8524797274328003E-002
  0.59063633006079996        6.9313858224157976E-002
  0.59304717278342045        7.0039913734150902E-002
  0.59546785601590702        7.0702358356324213E-002
  0.59789841992497528        7.1300733114539078E-002
  0.60033890484129260        7.1834721883877961E-002
  0.60278935126014666        7.2304147566132113E-002
  0.60524979984211758        7.2708968080724606E-002
  0.60772029141375294        7.3049272189917788E-002
  0.61020086696824494        7.3325275176667024E-002
  0.61269156766611022        7.3537314392964140E-002
  0.61519243483587394        7.3685844695950714E-002
  0.61770350997475421        7.3771433788528462E-002
  0.62022483474935197        7.3794757480588724E-002
  0.62275645099634114        7.3756594886388971E-002
  0.62529840072316345        7.3657823572978523E-002
  0.62785072610872605        7.3499414673955182E-002
  0.63041346950409982        7.3282427982192311E-002
  0.63298667343322390        7.3008007034542619E-002
  0.63557038059361004        7.2677374200879732E-002
  0.63816463385705124        7.2291825789199626E-002
  0.64076947627033398        7.1852727177857595E-002
  0.64338495105595150        7.1361507985391287E-002
  0.64601110161282127        7.0819657287740520E-002
  0.64864797151700582        7.0228718892056230E-002
  0.65129560452243462        6.9590286675676100E-002
  0.65395404456163087        6.8905999998240736E-002
  0.65662333574644061        6.8177539194329631E-002
  0.65930352236876377        6.7406621153421720E-002
  0.66199464890129045        6.6594994993411871E-002
  0.66469675999823752        6.5744437833368086E-002
  0.66740990049609028        6.4856750670676463E-002
  0.67013411541434675        6.3933754367198406E-002
  0.67286944995626363        6.2977285748562470E-002
  0.67561594950960757        6.1989193820226225E-002
  0.67837365964740748        6.0971336103471573E-002
  0.68114262612871068        5.9925575094048111E-002
  0.68392289489934310        5.8853774845742376E-002
  0.68671451209267076        5.7757797680737938E-002
  0.68951752403036504        5.6639501028229872E-002
  0.69233197722317286        5.5500734392382151E-002
  0.69515791837168661        5.4343336450353094E-002
  0.69799539436711988        5.3169132280772261E-002
  0.70084445229208592        5.1979930722725637E-002
  0.70370513942137802        5.0777521865001611E-002
  0.70657750322275481        4.9563674665061945E-002
  0.70946159135772713        4.8340134696925434E-002
  0.71235745168234910        4.7108622026902087E-002
  0.71526513224801314        4.5870829215876298E-002
  0.71818468130224533        4.4628419446616267E-002
  0.72111614728950835        4.3383024774380899E-002
  0.72405957885200312        4.2136244498906156E-002
  0.72701502483047720        4.0889643655678834E-002
  0.72998253426503557        3.9644751624245828E-002
  0.73296215639595286        3.8403060851161692E-002
  0.73595394066449149        3.7166025685042701E-002
  0.73895793671372234        3.5935061321084739E-002
  0.74197419438934753        3.4711542852287822E-002
  0.74500276374052765        3.3496804424544141E-002
  0.74804369502071344        3.2292138492660508E-002
  0.75109703868847777        3.1098795174322281E-002
  0.75416284540835488        2.9917981698937408E-002
  0.75724116605167924        2.8750861948262464E-002
  0.76033205169743068        2.7598556085662914E-002
  0.76343555363308235        2.6462140270838649E-002
  0.76655172335545019        2.5342646456819627E-002
  0.76968061257154952        2.4241062266030525E-002
  0.77282227319945096        2.3158330942211352E-002
  0.77597675736914307        2.2095351374993612E-002
  0.77914411742339751        2.1052978193932384E-002
  0.78232440591863694        2.0032021928822603E-002
  0.78551767562580699        1.9033249233138951E-002
  0.78872397953125306        1.8057383167479200E-002
  0.79194337083759792        1.7105103539917264E-002
  0.79517590296462559        1.6177047300214031E-002
  0.79842162955016782        1.5273808984878859E-002
  0.80168060445099321        1.4395941210121542E-002
  0.80495288174370172        1.3543955209785245E-002
  0.80823851572562166        1.2718321415407170E-002
  0.81153756091571005        1.1919470075614261E-002
  0.81485007205545901        1.1147791912115079E-002
  0.81817610410980179        1.0403638809624130E-002
  0.82151571226802678        9.6873245371072655E-003
  0.82486895194469190        8.9991254978162381E-003
  0.82823587878054472        8.3392815056430696E-003
  0.83161654864344625        7.7079965853965307E-003
  0.83501101762929653        7.1054397946781972E-003
  0.83841934206296653        6.5317460651031804E-003
  0.84184157849923302        5.9870170606889936E-003
  0.84527778372371576        5.4713220513079959E-003
  0.84872801475382054        4.9846987991710523E-003
  0.85219232883968588        4.5271544563889451E-003
  0.85567078346513115        4.0986664717281200E-003
  0.85916343634861292        3.6991835047548707E-003
  0.86267034544418009        3.3286263456327393E-003
  0.86619156894243732        2.9868888389144054E-003
  0.86972716527151039        2.6738388097384130E-003
  0.87327719309801433        2.3893189909163937E-003
  0.87684171132802924        2.1331479494646230E-003
  0.88042077910807537        1.9051210112060015E-003
  0.88401445582609561        1.7050111821350828E-003
  0.88762280111244185        1.5325700653089983E-003
  0.89124587484086226        1.3875287720930460E-003
  0.89488373712949654        1.2695988266517603E-003
  0.89853644834187318        1.1784730626472480E-003
  0.90220406908791040        1.1138265111603133E-003
  0.90588666022492215        1.0753172789187647E-003
  0.90958428285862880        1.0625874159715873E-003
  0.91329699834416944        1.0752637720079948E-003
  0.91702486828712149        1.1129588405759882E-003
  0.92076795454452198        1.1752715905109696E-003
  0.92452631922589401        1.2617882839357517E-003
  0.92830002469427830        1.3720832802482470E-003
  0.93208913356726641        1.5057198255595313E-003
  0.93589370871804145        1.6622508270960092E-003
  0.93971381327641990        1.8412196121245544E-003
  0.94354951062989978        2.0421606710051194E-003
  0.94740086442471305        2.2646003840174388E-003
  0.95126793856688030        2.5080577316527390E-003
  0.95515079722327212        2.7720449880979398E-003
  0.95904950482267404        3.0560683976819541E-003
  0.96296412605685466        3.3596288340867848E-003
  0.96689472588163972        3.6822224421651346E-003
  0.97084136951799027        4.0233412622374676E-003
  0.97480412245308368        4.3824738367737462E-003
  0.97878305044140190        4.7591057993981662E-003
  0.98277821950582100        5.1527204461807750E-003
  0.98678969593870736        5.5627992892111492E-003
  0.99081754630301844        5.9888225924735724E-003
  0.99486183743340539        6.4302698900679583E-003
  0.99892263643732426        6.8866204868469061E-003
   1.0030000106961476        7.3573539415575824E-003
   1.0070940278662834        7.8419505326022647E-003
   1.0112047558802988        8.3398917065479299E-003
   1.0153322629480441        8.8506605095353651E-003
   1.0194766175577885        9.3737420017559244E-003
   1.0236378884773538        9.9086236551784897E-003
   1.0278161447552574        1.0454795734726555E-002
   1.0320114557218547        1.1011751663116671E-002
   1.0362238909904942        1.1578988369585945E-002
   1.0404535204586696        1.2156006622744627E-002
   1.0447004143091787        1.2742311347801679E-002
   1.0489646430112913        1.3337411928424662E-002
   1.0532462773219167        1.3940822493498629E-002
   1.0575453882867758        1.4552062189060839E-002
   1.0618620472415838        1.5170655435695674E-002
   1.0661963258132321        1.5796132171677565E-002
   1.0705482959209747        1.6428028082158843E-002
   1.0749180297776255        1.7065884814702916E-002
   1.0793055998907541        1.7709250181467989E-002
   1.0837110790638902        1.8357678348349098E-002
   1.0881345403977287        1.9010730011390722E-002
   1.0925760572913470        1.9667972560785691E-002
   1.0970357034434204        2.0328980232773238E-002
   1.1015135528534441        2.0993334249755580E-002
   1.1060096798229635        2.1660622948951689E-002
   1.1105241589568067        2.2330441899904220E-002
   1.1150570651643195        2.3002394011159066E-002
   1.1196084736606120        2.3676089626435248E-002
   1.1241784599678060        2.4351146610600977E-002
   1.1287670999162849        2.5027190425769345E-002
   1.1333744696459565        2.5703854197829740E-002
   1.1380006456075142        2.6380778773722365E-002
   1.1426457045637044        2.7057612769765760E-002
   1.1473097235906025        2.7734012611342989E-002
   1.1519927800788912        2.8409642564247405E-002
   1.1566949517351428        2.9084174757987493E-002
   1.1614163165831117        2.9757289201346630E-002
   1.1661569529650266        3.0428673790487186E-002
   1.1709169395428922        3.1098024309888565E-002
   1.1756963552997917        3.1765044426399797E-002
   1.1804952795412009        3.2429445676687152E-002
   1.1853137918963028        3.3090947448349443E-002
   1.1901519723193061        3.3749276954970243E-002
   1.1950099010907769        3.4404169205372856E-002
   1.1998876588189678        3.5055366967334502E-002
   1.2047853264411541        3.5702620726016855E-002
   1.2097029852249803        3.6345688637360742E-002
   1.2146407167698074        3.6984336476687897E-002
   1.2195986030080641        3.7618337582750079E-002
   1.2245767262066105        3.8247472797458396E-002
   1.2295751689681005        3.8871530401518674E-002
   1.2345940142323542        3.9490306046198222E-002
   1.2396333452777308        4.0103602681437735E-002
   1.2446932457225151        4.0711230480523435E-002
   1.2497737995263021        4.1313006761521304E-002
   1.2548750909913893        4.1908755905677483E-002
   1.2599972047641785        4.2498309272977326E-002
   1.2651402258365791        4.3081505115054985E-002
   1.2703042395474162        4.3658188485634727E-002
   1.2754893315838498        4.4228211148686816E-002
   1.2806955879827961        4.4791431484467667E-002
   1.2859230951323521        4.5347714393614819E-002
   1.2911719397732333        4.5896931199458792E-002
   1.2964422090002106        4.6438959548709871E-002
   1.3017339902635547        4.6973683310672247E-002
   1.3070473713704895        4.7500992475133397E-002
   1.3123824404866489        4.8020783049071113E-002
   1.3177392861375357        4.8532956952315305E-002
   1.3231179972099965        4.9037421912298304E-002
   1.3285186629536925        4.9534091358021261E-002
   1.3339413729825829        5.0022884313358627E-002
   1.3393862172764077        5.0503725289821347E-002
   1.3448532861821869        5.0976544178892490E-002
   1.3503426704157151        5.1441276144042189E-002
   1.3558544610630672        5.1897861512531403E-002
   1.3613887495821120        5.2346245667101450E-002
   1.3669456278040288        5.2786378937649515E-002
   1.3725251879348284        5.3218216492978143E-002
   1.3781275225568879        5.3641718232713027E-002
   1.3837527246304846        5.4056848679468292E-002
   1.3894008874953359        5.4463576871343275E-002
   1.3950721048721533        5.4861876254826594E-002
   1.4007664708641934        5.5251724578180561E-002
   1.4064840799588225        5.5633103785376982E-002
   1.4122250270290799        5.6005999910647468E-002
   1.4179894073352572        5.6370402973716371E-002
   1.4237773165264773        5.6726306875768961E-002
   1.4295888506422783        5.7073709296217884E-002
   1.4354241061142121        5.7412611590315452E-002
   1.4412831797674421        5.7743018687665910E-002
   1.4471661688223481        5.8064938991682372E-002
   1.4530731708961429        5.8378384280033641E-002
   1.4590042840044910        5.8683369606122630E-002
   1.4649596065631323        5.8979913201633802E-002
   1.4709392373895191        5.9268036380187530E-002
   1.4769432757044543        5.9547763442134437E-002
   1.4829718211337348        5.9819121580519476E-002
   1.4890249737098105        6.0082140788247106E-002
   1.4951028338734396        6.0336853766471812E-002
   1.5012055024753554        6.0583295834239596E-002
   1.5073330807779428        6.0821504839401928E-002
   1.5134856704569155        6.1051521070822866E-002
   1.5196633736030056        6.1273387171896815E-002
   1.5258662927236537        6.1487148055393549E-002
   1.5320945307447145        6.1692850819644936E-002
   1.5383481910121630        6.1890544666085553E-002
   1.5446273772938062        6.2080280818158390E-002
   1.5509321937810101        6.2262112441594998E-002
   1.5572627450904259        6.2436094566077287E-002
   1.5636191362657244        6.2602284008287851E-002
   1.5700014727793419        6.2760739296352688E-002
   1.5764098605342303        6.2911520595680878E-002
   1.5828444058656099        6.3054689636201380E-002
   1.5893052155427401        6.3190309641000100E-002
   1.5957923967706868        6.3318445256354772E-002
   1.6023060571921037        6.3439162483166736E-002
   1.6088463048890147        6.3552528609787523E-002
   1.6154132483846122        6.3658612146235527E-002
   1.6220069966450557        6.3757482759798367E-002
   1.6286276590812767        6.3849211212015644E-002
   1.6352753455508005        6.3933869297035151E-002
   1.6419501663595648        6.4011529781334800E-002
   1.6486522322637496        6.4082266344802699E-002
   1.6553816544716176        6.4146153523165633E-002
   1.6621385446453594        6.4203266651757185E-002
   1.6689230149029417        6.4253681810613528E-002
   1.6757351778199741        6.4297475770887860E-002
   1.6825751464315746        6.4334725942569934E-002
   1.6894430342342412        6.4365510323499797E-002
   1.6963389551877424        6.4389907449662248E-002
   1.7032630237170037        6.4407996346749125E-002
   1.7102153547140044        6.4419856482975532E-002
   1.7171960635396897        6.4425567723136470E-002
   1.7242052660258809        6.4425210283887729E-002
   1.7312430784771990        6.4418864690239108E-002
   1.7383096176729915        6.4406611733241276E-002
   1.7454050008692747        6.4388532428853479E-002
   1.7525293458006783        6.4364707977975444E-002
   1.7596827706823941        6.4335219727626444E-002
   1.7668653942121444        6.4300149133256768E-002
   1.7740773355721486        6.4259577722174721E-002
   1.7813187144310982        6.4213587058071606E-002
   1.7885896509461472        6.4162258706629199E-002
   1.7958902657649043        6.4105674202191903E-002
   1.8032206800274309        6.4043915015486563E-002
   1.8105810153682576        6.3977062522373868E-002
   1.8179713939183981        6.3905197973612049E-002
   1.8253919383073787        6.3828402465618106E-002
   1.8328427716652678        6.3746756912207103E-002
   1.8403240176247260        6.3660342017293342E-002
   1.8478358003230537        6.3569238248536067E-002
   1.8553782444042495        6.3473525811911888E-002
   1.8629514750210820        6.3373284627196144E-002
   1.8705556178371661        6.3268594304338219E-002
   1.8781907990290427        6.3159534120709931E-002
   1.8858571452882809        6.3046182999213468E-002
   1.8935547838235744        6.2928619487229012E-002
   1.9012838423628520        6.2806921736386578E-002
   1.9090444491554013        6.2681167483145034E-002
   1.9168367329739937        6.2551434030159614E-002
   1.9246608231170197        6.2417798228424894E-002
   1.9325168494106386        6.2280336460172357E-002
   1.9404049422109304        6.2139124622509374E-002
   1.9483252324060565        6.1994238111781404E-002
   1.9562778514184365        6.1845751808642088E-002
   1.9642629312069249        6.1693740063814985E-002
   1.9722806042690040        6.1538276684530289E-002
   1.9803310036429771        6.1379434921622698E-002
   1.9884142629101824        6.1217287457272500E-002
   1.9965305161972071        6.1051906393376147E-002
   2.0046798981781091        6.0883363240530626E-002
   2.0128625440766581        6.0711728907616579E-002
   2.0210785896685763        6.0537073691964899E-002
   2.0293281712837890        6.0359467270092872E-002
   2.0376114258086915        6.0178978688995452E-002
   2.0459284906884188        5.9995676357975793E-002
   2.0542795039291217        5.9809628041003447E-002
   2.0626646041002639        5.9620900849584359E-002
   2.0710839303369175        5.9429561236129629E-002
   2.0795376223420732        5.9235674987810176E-002
   2.0880258203889532        5.9039307220882867E-002
   2.0965486653233478        5.8840522375476059E-002
   2.1051062985659468        5.8639384210820926E-002
   2.1136988621146831        5.8435955800916733E-002
   2.1223264985470975        5.8230299530616640E-002
   2.1309893510226989        5.8022477092123194E-002
   2.1396875632853374        5.7812549481879354E-002
   2.1484212796655959        5.7600576997845501E-002
   2.1571906450831819        5.7386619237149800E-002
   2.1659958050493291        5.7170735094099909E-002
   2.1748369056692178        5.6952982758546003E-002
   2.1837140936443968        5.6733419714583400E-002
   2.1926275162752127        5.6512102739584937E-002
   2.2015773214632635        5.6289087903549993E-002
   2.2105636577138457        5.6064430568764062E-002
   2.2195866741384194        5.5838185389754394E-002
   2.2286465204570853        5.5610406313534644E-002
   2.2377433470010675        5.5381146580127133E-002
   2.2468773047152077        5.5150458723354334E-002
   2.2560485451604677        5.4918394571889538E-002
   2.2652572205164492        5.4685005250557417E-002
   2.2745034835839171        5.4450341181875833E-002
   2.2837874877873303        5.4214452087830975E-002
   2.2931093871773944        5.3977386991874772E-002
   2.3024693364336155        5.3739194221138979E-002
   2.3118674908668622        5.3499921408856177E-002
   2.3213040064219506        5.3259615496979773E-002
   2.3307790396802273        5.3018322738995594E-002
   2.3402927478621649        5.2776088702917265E-002
   2.3498452888299783        5.2532958274457559E-002
   2.3594368210902377        5.2288975660368942E-002
   2.3690675037965030        5.2044184391945560E-002
   2.3787374967519588        5.1798627328681027E-002
   2.3884469604120731        5.1552346662072729E-002
   2.3981960558872570        5.1305383919568785E-002
   2.4079849449455333        5.1057779968649693E-002
   2.4178137900152290        5.0809575021038396E-002
   2.4276827541876669        5.0560808637032821E-002
   2.4375920012198664        5.0311519729955644E-002
   2.4475416955372706        5.0061746570713793E-002
   2.4575320022364697        4.9811526792463728E-002
   2.4675630870879357        4.9560897395376231E-002
   2.4776351165387829        4.9309894751494714E-002
   2.4877482577155234        4.9058554609682989E-002
   2.4979026784268394        4.8806912100656887E-002
   2.5080985471663721        4.8555001742094268E-002
   2.5183360331155162        4.8302857443819548E-002
   2.5286153061462220        4.8050512513057690E-002
   2.5389365368238228        4.7797999659751803E-002
   2.5492998964098588        4.7545351001943154E-002
   2.5597055568649218        4.7292598071205873E-002
   2.5701536908515048        4.7039771818133673E-002
   2.5806444717368717        4.6786902617875159E-002
   2.5911780735959340        4.6534020275712247E-002
   2.6017546712141315        4.6281154032680009E-002
   2.6123744400903441        4.6028332571221318E-002
   2.6230375564397970        4.5775584020959430E-002
   2.6337441971969815        4.5522935964094097E-002
   2.6444945400185995        4.5270415441611749E-002
   2.6552887632865070        4.5018048958751521E-002
   2.6661270461106703        4.4765862490864818E-002
   2.6770095683321458        4.4513881489218476E-002
   2.6879365105260575        4.4262130886811885E-002
   2.6989080540045989        4.4010635104204679E-002
   2.7099243808200328        4.3759418055352793E-002
   2.7209856737677236        4.3508503153449847E-002
   2.7320921163891634        4.3257913316771382E-002
   2.7432438929750149        4.3007670974519914E-002
   2.7544411885681774        4.2757798072667358E-002
   2.7656841889668535        4.2508316079793759E-002
   2.7769730807276272        4.2259245992919262E-002
   2.7883080511685678        4.2010608343327545E-002
   2.7996892883723348        4.1762423202378315E-002
   2.8111169811892935        4.1514710187307818E-002
   2.8225913192406575        4.1267488467013780E-002
   2.8341124929216317        4.1020776767824493E-002
   2.8456806934045655        4.0774593379250462E-002
   2.8572961126421350        4.0528956159714413E-002
   2.8689589433705232        4.0283882542261347E-002
   2.8806693791126143        4.0039389540244885E-002
   2.8924276141812122        3.9795493752989339E-002
   2.9042338436822610        3.9552211371425644E-002
   2.9160882635180831        3.9309558183699911E-002
   2.9279910703906258        3.9067549580753702E-002
   2.9399424618047334        3.8826200561874025E-002
   2.9519426360714194        3.8585525740212387E-002
   2.9639917923111532        3.8345539348272083E-002
   2.9760901304571732        3.8106255243361135E-002
   2.9882378512587997        3.7867686913011928E-002
   3.0004351562847607        3.7629847480365450E-002
   3.0126822479265480        3.7392749709518794E-002
   3.0249793294017673        3.7156406010835745E-002
   3.0373266047575087        3.6920828446219932E-002
   3.0497242788737404        3.6686028734348390E-002
   3.0621725574667020        3.6452018255866588E-002
   3.0746716470923223        3.6218808058542447E-002
   3.0872217551496384        3.5986408862380366E-002
   3.0998230898842483        3.5754831064693092E-002
   3.1124758603917613        3.5524084745131863E-002
   3.1251802766212617        3.5294179670674379E-002
   3.1379365493788032        3.5065125300568899E-002
   3.1507448903309023        3.4836930791235642E-002
   3.1636055120080444        3.4609605001123513E-002
   3.1765186278082207        3.4383156495523148E-002
   3.1894844520004644        3.4157593551334797E-002
   3.2025031997284015        3.3932924161791320E-002
   3.2155750870138298        3.3709156041135620E-002
   3.2287003307602982        3.3486296629252725E-002
   3.2418791487567020        3.3264353096256291E-002
   3.2551117596809069        3.3043332347027297E-002
   3.2683983831033703        3.2823241025709486E-002
   3.2817392394907818        3.2604085520155375E-002
   3.2951345502097307        3.2385871966327508E-002
   3.3085845375303724        3.2168606252651964E-002
   3.3220894246301196        3.1952294024325888E-002
   3.3356494355973410        3.1736940687577764E-002
   3.3492647954350852        3.1522551413880578E-002
   3.3629357300648142        3.1309131144118450E-002
   3.3766624663301439        3.1096684592705929E-002
   3.3904452320006189        3.0885216251660557E-002
   3.4042842557754875        3.0674730394628646E-002
   3.4181797672874907        3.0465231080864009E-002
   3.4321319971066844        3.0256722159159696E-002
   3.4461411767442565        3.0049207271733543E-002
   3.4602075386563675        2.9842689858066776E-002
   3.4743313162480152        2.9637173158695938E-002
   3.4885127438769019        2.9432660218958757E-002
   3.5027520568573265        2.9229153892694260E-002
   3.5170494914640815        2.9026656845895327E-002
   3.5314052849363842        2.8825171560317022E-002
   3.5458196754818094        2.8624700337038057E-002
   3.5602929022802345        2.8425245299977683E-002
   3.5748252054878202        2.8226808399365939E-002
   3.5894168262409902        2.8029391415170503E-002
   3.6040680066604258        2.7832995960477169E-002
   3.6187789898550959        2.7637623484826630E-002
   3.6335500199262847        2.7443275277506320E-002
   3.6483813419716364        2.7249952470798693E-002
   3.6632732020892336        2.7057656043185108E-002
   3.6782258473816740        2.6866386822506118E-002
   3.6932395259601685        2.6676145489079234E-002
   3.7083144869486642        2.6486932578772805E-002
   3.7234509804879772        2.6298748486037048E-002
   3.7386492577399353        2.6111593466894033E-002
   3.7539095708915569        2.5925467641883561E-002
   3.7692321731592284        2.5740370998969014E-002
   3.7846173187929102        2.5556303396400581E-002
   3.8000652630803460        2.5373264565537977E-002
   3.8155762623513128        2.5191254113631774E-002
   3.8311505739818670        2.5010271526564803E-002
   3.8467884563986092        2.4830316171552909E-002
   3.8624901690829847        2.4651387299806381E-002
   3.8782559725755825        2.4473484049151291E-002
   3.8940861284804527        2.4296605446612201E-002
   3.9099808994694594        2.4120750410955901E-002
   3.9259405492866346        2.3945917755196954E-002
   3.9419653427525452        2.3772106189064730E-002
   3.9580555457687030        2.3599314321433047E-002
   3.9742114253219660        2.3427540662712527E-002
   3.9904332494889743        2.3256783627205731E-002
   4.0067212874405893        2.3087041535425960E-002
   4.0230758094463717        2.2918312616379510E-002
   4.0394970868790629        2.2750595009812323E-002
   4.0559853922190783        2.2583886768420960E-002
   4.0725409990590427        2.2418185860028406E-002
   4.0891641821083224        2.2253490169725252E-002
   4.1058552171975808        2.2089797501976417E-002
   4.1226143812833644        2.1927105582693614E-002
   4.1394419524526915        2.1765412061274702E-002
   4.1563382099276636        2.1604714512609133E-002
   4.1733034340701094        2.1445010439050918E-002
   4.1903379063862296        2.1286297272358562E-002
   4.2074419095312638        2.1128572375603890E-002
   4.2246157273141920        2.0971833045047187E-002
   4.2418596447024361        2.0816076511983164E-002
   4.2591739478265858        2.0661299944554085E-002
   4.2765589239851547        2.0507500449532767E-002
   4.2940148616493437        2.0354675074075689E-002
   4.3115420504678283        2.0202820807445527E-002
   4.3291407812715565        2.0051934582704215E-002
   4.3468113460785895        1.9902013278376911E-002
   4.3645540380989400        1.9753053720087118E-002
   4.3823691517394279        1.9605052682162952E-002
   4.4002569826085844        1.9458006889215364E-002
   4.4182178275215458        1.9311913017689118E-002
   4.4362519845049730        1.9166767697361326E-002
   4.4543597528020111        1.9022567512931150E-002
   4.4725414328772475        1.8879309005351546E-002
   4.4907973264216903        1.8736988673361876E-002
   4.5091277363577875        1.8595602974882389E-002
   4.5275329668444471        1.8455148328404919E-002
   4.5460133232820850        1.8315621114359033E-002
   4.5645691123176864        1.8177017676452033E-002
   4.5832006418499045        1.8039334322985046E-002
   4.6019082210341660        1.7902567328144318E-002
   4.6206921602877928        1.7766712933268567E-002
   4.6395527712951647        1.7631767348092665E-002
   4.6584903670128890        1.7497726751968090E-002
   4.6775052616749795        1.7364587295059915E-002
   4.6965977707980926        1.7232345099521255E-002
   4.7157682111867478        1.7100996260645585E-002
   4.7350169009385850        1.6970536847996411E-002
   4.7543441594496505        1.6840962906515676E-002
   4.7737503074196939        1.6712270457615662E-002
   4.7932356668574805        1.6584455500222282E-002
   4.8128005610861475        1.6457514011853597E-002
   4.8324453147485658        1.6331441949620953E-002
   4.8521702538127149        1.6206235251238710E-002
   4.8719757055771122        1.6081889836007883E-002
   4.8918619986762248        1.5958401605780267E-002
   4.9118294630859394        1.5835766445903451E-002
   4.9318784301290162        1.5713980226146087E-002
   4.9520092324806102        1.5593038801604911E-002
   4.9722222041737796        1.5472938013593198E-002
   4.9925176806050207        1.5353673690510621E-002
   5.0128959985398502        1.5235241648695259E-002
   5.0333574961183860        1.5117637693258277E-002
   5.0539025128609465        1.5000857618900559E-002
   5.0745313896737043        1.4884897210712763E-002
   5.0952444688543324        1.4769752244958068E-002
   5.1160420940976774        1.4655418489838468E-002
   5.1369246105014765        1.4541891706244649E-002
   5.1578923645720769        1.4429167648489736E-002
   5.1789457042301867        1.4317242065027174E-002
   5.2000849788166388        1.4206110699153198E-002
   5.2213105390982024        1.4095769289693557E-002
   5.2426227372734004        1.3986213571675217E-002
   5.2640219269783390        1.3877439276983625E-002
   5.2855084632925946        1.3769442135004639E-002
   5.3070827027450962        1.3662217873252685E-002
   5.3287450033200381        1.3555762217984069E-002
   5.3504957244628288        1.3450070894797181E-002
   5.3723352270860527        1.3345139629218261E-002
   5.3942638735754480        1.3240964147273987E-002
   5.4162820277959387        1.3137540176050828E-002
   5.4383900550976607        1.3034863444241216E-002
   5.4605883223220175        1.2932929682677112E-002
   5.4828771978077846        1.2831734624850136E-002
   5.5052570513972130        1.2731274007421901E-002
   5.5277282544421542        1.2631543570717418E-002
   5.5502911798102446        1.2532539059211234E-002
   5.5729462018910780        1.2434256221999326E-002
   5.5956936966024218        1.2336690813259936E-002
   5.6185340413964466        1.2239838592702895E-002
   5.6414676152660075        1.2143695326008227E-002
   5.6644947987509173        1.2048256785252974E-002
   5.6876159739442613        1.1953518749327987E-002
   5.7108315244987482        1.1859477004343602E-002
   5.7341418356330687        1.1766127344024897E-002
   5.7575472941382806        1.1673465570097153E-002
   5.7810482883842447        1.1581487492660480E-002
   5.8046452083260549        1.1490188930555397E-002
   5.8283384455105089        1.1399565711718032E-002
   5.8521283930826149        1.1309613673525981E-002
   5.8760154457921070        1.1220328663134983E-002
