  0.10000000000000001        9.1681611606776015E-002
  0.10040817718110437       0.17037577981013519     
  0.10081802044832047       0.26642077030658329     
  0.10122953660223166       0.37308915491314276     
  0.10164273247117964       0.48304540101375149     
  0.10205761491137796       0.58885859161340770     
  0.10247419080702558       0.68350472073447233     
  0.10289246707042120       0.76082522160042176     
  0.10331245064207799       0.81591292230008250     
  0.10373414849083867       0.84540283551178508     
  0.10415756761399117       0.84765255500185344     
  0.10458271503738485       0.82280499102269866     
  0.10500959781554686       0.77273416848694065     
  0.10543822303179938       0.70088231219291719     
  0.10586859779837712       0.61200299755924570     
  0.10630072925654524       0.51183039164719712     
  0.10673462457671801       0.40669829551609427     
  0.10717029095857759       0.30313469018724326     
  0.10760773563119364       0.20745776646280945     
  0.10804696585314330       0.12539807421979821     
  0.10848798891263144        6.1768644992344024E-002
  0.10893081212761184        2.0200983940872330E-002
  0.10937544284590843        2.9600087623177229E-003
  0.10982188844533726        1.0845679076008419E-002
  0.11027015633382903        4.3183562551644239E-002
  0.11072025394955184        9.7901260776339427E-002
  0.11117218876103470       0.17168277175731461     
  0.11162596826729153       0.26018875068820568     
  0.11208159999794542       0.35832743915055243     
  0.11253909151335369       0.46055889095133296     
  0.11299845040473337       0.56121408656737826     
  0.11345968429428700       0.65481058664435920     
  0.11392280083532935       0.73634745570702465     
  0.11438780771241415       0.80156416514956852     
  0.11485471264146174       0.84715089325527404     
  0.11532352336988719       0.87090088413845312     
  0.11579424767672861       0.87179909605623096     
  0.11626689337277650       0.85004504857452212     
  0.11674146830070313       0.80701136274633789     
  0.11721798033519278       0.74514279344829593     
  0.11769643738307244       0.66780342101650714     
  0.11817684738344295       0.57908197729290545     
  0.11865921830781066       0.48356694426321756     
  0.11914355816021997       0.38610403643923830     
  0.11962987497738581       0.29154895477860854     
  0.12011817682882717       0.20452791027397477     
  0.12060847181700105       0.12921742131022940     
  0.12110076807743671        6.9153378660551268E-002
  0.12159507377887094        2.7077453476593183E-002
  0.12209139712338332        4.8267174856244655E-003
  0.12258974634653247        3.2699772182751552E-003
  0.12309012971749274        2.2291920833812262E-002
  0.12359255553919130        6.0823855255836445E-002
  0.12409703214844603       0.11691767880643633     
  0.12460356791610375       0.18785787972780810     
  0.12511217124717913       0.27030484374885466     
  0.12562285058099434       0.36046164265521197     
  0.12613561439131882       0.45425578710458869     
  0.12665047118650996       0.54752716559328907     
  0.12716742950965446       0.63621354231937033     
  0.12768649793870987       0.71652551666419950     
  0.12820768508664696       0.78510370816130959     
  0.12873099960159279       0.83915206360657679     
  0.12925645016697404       0.87654251988133880     
  0.12978404550166117       0.89588772530243599     
  0.13031379436011306       0.89658005130648755     
  0.13084570553252231       0.87879664496755749     
  0.13137978784496107       0.84347171659118958     
  0.13191605015952751       0.79223856859018960     
  0.13245450137449291       0.72734500486543496     
  0.13299515042444918       0.65154667777291153     
  0.13353800628045717       0.56798360788547564     
  0.13408307795019572       0.48004553736243927     
  0.13463037447811083       0.39123194943128015     
  0.13517990494556581       0.30501251344354785     
  0.13573167847099218       0.22469341573913126     
  0.13628570421004074       0.15329453756056299     
  0.13684199135573349        9.3441775104097902E-002
  0.13740054913861643        4.7278000457553815E-002
  0.13796138682691236        1.6395275182980118E-002
  0.13852451372667493        1.7899909536125413E-003
  0.13908993918194296        3.8416633587801119E-003
  0.13965767257489561        2.2315182786800225E-002
  0.14022772332600780        5.6385463592554586E-002
  0.14080010089420669       0.10468265831493762     
  0.14137481477702879       0.16535544090343157     
  0.14195187451077720       0.23614932925140053     
  0.14253128967068007       0.31449662425771263     
  0.14311306987104958       0.39761429555995231     
  0.14369722476544117       0.48260604265509555     
  0.14428376404681392       0.56656479870324006     
  0.14487269744769149       0.64667211257366808     
  0.14546403474032335       0.72029112838433951     
  0.14605778573684705       0.78505026353636231     
  0.14665396028945119       0.83891514644197374     
  0.14725256829053859       0.88024689280682566     
  0.14785361967289068       0.90784535295823798     
  0.14845712440983222       0.92097653109090527     
  0.14906309251539690       0.91938394021256942     
  0.14967153404449324       0.90328419541817695     
  0.15028245909307170       0.87334764644222762     
  0.15089587779829214       0.83066529430871017     
  0.15151180033869191       0.77670361519615738     
  0.15213023693435482       0.71324921920534390     
  0.15275119784708088       0.64234549740636759     
  0.15337469338055626       0.56622355513983880     
  0.15400073388052446       0.48722979362585950     
  0.15462932973495802       0.40775248861833069     
  0.15526049137423079       0.33014962950005478     
  0.15589422927129087       0.25668013211837515     
  0.15653055394183482       0.18944033260174564     
  0.15716947594448166       0.13030741728792294     
  0.15781100588094832        8.0891156368187334E-002
  0.15845515439622559        4.2494996878658764E-002
  0.15910193217875471        1.6087245182337728E-002
  0.15975134996060453        2.2827406519124738E-003
  0.16040341851764989        1.3351007871956755E-003
  0.16105814866975027        1.3139312475356713E-002
  0.16171555128092935        3.7244162407247705E-002
  0.16237563725955523        7.2873748419237883E-002
  0.16303841755852153       0.11895709799768883     
  0.16370390317542910       0.17416474421408590     
  0.16437210515276834       0.23695097539373533     
  0.16504303457810285       0.30560038392778732     
  0.16571670258425286       0.37827729158854018     
  0.16639312034948034       0.45307662208555821     
  0.16707229909767446       0.52807482393150362     
  0.16775425009853762       0.60137951459584260     
  0.16843898466777257       0.67117661629841430     
  0.16912651416727026       0.73577387994948062     
  0.16981685000529834       0.79363984160656720     
  0.17051000363669019       0.84343742009263156     
  0.17120598656303537       0.88405153974613937     
  0.17190481033287031       0.91461034338012437     
  0.17260648654186983       0.93449974236673905     
  0.17331102683303970       0.94337122862688561     
  0.17401844289690985       0.94114304292060746     
  0.17472874647172817       0.92799495144827504     
  0.17544194934365545       0.90435702520353189     
  0.17615806334696094       0.87089294119630678     
  0.17687710036421864       0.82847842964726859     
  0.17759907232650440       0.77817557523327241     
  0.17832399121359424       0.72120374274018262     
  0.17905186905416270       0.65890793794266289     
  0.17978271792598266       0.59272543360812135     
  0.18051654995612570       0.52415148913211396     
  0.18125337732116351       0.45470497179921032     
  0.18199321224736950       0.38589464973362697     
  0.18273606701092207       0.31918687325697959     
  0.18348195393810826       0.25597529482603210     
  0.18423088540552804       0.19755320035245227     
  0.18498287384029991       0.14508893896367014     
  0.18573793172026712        9.9604846621511589E-002
  0.18649607157420448        6.1959963905550697E-002
  0.18725730598202642        3.2836752028912231E-002
  0.18802164757499584        1.2731915983710484E-002
  0.18878910903593346        1.9513516281172150E-003
  0.18955970309942835        6.0914633362363357E-004
  0.19033344255204943        8.6304820782092673E-003
  0.19111034023255730        2.5758216915914844E-002
  0.19189040903211749        5.1562856629035481E-002
  0.19267366189451438        8.5455573864619772E-002
  0.19346011181636599       0.12670388769793062     
  0.19424977184733941       0.17444958262522903     
  0.19504265509036750       0.22772842250000902     
  0.19583877470186650       0.28549120170199993     
  0.19663814389195391       0.34662567247928622     
  0.19744077592466802       0.40997889336429783     
  0.19824668411818794       0.47437955811935972     
  0.19905588184505443       0.53865988697530343     
  0.19986838253239200       0.60167669105046895     
  0.20068419966213161       0.66233125576882101     
  0.20150334677123438       0.71958772878232713     
  0.20232583745191612       0.77248974127258418     
  0.20315168535187320       0.82017503749137743     
  0.20398090417450848       0.86188793495581129     
  0.20481350767915915       0.89698948584100813     
  0.20564950968132489       0.92496525787170747     
  0.20648892405289709       0.94543069953700443     
  0.20733176472238896       0.95813409895836421     
  0.20817804567516671       0.96295718754173676     
  0.20902778095368180       0.95991347805063931     
  0.20988098465770355       0.94914446146322784     
  0.21073767094455342       0.93091381753982749     
  0.21159785402933992       0.90559982015001306     
  0.21246154818519422       0.87368613991134025     
  0.21332876774350720       0.83575126349333528     
  0.21419952709416737       0.79245676104739049     
  0.21507384068579924       0.74453464072722531     
  0.21595172302600341       0.69277403233018997     
  0.21683318868159726       0.63800744094914941     
  0.21771825227885655       0.58109680646639283     
  0.21860692850375804       0.52291959608006011     
  0.21949923210222347       0.46435514520443733     
  0.22039517788036408       0.40627144742940957     
  0.22129478070472614       0.34951257718203343     
  0.22219805550253774       0.29488690973636522     
  0.22310501726195672       0.24315628269939471     
  0.22401568103231900       0.19502622148907167     
  0.22493006192438844       0.15113732903083721     
  0.22584817511060773       0.11205791732910264     
  0.22677003582534988        7.8277936093655520E-002
  0.22769565936517111        5.0204231563826807E-002
  0.22862506108906488        2.8157147390367343E-002
  0.22955825641871638        1.2368459185922109E-002
  0.23049526083875860        2.9806153849402106E-003
  0.23143608989702943        4.7239568957135880E-005
  0.23238075920482931        3.5348335831346667E-003
  0.23332928443718048        1.3325606726449890E-002
  0.23428168133308711        2.9221344135918259E-002
  0.23523796569579644        5.0948217264630169E-002
  0.23619815339306083        7.8162431100027518E-002
  0.23716226035740115       0.11045659647788431     
  0.23813030258637141       0.14736671148433089     
  0.23910229614282377       0.18837963344279540     
  0.24007825715517533       0.23294092227186958     
  0.24105820181767584       0.28046293696892255     
  0.24204214639067612       0.33033306950372887     
  0.24303010720089804       0.38192200435987533     
  0.24402210064170560       0.43459189719516444     
  0.24501814317337661       0.48770437245085096     
  0.24601825132337590       0.54062824706553947     
  0.24702244168662996       0.59274689558140414     
  0.24803073092580163       0.64346518070708181     
  0.24904313577156709       0.69221588266518541     
  0.25005967302289334       0.73846557024776249     
  0.25108035954731700       0.78171986628354451     
  0.25210521228122396       0.82152807004573980     
  0.25313424823013059       0.85748710886810042     
  0.25416748446896609       0.88924480076978885     
  0.25520493814235545       0.91650241910645991     
  0.25624662646490398       0.93901655906958847     
  0.25729256672148348       0.95660031416211089     
  0.25834277626751834       0.96912377851419451     
  0.25939727252927380       0.97651389800776311     
  0.26045607300414547       0.97875369960427416     
  0.26151919526094891       0.97588093398160436     
  0.26258665694021183       0.96798617155809119     
  0.26365847575446660       0.95521039620160586     
  0.26473466948854396       0.93774214438586390     
  0.26581525599986822       0.91581424027161262     
  0.26690025321875377       0.88970017917204236     
  0.26798967914870253       0.85971021313310891     
  0.26908355186670235       0.82618719295047449     
  0.27018188952352734       0.78950222089169175     
  0.27128471034403900       0.75005016773686028     
  0.27239203262748851       0.70824510653856665     
  0.27350387474782023       0.66451571378186725     
  0.27462025515397709       0.61930068644897118     
  0.27574119237020622       0.57304422091461438     
  0.27686670499636645       0.52619159667055593     
  0.27799681170823720       0.47918490465685359     
  0.27913153125782791       0.43245895651642419     
  0.28027088247368953       0.38643740744147503     
  0.28141488426122702       0.34152912149746451     
  0.28256355560301261       0.29812480444076417     
  0.28371691555910122       0.25659392513785706     
  0.28487498326734656       0.21728194279042501     
  0.28603777794371876       0.18050785331287700     
  0.28720531888262307       0.14656206443446762     
  0.28837762545721990       0.11570460544130912     
  0.28955471711974690        8.8163673964410161E-002
  0.29073661340184104        6.4134518885414660E-002
  0.29192333391486291        4.3778655294701929E-002
  0.29311489835022253        2.7223404516604766E-002
  0.29431132647970543        1.4561749529021228E-002
  0.29551263815580109        5.8524936622206258E-003
  0.29671885331203263        1.1207082726941708E-003
  0.29792999196328690        3.5845315827787161E-004
  0.29914607420614708        3.5257518129354626E-003
  0.30036712021922612        1.0551802213304762E-002
  0.30159315026350136        2.1336402681512934E-002
  0.30282418468265071        3.5751571474546662E-002
  0.30406024390339059        5.3643338102197680E-002
  0.30530134843581452        7.4833683964026676E-002
  0.30654751887373349        9.9122609709729637E-002
  0.30779877589501764       0.12629030675450048     
  0.30905514026193970       0.15609941060753230     
  0.31031663282151906       0.18829731408344186     
  0.31158327450586787       0.22261851904722907     
  0.31285508633253861       0.25878700607804617     
  0.31413208940487242       0.29651860230869020     
  0.31541430491234945       0.33552332869052570     
  0.31670175413094059       0.37550770903016495     
  0.31799445842346041       0.41617702432972403     
  0.31929243923992134       0.45723749721928209     
  0.32059571811789023       0.49839839258430696     
  0.32190431668284508       0.53937402184612493     
  0.32321825664853443       0.57988563973658080     
  0.32453755981733712       0.61966322380450534     
  0.32586224808062436       0.65844712828952801     
  0.32719234341912323       0.69598960538557364     
  0.32852786790328065       0.73205618828145469     
  0.32986884369363056       0.76642693169925424     
  0.33121529304116082       0.79889750694348216     
  0.33256723828768275       0.82928014971741482     
  0.33392470186620210       0.85740446015023986     
  0.33528770630129073       0.88311805560352830     
  0.33665627420946076       0.90628707788339291     
  0.33803042829953994       0.92679655747024181     
  0.33941019137304806       0.94455063828898100     
  0.34079558632457546       0.95947266737559522     
  0.34218663614216327       0.97150515454984954     
  0.34358336390768413       0.98060960787731910     
  0.34498579279722608       0.98676625129708662     
  0.34639394608147639       0.98997363130426430     
  0.34780784712610791       0.99024812001054641     
  0.34922751939216706       0.98762332226250305     
  0.35065298643646264       0.98214939477859975     
  0.35208427191195729       0.97389228547452711     
  0.35352139956815942       0.96293290128522857     
  0.35496439325151735       0.94936621286442802     
  0.35641327690581565       0.93330030455199342     
  0.35786807457257153       0.91485537795005378     
  0.35932881039143427       0.89416271734430097     
  0.36079550860058590       0.87136362505167808     
  0.36226819353714296       0.84660833457388962     
  0.36374688963756052       0.82005490919205304     
  0.36523162143803800       0.79186813335602979     
  0.36672241357492547       0.76221840390644180     
  0.36821929078513355       0.73128062782274739     
  0.36972227790654283       0.69923313282100352     
  0.37123139987841652       0.66625659673428417     
  0.37274668174181458       0.63253300120104350     
  0.37426814864000829       0.59824461476608204     
  0.37579582581889864       0.56357301006834959     
  0.37732973862743413       0.52869811935390199     
  0.37886991251803198       0.49379733211313670     
  0.38041637304700071       0.45904463820319474     
  0.38196914587496344       0.42460981938110198     
  0.38352825676728425       0.39065769174387399     
  0.38509373159449567       0.35734740115103647     
  0.38666559633272773       0.32483177329459989     
  0.38824387706413899       0.29325671968373435     
  0.38982859997734975       0.26276070042805366     
  0.39141979136787586       0.23347424433595187     
  0.39301747763856587       0.20551952649404781     
  0.39462168530003849       0.17901000316209559     
  0.39623244097112265       0.15405010350517034     
  0.39784977137929967       0.13073497739242357     
  0.39947370336114574       0.10915029822016098     
  0.40110426386277853        8.9372119465996214E-002
  0.40274147994030307        7.1466783451770044E-002
  0.40438537876026137        5.5490880584597946E-002
  0.40603598760008325        4.1491257158899675E-002
  0.40769333384853856        2.9505069636632353E-002
  0.40935744500619187        1.9559883178144610E-002
  0.41102834868585908        1.1673812071811618E-002
  0.41270607261306486        5.8556996060483701E-003
  0.41439064462650332        2.1053348421684603E-003
  0.41608209267850005        4.1370367992032975E-004
  0.41778044483547516        7.6327155879507558E-004
  0.41948572927840988        3.1282951064409703E-003
  0.42119797430331363        7.4751600299811649E-003
  0.42291720832169355        1.3762742545739060E-002
  0.42464345986102636        2.1942791656929139E-002
  0.42637675756523108        3.1960329616309346E-002
  0.42811713019514508        4.3754067950669828E-002
  0.42986460662900056        5.7256836475343187E-002
  0.43161921586290408        7.2396022788690062E-002
  0.43338098701131811        8.9094019807807179E-002
  0.43514994930754325       0.10726867898648840     
  0.43692613210420378       0.12683376694385640     
  0.43870956487373508       0.14769942332615738     
  0.44050027720887197       0.16977261782390507     
  0.44229829882313998       0.19295760437135001     
  0.44410365955134889       0.21715637066380089     
  0.44591638935008682       0.24226908124031987     
  0.44773651829821842       0.26819451249357207     
  0.44956407659738296       0.29483047808471607     
  0.45139909457249600       0.32207424335818280     
  0.45324160267225266       0.34982292746859822     
  0.45509163146963244       0.37797389204922305     
  0.45694921166240710       0.40642511536750525     
  0.45881437407364939       0.43507555102819884     
  0.46068714965224478       0.46382547039756183     
  0.46256756947340538       0.49257678803280580     
  0.46445566473918498       0.52123336950888155     
  0.46635146677899686       0.54970132113967263     
  0.46825500705013429       0.57788926119206330     
  0.47016631713829160       0.60570857228908781     
  0.47208542875808879       0.63307363479233225     
  0.47401237375359806       0.65990204104328787     
  0.47594718409887132       0.68611479042873946     
  0.47788989189847175       0.71163646531625058     
  0.47984052938800570       0.73639538798182280     
  0.48179912893465782       0.76032375872378877     
  0.48376572303772875       0.78335777542353102     
  0.48574034432917323       0.80543773487595971     
  0.48772302557414277       0.82650811627012766     
  0.48971379967152823       0.84651764725280132     
  0.49171269965450648       0.86541935305612816     
  0.49371975869108847       0.88317058921357694     
  0.49573501008466908       0.89973305842744666     
  0.49775848727458005       0.91507281218549275     
  0.49979022383664523       0.92916023775432954     
  0.50183025348373689       0.94197003120314005     
  0.50387861006633561       0.95348115713309955     
  0.50593532757309234       0.96367679580569843     
  0.50800044013139123       0.97254427837741264     
  0.51007398200791731       0.98007501095862937     
  0.51215598760922409       0.98626438822187745     
  0.51424649148230461       0.99111169728827320     
  0.51634552831516523       0.99462001262186062     
  0.51845313293740036       0.99679608265941333     
  0.52056934032077162       0.99765020889842626     
  0.52269418557978653       0.99719611815864850     
  0.52482770397228251       0.99545082872279411     
  0.52696993090001132       0.99243451105014480     
  0.52912090190922667       0.98817034374286683     
  0.53128065269127367       0.98268436542913740     
  0.53344921908318188       0.97600532320978317     
  0.53562663706825886       0.96816451829630390     
  0.53781294277668812       0.95919564944790325     
  0.54000817248612853       0.94913465479387726     
  0.54221236262231554       0.93801955260529135     
  0.54442554975966673       0.92589028155667275     
  0.54664777062188774       0.91278854099450257     
  0.54887906208258186       0.89875763170476108     
  0.55111946116586275       0.88384229764676370     
  0.55336900504696696       0.86808856909526788     
  0.55562773105287300       0.85154360760718262     
  0.55789567666291884       0.83425555320368927     
  0.56017287950942463       0.81627337413283996     
  0.56245937737831742       0.79764671955214461     
  0.56475520820975744       0.77842577544534941     
  0.56706041009876806       0.75866112406239838     
  0.56937502129586803       0.73840360714688580     
  0.57169908020770599       0.71770419319088019     
  0.57403262539769728       0.69661384893319134     
  0.57637569558666502       0.67518341529373682     
  0.57872832965348131       0.65346348791399356     
  0.58109056663571335       0.63150430245133471     
  0.58346244573027040       0.60935562475370475     
  0.58584400629405475       0.58706664602025715     
  0.58823528784461476       0.56468588303372891     
  0.59063633006079996       0.54226108353107794     
  0.59304717278342045       0.51983913676046511     
  0.59546785601590702       0.49746598925522167     
  0.59789841992497528       0.47518656583850782     
  0.60033890484129260       0.45304469585661467     
  0.60278935126014666       0.43108304462368319     
  0.60524979984211758       0.40934305004643945     
  0.60772029141375294       0.38786486438415524     
  0.61020086696824494       0.36668730108644521     
  0.61269156766611022       0.34584778663996829     
  0.61519243483587394       0.32538231734395395     
  0.61770350997475421       0.30532542092473214     
  0.62022483474935197       0.28571012288984943     
  0.62275645099634114       0.26656791751417097     
  0.62529840072316345       0.24792874334240600     
  0.62785072610872605       0.22982096308569910     
  0.63041346950409982       0.21227134778359358     
  0.63298667343322390       0.19530506509717449     
  0.63557038059361004       0.17894567159433239     
  0.63816463385705124       0.16321510888390300     
  0.64076947627033398       0.14813370345187005     
  0.64338495105595150       0.13372017004986558     
  0.64601110161282127       0.11999161848382889     
  0.64864797151700582       0.10696356364890902     
  0.65129560452243462        9.4649938655339327E-002
  0.65395404456163087        8.3063110889333269E-002
  0.65662333574644061        7.2213900852658219E-002
  0.65930352236876377        6.2111603624774303E-002
  0.66199464890129045        5.2764012791936432E-002
  0.66469675999823752        4.4177446688720368E-002
  0.66740990049609028        3.6356776798671109E-002
  0.67013411541434675        2.9305458162589115E-002
  0.67286944995626363        2.3025561644924752E-002
  0.67561594950960757        1.7517807911074379E-002
  0.67837365964740748        1.2781602971009942E-002
  0.68114262612871068        8.8150751474929123E-003
  0.68392289489934310        5.6151133302091427E-003
  0.68671451209267076        3.1774063804687058E-003
  0.68951752403036504        1.4964835545444588E-003
  0.69233197722317286        5.6575581742879244E-004
  0.69515791837168661        3.7755792252569531E-004
  0.69799539436711988        9.2319113671135433E-004
  0.70084445229208592        2.1929664942594851E-003
  0.70370513942137802        4.1762484672004385E-003
  0.70657750322275481        6.8614989438972041E-003
  0.70946159135772713        1.0236321411862814E-002
  0.71235745168234910        1.4287505245143217E-002
  0.71526513224801314        1.9001070000914333E-002
  0.71818468130224533        2.4362309634254786E-002
  0.72111614728950835        3.0355836544475379E-002
  0.72405957885200312        3.6965625370612987E-002
  0.72701502483047720        4.4175056458114259E-002
  0.72998253426503557        5.1966958922971096E-002
  0.73296215639595286        6.0323653243804176E-002
  0.73595394066449149        6.9226993316644392E-002
  0.73895793671372234        7.8658407911260442E-002
  0.74197419438934753        8.8598941471951465E-002
  0.74500276374052765        9.9029294209770469E-002
  0.74804369502071344       0.10992986143705896     
  0.75109703868847777       0.12128077209896093     
  0.75416284540835488       0.13306192646046089     
  0.75724116605167924       0.14525303291099634     
  0.76033205169743068       0.15783364385241583     
  0.76343555363308235       0.17078319063940384     
  0.76655172335545019       0.18408101754488115     
  0.76968061257154952       0.19770641472619488     
  0.77282227319945096       0.21163865017096695     
  0.77597675736914307       0.22585700060456015     
  0.77914411742339751       0.24034078134404346     
  0.78232440591863694       0.25506937508628669     
  0.78551767562580699       0.27002225962059445     
  0.78872397953125306       0.28517903445876358     
  0.79194337083759792       0.30051944637801786     
  0.79517590296462559       0.31602341387455402     
  0.79842162955016782       0.33167105052767298     
  0.80168060445099321       0.34744268727665972     
  0.80495288174370172       0.36331889361447278     
  0.80823851572562166       0.37928049770437655     
  0.81153756091571005       0.39530860542724200     
  0.81485007205545901       0.41138461836913909     
  0.81817610410980179       0.42749025076025360     
  0.82151571226802678       0.44360754537775871     
  0.82486895194469190       0.45971888842663311     
  0.82823587878054472       0.47580702341362757     
  0.83161654864344625       0.49185506403091861     
  0.83501101762929653       0.50784650606689219     
  0.83841934206296653       0.52376523836273159     
  0.84184157849923302       0.53959555283416394     
  0.84527778372371576       0.55532215357877912     
  0.84872801475382054       0.57093016508989258     
  0.85219232883968588       0.58640513959875407     
  0.85567078346513115       0.60173306356737033     
  0.85916343634861292       0.61690036335484455     
  0.86267034544418009       0.63189391008047768     
  0.86619156894243732       0.64670102370736671     
  0.86972716527151039       0.66130947637046078     
  0.87327719309801433       0.67570749497334137     
  0.87684171132802924       0.68988376307820420     
  0.88042077910807537       0.70382742211357252     
  0.88401445582609561       0.71752807192449519     
  0.88762280111244185       0.73097577068987529     
  0.89124587484086226       0.74416103423165469     
  0.89488373712949654       0.75707483474048687     
  0.89853644834187318       0.76970859894242183     
  0.90220406908791040       0.78205420573099249     
  0.90588666022492215       0.79410398328891452     
  0.90958428285862880       0.80585070572336348     
  0.91329699834416944       0.81728758923859446     
  0.91702486828712149       0.82840828786931653     
  0.92076795454452198       0.83920688879799210     
  0.92452631922589401       0.84967790727883807     
  0.92830002469427830       0.85981628119098152     
  0.93208913356726641       0.86961736524278976     
  0.93589370871804145       0.87907692484905808     
  0.93971381327641990       0.88819112970223490     
  0.94354951062989978       0.89695654705846772     
  0.94740086442471305       0.90537013475880890     
  0.95126793856688030       0.91342923400538134     
  0.95515079722327212       0.92113156191190981     
  0.95904950482267404       0.92847520384746762     
  0.96296412605685466       0.93545860559179150     
  0.96689472588163972       0.94208056532005024     
  0.97084136951799027       0.94834022543439600     
  0.97480412245308368       0.95423706425910682     
  0.97878305044140190       0.95977088761564877     
  0.98277821950582100       0.96494182029340314     
  0.98678969593870736       0.96975029743132113     
  0.99081754630301844       0.97419705582522065     
  0.99486183743340539       0.97828312517491267     
  0.99892263643732426       0.98200981928483699     
   1.0030000106961476       0.98537872723134112     
   1.0070940278662834       0.98839170450924163     
   1.0112047558802988       0.99105086416977339     
   1.0153322629480441       0.99335856796153454     
   1.0194766175577885       0.99531741748553126     
   1.0236378884773538       0.99693024537491892     
   1.0278161447552574       0.99820010650955915     
   1.0320114557218547       0.99913026927501569     
   1.0362238909904942       0.99972420687514840     
   1.0404535204586696       0.99998558870698684     
   1.0447004143091787       0.99991827180611170     
   1.0489646430112913       0.99952629237032287     
   1.0532462773219167       0.99881385736892614     
   1.0575453882867758       0.99778533624454813     
   1.0618620472415838       0.99644525271395834     
   1.0661963258132321       0.99479827667397469     
   1.0705482959209747       0.99284921621811928     
   1.0749180297776255       0.99060300976930604     
   1.0793055998907541       0.98806471833345977     
   1.0837110790638902       0.98523951787859432     
   1.0881345403977287       0.98213269184352436     
   1.0925760572913470       0.97874962378002528     
   1.0970357034434204       0.97509579013192660     
   1.1015135528534441       0.97117675315430840     
   1.1060096798229635       0.96699815397561684     
   1.1105241589568067       0.96256570580525480     
   1.1150570651643195       0.95788518728887795     
   1.1196084736606120       0.95296243601334718     
   1.1241784599678060       0.94780334216303186     
   1.1287670999162849       0.94241384232886494     
   1.1333744696459565       0.93679991347132541     
   1.1380006456075142       0.93096756703826378     
   1.1426457045637044       0.92492284323826346     
   1.1473097235906025       0.91867180546999372     
   1.1519927800788912       0.91222053490781208     
   1.1566949517351428       0.90557512524367001     
   1.1614163165831117       0.89874167758514967     
   1.1661569529650266       0.89172629550933225     
   1.1709169395428922       0.88453508027196526     
   1.1756963552997917       0.87717412617126378     
   1.1804952795412009       0.86964951606549956     
   1.1853137918963028       0.86196731704341134     
   1.1901519723193061       0.85413357624629827     
   1.1950099010907769       0.84615431684052500     
   1.1998876588189678       0.83803553413908427     
   1.2047853264411541       0.82978319187067284     
   1.2097029852249803       0.82140321859469634     
   1.2146407167698074       0.81290150426046759     
   1.2195986030080641       0.80428389690879087     
   1.2245767262066105       0.79555619951401435     
   1.2295751689681005       0.78672416696458825     
   1.2345940142323542       0.77779350318002238     
   1.2396333452777308       0.76876985836215850     
   1.2446932457225151       0.75965882637850490     
   1.2497737995263021       0.75046594227542340     
   1.2548750909913893       0.74119667991881566     
   1.2599972047641785       0.73185644975997621     
   1.2651402258365791       0.72245059672419121     
   1.2703042395474162       0.71298439821967330     
   1.2754893315838498       0.70346306226431432     
   1.2806955879827961       0.69389172572778701     
   1.2859230951323521       0.68427545268648049     
   1.2911719397732333       0.67461923288868197     
   1.2964422090002106       0.66492798032748446     
   1.3017339902635547       0.65520653191884215     
   1.3070473713704895       0.64545964628216823     
   1.3123824404866489       0.63569200262092385     
   1.3177392861375357       0.62590819970059974     
   1.3231179972099965       0.61611275492149087     
   1.3285186629536925       0.60631010348372061     
   1.3339413729825829       0.59650459764190167     
   1.3393862172764077       0.58670050604692947     
   1.3448532861821869       0.57690201317228584     
   1.3503426704157151       0.56711321882240506     
   1.3558544610630672       0.55733813772052376     
   1.3613887495821120       0.54758069917355301     
   1.3669456278040288       0.53784474681150440     
   1.3725251879348284       0.52813403839899897     
   1.3781275225568879       0.51845224571646620     
   1.3837527246304846       0.50880295450861768     
   1.3894008874953359       0.49918966449784996     
   1.3950721048721533       0.48961578946020701     
   1.4007664708641934       0.48008465736165584     
   1.4064840799588225       0.47059951055234317     
   1.4122250270290799       0.46116350601664402     
   1.4179894073352572       0.45177971567678032     
   1.4237773165264773       0.44245112674782638     
   1.4295888506422783       0.43318064214203522     
   1.4354241061142121       0.42397108092030467     
   1.4412831797674421       0.41482517878881031     
   1.4471661688223481       0.40574558863874344     
   1.4530731708961429       0.39673488112719635     
   1.4590042840044910       0.38779554529725357     
   1.4649596065631323       0.37892998923540622     
   1.4709392373895191       0.37014054076440184     
   1.4769432757044543       0.36142944816975553     
   1.4829718211337348       0.35279888095812173     
   1.4890249737098105       0.34425093064579881     
   1.4951028338734396       0.33578761157566950     
   1.5012055024753554       0.32741086176094636     
   1.5073330807779428       0.31912254375407234     
   1.5134856704569155       0.31092444553924559     
   1.5196633736030056       0.30281828144701428     
   1.5258662927236537       0.29480569308946236     
   1.5320945307447145       0.28688825031452858     
   1.5383481910121630       0.27906745217805373     
   1.5446273772938062       0.27134472793220166     
   1.5509321937810101       0.26372143802887782     
   1.5572627450904259       0.25619887513691952     
   1.5636191362657244       0.24877826517174650     
   1.5700014727793419       0.24146076833628782     
   1.5764098605342303       0.23424748017199915     
   1.5828444058656099       0.22713943261883762     
   1.5893052155427401       0.22013759508308040     
   1.5957923967706868       0.21324287551192600     
   1.6023060571921037       0.20645612147384573     
   1.6088463048890147       0.19977812124370786     
   1.6154132483846122       0.19320960489167427     
   1.6220069966450557       0.18675124537497945     
   1.6286276590812767       0.18040365963169391     
   1.6352753455508005       0.17416740967558497     
   1.6419501663595648       0.16804300369128455     
   1.6486522322637496       0.16203089712894569     
   1.6553816544716176       0.15613149379763025     
   1.6621385446453594       0.15034514695668943     
   1.6689230149029417       0.14467216040444919     
   1.6757351778199741       0.13911278956350204     
   1.6825751464315746       0.13366724256198348     
   1.6894430342342412       0.12833568131020456     
   1.6963389551877424       0.12311822257205307     
   1.7032630237170037       0.11801493903059723     
   1.7102153547140044       0.11302586034737028     
   1.7171960635396897       0.10815097421480468     
   1.7242052660258809       0.10339022740134629     
   1.7312430784771990        9.8743526788785285E-002
   1.7383096176729915        9.4210740401364679E-002
   1.7454050008692747        8.9791698426246236E-002
   1.7525293458006783        8.5486194224958734E-002
   1.7596827706823941        8.1293985335450736E-002
   1.7668653942121444        7.7214794464390391E-002
   1.7740773355721486        7.3248310469408939E-002
   1.7813187144310982        6.9394189330957867E-002
   1.7885896509461472        6.5652055113513796E-002
   1.7958902657649043        6.2021500915845351E-002
   1.8032206800274309        5.8502089810103852E-002
   1.8105810153682576        5.5093355769508912E-002
   1.8179713939183981        5.1794804584405663E-002
   1.8253919383073787        4.8605914766501446E-002
   1.8328427716652678        4.5526138441111419E-002
   1.8403240176247260        4.2554902227229574E-002
   1.8478358003230537        3.9691608105288489E-002
   1.8553782444042495        3.6935634272480256E-002
   1.8629514750210820        3.4286335985497796E-002
   1.8705556178371661        3.1743046390608431E-002
   1.8781907990290427        2.9305077340959551E-002
   1.8858571452882809        2.6971720201038440E-002
   1.8935547838235744        2.4742246638213339E-002
   1.9012838423628520        2.2615909401315748E-002
   1.9090444491554013        2.0591943086191278E-002
   1.9168367329739937        1.8669564888217693E-002
   1.9246608231170197        1.6847975341746646E-002
   1.9325168494106386        1.5126359046458648E-002
   1.9404049422109304        1.3503885380646508E-002
   1.9483252324060565        1.1979709201401012E-002
   1.9562778514184365        1.0552971531754385E-002
   1.9642629312069249        9.2228002347688465E-003
   1.9722806042690040        7.9883106746330146E-003
   1.9803310036429771        6.8486063647754669E-003
   1.9884142629101824        5.8027796030873935E-003
   1.9965305161972071        4.8499120942556706E-003
   2.0046798981781091        3.9890755593151583E-003
   2.0128625440766581        3.2193323324594125E-003
   2.0210785896685763        2.5397359452010715E-003
   2.0293281712837890        1.9493316979490860E-003
   2.0376114258086915        1.4471572191038229E-003
   2.0459284906884188        1.0322430117433168E-003
   2.0542795039291217        7.0361298801746575E-004
   2.0626646041002639        4.6028499133410339E-004
   2.0710839303369175        3.0127130645174471E-004
   2.0795376223420732        2.2557915758114611E-004
   2.0880258203889532        2.3221119462679685E-004
   2.0965486653233478        3.2016596765649386E-004
   2.1051062985659468        4.8843838974499398E-004
   2.1136988621146831        7.3602018831253613E-004
   2.1223264985470975        1.0619003450694775E-003
   2.1309893510226989        1.4650655247062661E-003
   2.1396875632853374        1.9445004924742992E-003
   2.1484212796655959        2.4991885207638065E-003
   2.1571906450831819        3.1281117848407369E-003
   2.1659958050493291        3.8302517478704390E-003
   2.1748369056692178        4.6045895353652444E-003
   2.1837140936443968        5.4501062992093896E-003
   2.1926275162752127        6.3657835713941680E-003
   2.2015773214632635        7.3506036076113057E-003
   2.2105636577138457        8.4035497208575505E-003
   2.2195866741384194        9.5236066051804791E-003
   2.2286465204570853        1.0709760649736166E-002
   2.2377433470010675        1.1961000243285058E-002
   2.2468773047152077        1.3276316069296357E-002
   2.2560485451604677        1.4654701391779823E-002
   2.2652572205164492        1.6095152332041840E-002
   2.2745034835839171        1.7596668136459437E-002
   2.2837874877873303        1.9158251435469564E-002
   2.2931093871773944        2.0778908493897741E-002
   2.3024693364336155        2.2457649452784278E-002
   2.3118674908668622        2.4193488562850973E-002
   2.3213040064219506        2.5985444409771352E-002
   2.3307790396802273        2.7832540131378702E-002
   2.3402927478621649        2.9733803626964761E-002
   2.3498452888299783        3.1688267758823607E-002
   2.3594368210902377        3.3694970546175207E-002
   2.3690675037965030        3.5752955351626481E-002
   2.3787374967519588        3.7861271060306345E-002
   2.3884469604120731        4.0018972251832929E-002
   2.3981960558872570        4.2225119365228547E-002
   2.4079849449455333        4.4478778856960610E-002
   2.4178137900152290        4.6779023352228277E-002
   2.4276827541876669        4.9124931789634285E-002
   2.4375920012198664        5.1515589559387287E-002
   2.4475416955372706        5.3950088635181248E-002
   2.4575320022364697        5.6427527699865254E-002
   2.4675630870879357        5.8947012265063714E-002
   2.4776351165387829        6.1507654784861976E-002
   2.4877482577155234        6.4108574763710902E-002
   2.4979026784268394        6.6748898858652206E-002
   2.5080985471663721        6.9427760976020547E-002
   2.5183360331155162        7.2144302362745605E-002
   2.5286153061462220        7.4897671692364609E-002
   2.5389365368238228        7.7687025145897093E-002
   2.5492998964098588        8.0511526487675455E-002
   2.5597055568649218        8.3370347136281775E-002
   2.5701536908515048        8.6262666230695562E-002
   2.5806444717368717        8.9187670691766807E-002
   2.5911780735959340        9.2144555279156437E-002
   2.6017546712141315        9.5132522643820328E-002
   2.6123744400903441        9.8150783376202200E-002
   2.6230375564397970       0.10119855605019101     
   2.6337441971969815       0.10427506726299962     
   2.6444945400185995       0.10737955167105162     
   2.6552887632865070       0.11051125202199141     
   2.6661270461106703       0.11366941918291162     
   2.6770095683321458       0.11685331216492523     
   2.6879365105260575       0.12006219814415420     
   2.6989080540045989       0.12329535247926449     
   2.7099243808200328       0.12655205872562880     
   2.7209856737677236       0.12983160864622167     
   2.7320921163891634       0.13313330221933417     
   2.7432438929750149       0.13645644764321685     
   2.7544411885681774       0.13980036133773266     
   2.7656841889668535       0.14316436794311604     
   2.7769730807276272       0.14654780031591208     
   2.7883080511685678       0.14994999952221533     
   2.7996892883723348       0.15337031482826291     
   2.8111169811892935       0.15680810368847509     
   2.8225913192406575       0.16026273173104899     
   2.8341124929216317       0.16373357274113598     
   2.8456806934045655       0.16722000864174391     
   2.8572961126421350       0.17072142947239266     
   2.8689589433705232       0.17423723336562680     
   2.8806693791126143       0.17776682652144693     
   2.8924276141812122       0.18130962317974397     
   2.9042338436822610       0.18486504559079597     
   2.9160882635180831       0.18843252398391552     
   2.9279910703906258       0.19201149653428951     
   2.9399424618047334       0.19560140932811199     
   2.9519426360714194       0.19920171632604777     
   2.9639917923111532       0.20281187932510525     
   2.9760901304571732       0.20643136791898653     
   2.9882378512587997       0.21005965945695526     
   3.0004351562847607       0.21369623900131329     
   3.0126822479265480       0.21734059928351557     
   3.0249793294017673       0.22099224065900080     
   3.0373266047575087       0.22465067106078551     
   3.0497242788737404       0.22831540595188216     
   3.0621725574667020       0.23198596827658269     
   3.0746716470923223       0.23566188841068592     
   3.0872217551496384       0.23934270411068259     
   3.0998230898842483       0.24302796046198494     
   3.1124758603917613       0.24671720982622702     
   3.1251802766212617       0.25041001178768807     
   3.1379365493788032       0.25410593309889440     
   3.1507448903309023       0.25780454762542893     
   3.1636055120080444       0.26150543629000733     
   3.1765186278082207       0.26520818701585713     
   3.1894844520004644       0.26891239466944183     
   3.2025031997284015       0.27261766100257045     
   3.2155750870138298       0.27632359459393463     
   3.2287003307602982       0.28002981079011047     
   3.2418791487567020       0.28373593164606326     
   3.2551117596809069       0.28744158586518986     
   3.2683983831033703       0.29114640873894027     
   3.2817392394907818       0.29485004208603882     
   3.2951345502097307       0.29855213419135962     
   3.3085845375303724       0.30225233974447774     
   3.3220894246301196       0.30595031977791265     
   3.3356494355973410       0.30964574160512925     
   3.3492647954350852       0.31333827875829778     
   3.3629357300648142       0.31702761092585208     
   3.3766624663301439       0.32071342388987267     
   3.3904452320006189       0.32439540946333090     
   3.4042842557754875       0.32807326542720128     
   3.4181797672874907       0.33174669546748625     
   3.4321319971066844       0.33541540911217305     
   3.4461411767442565       0.33907912166814147     
   3.4602075386563675       0.34273755415804874     
   3.4743313162480152       0.34639043325721997     
   3.4885127438769019       0.35003749123056005     
   3.5027520568573265       0.35367846586950302     
   3.5170494914640815       0.35731310042903586     
   3.5314052849363842       0.36094114356479978     
   3.5458196754818094       0.36456234927029885     
   3.5602929022802345       0.36817647681422316     
   3.5748252054878202       0.37178329067792348     
   3.5894168262409902       0.37538256049303254     
   3.6040680066604258       0.37897406097926267     
   3.6187789898550959       0.38255757188239781     
   3.6335500199262847       0.38613287791248352     
   3.6483813419716364       0.38969976868223744     
   3.6632732020892336       0.39325803864570041     
   3.6782258473816740       0.39680748703712787     
   3.6932395259601685       0.40034791781014356     
   3.7083144869486642       0.40387913957717114     
   3.7234509804879772       0.40740096554914551     
   3.7386492577399353       0.41091321347552345     
   3.7539095708915569       0.41441570558460628     
   3.7692321731592284       0.41790826852417318     
   3.7846173187929102       0.42139073330245524     
   3.8000652630803460       0.42486293522943464     
   3.8155762623513128       0.42832471385850623     
   3.8311505739818670       0.43177591292848827     
   3.8467884563986092       0.43521638030599386     
   3.8624901690829847       0.43864596792819122     
   3.8782559725755825       0.44206453174593252     
   3.8940861284804527       0.44547193166727139     
   3.9099808994694594       0.44886803150138777     
   3.9259405492866346       0.45225269890289976     
   3.9419653427525452       0.45562580531659236     
   3.9580555457687030       0.45898722592256269     
   3.9742114253219660       0.46233683958177374     
   3.9904332494889743       0.46567452878204485     
   4.0067212874405893       0.46900017958446238     
   4.0230758094463717       0.47231368157022957     
   4.0394970868790629       0.47561492778795622     
   4.0559853922190783       0.47890381470138021     
   4.0725409990590427       0.48218024213755017     
   4.0891641821083224       0.48544411323544323     
   4.1058552171975808       0.48869533439504154     
   4.1226143812833644       0.49193381522686486     
   4.1394419524526915       0.49515946850195736     
   4.1563382099276636       0.49837221010233501     
   4.1733034340701094       0.50157195897189710     
   4.1903379063862296       0.50475863706779966     
   4.2074419095312638       0.50793216931229235     
   4.2246157273141920       0.51109248354502723     
   4.2418596447024361       0.51423951047583183     
   4.2591739478265858       0.51737318363795171     
   4.2765589239851547       0.52049343934176306     
   4.2940148616493437       0.52360021662895728     
   4.3115420504678283       0.52669345722719507     
   4.3291407812715565       0.52977310550522860     
   4.3468113460785895       0.53283910842850224     
   4.3645540380989400       0.53589141551521635     
   4.3823691517394279       0.53892997879286586     
   4.4002569826085844       0.54195475275525151     
   4.4182178275215458       0.54496569431995601     
   4.4362519845049730       0.54796276278628886     
   4.4543597528020111       0.55094591979370711     
   4.4725414328772475       0.55391512928069486     
   4.4907973264216903       0.55687035744411140     
   4.5091277363577875       0.55981157269900672     
   4.5275329668444471       0.56273874563889903     
   4.5460133232820850       0.56565184899651111     
   4.5645691123176864       0.56855085760497359     
   4.5832006418499045       0.57143574835947852     
   4.6019082210341660       0.57430650017940055     
   4.6206921602877928       0.57716309397086119     
   4.6395527712951647       0.58000551258975475     
   4.6584903670128890       0.58283374080522377     
   4.6775052616749795       0.58564776526357720     
   4.6965977707980926       0.58844757445266438     
   4.7157682111867478       0.59123315866668613     
   4.7350169009385850       0.59400450997144927     
   4.7543441594496505       0.59676162217006135     
   4.7737503074196939       0.59950449076906187     
   4.7932356668574805       0.60223311294498694     
   4.8128005610861475       0.60494748751136362     
   4.8324453147485658       0.60764761488613994     
   4.8521702538127149       0.61033349705952822     
   4.8719757055771122       0.61300513756228381     
   4.8918619986762248       0.61566254143439747     
   4.9118294630859394       0.61830571519420485     
   4.9318784301290162       0.62093466680791121     
   4.9520092324806102       0.62354940565952721     
   4.9722222041737796       0.62614994252121525     
   4.9925176806050207       0.62873628952403116     
   5.0128959985398502       0.63130846012908026     
   5.0333574961183860       0.63386646909906519     
   5.0539025128609465       0.63641033247022627     
   5.0745313896737043       0.63894006752467747     
   5.0952444688543324       0.64145569276313552     
   5.1160420940976774       0.64395722787802312     
   5.1369246105014765       0.64644469372696511     
   5.1578923645720769       0.64891811230665697     
   5.1789457042301867       0.65137750672711292     
   5.2000849788166388       0.65382290118627839     
   5.2213105390982024       0.65625432094502356     
   5.2426227372734004       0.65867179230248918     
   5.2640219269783390       0.66107534257180300     
   5.2855084632925946       0.66346500005615017     
   5.3070827027450962       0.66584079402520013     
   5.3287450033200381       0.66820275469188350     
   5.3504957244628288       0.67055091318952087     
   5.3723352270860527       0.67288530154928994     
   5.3942638735754480       0.67520595267803851     
   5.4162820277959387       0.67751290033643474     
   5.4383900550976607       0.67980617911744823     
   5.4605883223220175       0.68208582442516641     
   5.4828771978077846       0.68435187245393381     
   5.5052570513972130       0.68660436016781912     
   5.5277282544421542       0.68884332528039849     
   5.5502911798102446       0.69106880623485956     
   5.5729462018910780       0.69328084218441788     
   5.5956936966024218       0.69547947297303903     
   5.6185340413964466       0.69766473911647631     
   5.6414676152660075       0.69983668178360370     
   5.6644947987509173       0.70199534277805120     
   5.6876159739442613       0.70414076452013696     
   5.7108315244987482       0.70627299002909438     
   5.7341418356330687       0.70839206290558354     
   5.7575472941382806       0.71049802731449652     
   5.7810482883842447       0.71259092796803736     
   5.8046452083260549       0.71467081010908873     
   5.8283384455105089       0.71673771949485099     
   5.8521283930826149       0.71879170238075663     
   5.8760154457921070       0.72083280550465190     
