  0.10000000000000001       0.36126382267747487     
  0.10040817718110437       0.38809826106737788     
  0.10081802044832047       0.41029699440836975     
  0.10122953660223166       0.42623218523777939     
  0.10164273247117964       0.43476068828816838     
  0.10205761491137796       0.43528835289653972     
  0.10247419080702558       0.42779320548776567     
  0.10289246707042120       0.41280789271770951     
  0.10331245064207799       0.39136458544608815     
  0.10373414849083867       0.36490796107642454     
  0.10415756761399117       0.33518375718720089     
  0.10458271503738485       0.30411163168608119     
  0.10500959781554686       0.27365163371682383     
  0.10543822303179938       0.24567349432133812     
  0.10586859779837712       0.22183723998030153     
  0.10630072925654524       0.20349240624197501     
  0.10673462457671801       0.19160150107688864     
  0.10717029095857759       0.18669147419018528     
  0.10760773563119364       0.18883493202390397     
  0.10804696585314330       0.19766083822171504     
  0.10848798891263144       0.21239258354261134     
  0.10893081212761184       0.23190970595055233     
  0.10937544284590843       0.25482827459127988     
  0.10982188844533726       0.27959407641467027     
  0.11027015633382903       0.30458228806147269     
  0.11072025394955184       0.32819727678097943     
  0.11117218876103470       0.34896652528829686     
  0.11162596826729153       0.36562336744126195     
  0.11208159999794542       0.37717418828258448     
  0.11253909151335369       0.38294690574388590     
  0.11299845040473337       0.38261882875912800     
  0.11345968429428700       0.37622329404431715     
  0.11392280083532935       0.36413574249873171     
  0.11438780771241415       0.34704103625021504     
  0.11485471264146174       0.32588478137466254     
  0.11532352336988719       0.30181216653289855     
  0.11579424767672861       0.27609832737093498     
  0.11626689337277650       0.25007448981178532     
  0.11674146830070313       0.22505413696036791     
  0.11721798033519278       0.20226320264780681     
  0.11769643738307244       0.18277784961490776     
  0.11817684738344295       0.16747278082866163     
  0.11865921830781066       0.15698230327141172     
  0.11914355816021997       0.15167556257270570     
  0.11962987497738581       0.15164654203084180     
  0.12011817682882717       0.15671861637585774     
  0.12060847181700105       0.16646270982147929     
  0.12110076807743671       0.18022746381081178     
  0.12159507377887094       0.19717929889596125     
  0.12209139712338332       0.21634987543359116     
  0.12258974634653247       0.23668822855169014     
  0.12309012971749274       0.25711477502834429     
  0.12359255553919130       0.27657445643416090     
  0.12409703214844603       0.29408648048696034     
  0.12460356791610375       0.30878843192599847     
  0.12511217124717913       0.31997292215514928     
  0.12562285058099434       0.32711540770080377     
  0.12613561439131882       0.32989230439287082     
  0.12665047118650996       0.32818903066815541     
  0.12716742950965446       0.32209810468573513     
  0.12768649793870987       0.31190787388059205     
  0.12820768508664696       0.29808285352280750     
  0.12873099960159279       0.28123697825472393     
  0.12925645016697404       0.26210131734736153     
  0.12978404550166117       0.24148796498459102     
  0.13031379436011306       0.22025189009239338     
  0.13084570553252231       0.19925251900850752     
  0.13137978784496107       0.17931673516470226     
  0.13191605015952751       0.16120482245535736     
  0.13245450137449291       0.14558066492700170     
  0.13299515042444918       0.13298725825858054     
  0.13353800628045717       0.12382830247276207     
  0.13408307795019572       0.11835634482870101     
  0.13463037447811083       0.11666764079755278     
  0.13517990494556581       0.11870361224905798     
  0.13573167847099218       0.12425851678473838     
  0.13628570421004074       0.13299270995840320     
  0.13684199135573349       0.14445069021840334     
  0.13740054913861643       0.15808296982455083     
  0.13796138682691236       0.17327071649791009     
  0.13852451372667493       0.18935206072126276     
  0.13908993918194296       0.20564896095731083     
  0.13965767257489561       0.22149356032893053     
  0.14022772332600780       0.23625304873695677     
  0.14080010089420669       0.24935215801388208     
  0.14137481477702879       0.26029255771510729     
  0.14195187451077720       0.26866857821882245     
  0.14253128967068007       0.27417885845521867     
  0.14311306987104958       0.27663369046777975     
  0.14369722476544117       0.27595800518887748     
  0.14428376404681392       0.27219010700070789     
  0.14487269744769149       0.26547641339554412     
  0.14546403474032335       0.25606258586224245     
  0.14605778573684705       0.24428154558241325     
  0.14665396028945119       0.23053895029022897     
  0.14725256829053859       0.21529676549517504     
  0.14785361967289068       0.19905559399130851     
  0.14845712440983222       0.18233643294620042     
  0.14906309251539690       0.16566250949525571     
  0.14967153404449324       0.14954180600175304     
  0.15028245909307170       0.13445082789327084     
  0.15089587779829214       0.12082009358768471     
  0.15151180033869191       0.10902174107991476     
  0.15213023693435482        9.9359552996539494E-002
  0.15275119784708088        9.2061605038624414E-002
  0.15337469338055626        8.7275645275036090E-002
  0.15400073388052446        8.5067217011659507E-002
  0.15462932973495802        8.5420448889996600E-002
  0.15526049137423079        8.8241354985853920E-002
  0.15589422927129087        9.3363417040487770E-002
  0.15653055394183482       0.10055516212037718     
  0.15716947594448166       0.10952940301789214     
  0.15781100588094832       0.11995377612520415     
  0.15845515439622559       0.13146219241448123     
  0.15910193217875471       0.14366681117933275     
  0.15975134996060453       0.15617015258742220     
  0.16040341851764989       0.16857698278353986     
  0.16105814866975027       0.18050563291825031     
  0.16171555128092935       0.19159844950875921     
  0.16237563725955523       0.20153111627721634     
  0.16303841755852153       0.21002063529564022     
  0.16370390317542910       0.21683180612181133     
  0.16437210515276834       0.22178209390522796     
  0.16504303457810285       0.22474482953754801     
  0.16571670258425286       0.22565073531191288     
  0.16639312034948034       0.22448781690278891     
  0.16707229909767446       0.22129970563747819     
  0.16775425009853762       0.21618257306906247     
  0.16843898466777257       0.20928077206472281     
  0.16912651416727026       0.20078138450270958     
  0.16981685000529834       0.19090787495297704     
  0.17051000363669019       0.17991306233542986     
  0.17120598656303537       0.16807162763207875     
  0.17190481033287031       0.15567237557370400     
  0.17260648654186983       0.14301046227478684     
  0.17331102683303970       0.13037978962382007     
  0.17401844289690985       0.11806575151812108     
  0.17472874647172817       0.10633849750258589     
  0.17544194934365545        9.5446856814402820E-002
  0.17615806334696094        8.5613041054655267E-002
  0.17687710036421864        7.7028217502652555E-002
  0.17759907232650440        6.9849018235264682E-002
  0.17832399121359424        6.4195023442988525E-002
  0.17905186905416270        6.0147231320027507E-002
  0.17978271792598266        5.7747502248170393E-002
  0.18051654995612570        5.6998942213778367E-002
  0.18125337732116351        5.7867169925513225E-002
  0.18199321224736950        6.0282394278107353E-002
  0.18273606701092207        6.4142213882366711E-002
  0.18348195393810826        6.9315038510638069E-002
  0.18423088540552804        7.5644023559898077E-002
  0.18498287384029991        8.2951402999336649E-002
  0.18573793172026712        9.1043103659501454E-002
  0.18649607157420448        9.9713523982986524E-002
  0.18725730598202642       0.10875036328311827     
  0.18802164757499584       0.11793939289064316     
  0.18878910903593346       0.12706906801593951     
  0.18955970309942835       0.13593488839595763     
  0.19033344255204943       0.14434342649403240     
  0.19111034023255730       0.15211595383276072     
  0.19189040903211749       0.15909160862207300     
  0.19267366189451438       0.16513006086242810     
  0.19346011181636599       0.17011364423866124     
  0.19424977184733941       0.17394893707725084     
  0.19504265509036750       0.17656778714947807     
  0.19583877470186650       0.17792778692646946     
  0.19663814389195391       0.17801221682439891     
  0.19744077592466802       0.17682948384938441     
  0.19824668411818794       0.17441209172795000     
  0.19905588184505443       0.17081518599265338     
  0.19986838253239200       0.16611472352080378     
  0.20068419966213161       0.16040532066798407     
  0.20150334677123438       0.15379783739952202     
  0.20232583745191612       0.14641675673293669     
  0.20315168535187320       0.13839741941922790     
  0.20398090417450848       0.12988317318951595     
  0.20481350767915915       0.12102249417337220     
  0.20564950968132489       0.11196613536917839     
  0.20648892405289709       0.10286435343914987     
  0.20733176472238896        9.3864260744765157E-002
  0.20817804567516671        8.5107344569369567E-002
  0.20902778095368180        7.6727190032210207E-002
  0.20988098465770355        6.8847437419514476E-002
  0.21073767094455342        6.1579998676449907E-002
  0.21159785402933992        5.5023551746166438E-002
  0.21246154818519422        4.9262325426877959E-002
  0.21332876774350720        4.4365181554132875E-002
  0.21419952709416737        4.0384995700373960E-002
  0.21507384068579924        3.7358332302999883E-002
  0.21595172302600341        3.5305405258040871E-002
  0.21683318868159726        3.4230310608659865E-002
  0.21771825227885655        3.4121514062375784E-002
  0.21860692850375804        3.4952572721569146E-002
  0.21949923210222347        3.6683067629500229E-002
  0.22039517788036408        3.9259721527799794E-002
  0.22129478070472614        4.2617674589393556E-002
  0.22219805550253774        4.6681889821156210E-002
  0.22310501726195672        5.1368659302275424E-002
  0.22401568103231900        5.6587182408591050E-002
  0.22493006192438844        6.2241187634474081E-002
  0.22584817511060773        6.8230570521065195E-002
  0.22677003582534988        7.4453021487513052E-002
  0.22769565936517111        8.0805618991577552E-002
  0.22862506108906488        8.7186365366986956E-002
  0.22955825641871638        9.3495644845455403E-002
  0.23049526083875860        9.9637585619585786E-002
  0.23143608989702943       0.10552131028801633     
  0.23238075920482931       0.11106206159678898     
  0.23332928443718048       0.11618219300410497     
  0.23428168133308711       0.12081201620524459     
  0.23523796569579644       0.12489050031983016     
  0.23619815339306083       0.12836581992796672     
  0.23716226035740115       0.13119575151231949     
  0.23813030258637141       0.13334792009138491     
  0.23910229614282377       0.13479989989105162     
  0.24007825715517533       0.13553917477734986     
  0.24105820181767584       0.13556296584774402     
  0.24204214639067612       0.13487793504047696     
  0.24303010720089804       0.13349977486430503     
  0.24402210064170560       0.13145269537142845     
  0.24501814317337661       0.12876882029503445     
  0.24601825132337590       0.12548750485330271     
  0.24702244168662996       0.12165458809091655     
  0.24803073092580163       0.11732159279614153     
  0.24904313577156709       0.11254488600831679     
  0.25005967302289334       0.10738481293032327     
  0.25108035954731700       0.10190481669855136     
  0.25210521228122396        9.6170555955183493E-002
  0.25313424823013059        9.0249031531317095E-002
  0.25416748446896609        8.4207732802324076E-002
  0.25520493814235545        7.8113813436531579E-002
  0.25624662646490398        7.2033305342839596E-002
  0.25729256672148348        6.6030378649579488E-002
  0.25834277626751834        6.0166654532925308E-002
  0.25939727252927380        5.4500576674620410E-002
  0.26045607300414547        4.9086846081167597E-002
  0.26151919526094891        4.3975922954242394E-002
  0.26258665694021183        3.9213598278089304E-002
  0.26365847575446660        3.4840636796142306E-002
  0.26473466948854396        3.0892492096507108E-002
  0.26581525599986822        2.7399093623827208E-002
  0.26690025321875377        2.4384704591153734E-002
  0.26798967914870253        2.1867848986512877E-002
  0.26908355186670235        1.9861305160096501E-002
  0.27018188952352734        1.8372162843384984E-002
  0.27128471034403900        1.7401939893794509E-002
  0.27239203262748851        1.6946754579140435E-002
  0.27350387474782023        1.6997548815798891E-002
  0.27462025515397709        1.7540357452339922E-002
  0.27574119237020622        1.8556618445128632E-002
  0.27686670499636645        2.0023518601547406E-002
  0.27799681170823720        2.1914369467081737E-002
  0.27913153125782791        2.4199007900777829E-002
  0.28027088247368953        2.6844215915261767E-002
  0.28141488426122702        2.9814154447927732E-002
  0.28256355560301261        3.3070805874013343E-002
  0.28371691555910122        3.6574420264741447E-002
  0.28487498326734656        4.0283960629045316E-002
  0.28603777794371876        4.4157542650072920E-002
  0.28720531888262307        4.8152864732009831E-002
  0.28837762545721990        5.2227624503283311E-002
  0.28955471711974690        5.6339918273473927E-002
  0.29073661340184104        6.0448620307945206E-002
  0.29192333391486291        6.4513739161320457E-002
  0.29311489835022253        6.8496748693668674E-002
  0.29431132647970543        7.2360891777072556E-002
  0.29551263815580109        7.6071455081026057E-002
  0.29671885331203263        7.9596013698968654E-002
  0.29792999196328690        8.2904644741724015E-002
  0.29914607420614708        8.5970109373611936E-002
  0.30036712021922612        8.8768003100753723E-002
  0.30159315026350136        9.1276874436297714E-002
  0.30282418468265071        9.3478312361917740E-002
  0.30406024390339059        9.5357003277427688E-002
  0.30530134843581452        9.6900758379354246E-002
  0.30654751887373349        9.8100512634022849E-002
  0.30779877589501764        9.8950296710390573E-002
  0.30905514026193970        9.9447183412328111E-002
  0.31031663282151906        9.9591210299215235E-002
  0.31158327450586787        9.9385280307839885E-002
  0.31285508633253861        9.8835042288163602E-002
  0.31413208940487242        9.7948753441218048E-002
  0.31541430491234945        9.6737125700081833E-002
  0.31670175413094059        9.5213158125690325E-002
  0.31799445842346041        9.3391957399167183E-002
  0.31929243923992134        9.1290548482954911E-002
  0.32059571811789023        8.8927677495460156E-002
  0.32190431668284508        8.6323608799812532E-002
  0.32321825664853443        8.3499918248134797E-002
  0.32453755981733712        8.0479284450004393E-002
  0.32586224808062436        7.7285279849123534E-002
  0.32719234341912323        7.3942163297167879E-002
  0.32852786790328065        7.0474675709911533E-002
  0.32986884369363056        6.6907840279550476E-002
  0.33121529304116082        6.3266768600144990E-002
  0.33256723828768275        5.9576473941674535E-002
  0.33392470186620210        5.5861692783768922E-002
  0.33528770630129073        5.2146715593955256E-002
  0.33665627420946076        4.8455227708504640E-002
  0.33803042829953994        4.4810161047816911E-002
  0.33941019137304806        4.1233557273722243E-002
  0.34079558632457546        3.7746442874122210E-002
  0.34218663614216327        3.4368716541866150E-002
  0.34358336390768413        3.1119049100437748E-002
  0.34498579279722608        2.8014796119561043E-002
  0.34639394608147639        2.5071923259873577E-002
  0.34780784712610791        2.2304944287748298E-002
  0.34922751939216706        1.9726871609691412E-002
  0.35065298643646264        1.7349179090747777E-002
  0.35208427191195729        1.5181776843266180E-002
  0.35352139956815942        1.3232997601431774E-002
  0.35496439325151735        1.1509594233166600E-002
  0.35641327690581565        1.0016747884466458E-002
  0.35786807457257153        8.7580862018512146E-003
  0.35932881039143427        7.7357110363477539E-003
  0.36079550860058590        6.9502349971122084E-003
  0.36226819353714296        6.4008261942513590E-003
  0.36374688963756052        6.0852604884203852E-003
  0.36523162143803800        5.9999805490532432E-003
  0.36672241357492547        6.1401610133574834E-003
  0.36821929078513355        6.4997790341444787E-003
  0.36972227790654283        7.0716895058230379E-003
  0.37123139987841652        7.8477042641167272E-003
  0.37274668174181458        8.8186745658702034E-003
  0.37426814864000829        9.9745761703349013E-003
  0.37579582581889864        1.1304596362184933E-002
  0.37732973862743413        1.2797222278775255E-002
  0.37886991251803198        1.4440329929511535E-002
  0.38041637304700071        1.6221273323181930E-002
  0.38196914587496344        1.8126973149411186E-002
  0.38352825676728425        2.0144004492614897E-002
  0.38509373159449567        2.2258683090636489E-002
  0.38666559633272773        2.4457149685290943E-002
  0.38824387706413899        2.6725452047984880E-002
  0.38982859997734975        2.9049624300151122E-002
  0.39141979136787586        3.1415763185095355E-002
  0.39301747763856587        3.3810100984785291E-002
  0.39462168530003849        3.6219074811799007E-002
  0.39623244097112265        3.8629392042930789E-002
  0.39784977137929967        4.1028091696545699E-002
  0.39947370336114574        4.3402601590529472E-002
  0.40110426386277853        4.5740791151418526E-002
  0.40274147994030307        4.8031019777827914E-002
  0.40438537876026137        5.0262180692537309E-002
  0.40603598760008325        5.2423740247385560E-002
  0.40769333384853856        5.4505772673391864E-002
  0.40935744500619187        5.6498990295168111E-002
  0.41102834868585908        5.8394769253655499E-002
  0.41270607261306486        6.0185170804457608E-002
  0.41439064462650332        6.1862958280515537E-002
  0.41608209267850005        6.3421609827562384E-002
  0.41778044483547516        6.4855327038689306E-002
  0.41948572927840988        6.6159039630467750E-002
  0.42119797430331363        6.7328406317413936E-002
  0.42291720832169355        6.8359812054175767E-002
  0.42464345986102636        6.9250361825712758E-002
  0.42637675756523108        6.9997871174959370E-002
  0.42811713019514508        7.0600853665079247E-002
  0.42986460662900056        7.1058505479470541E-002
  0.43161921586290408        7.1370687367251370E-002
  0.43338098701131811        7.1537904145102443E-002
  0.43514994930754325        7.1561281968133203E-002
  0.43692613210420378        7.1442543582971571E-002
  0.43870956487373508        7.1183981775600702E-002
  0.44050027720887197        7.0788431224679912E-002
  0.44229829882313998        7.0259238968276766E-002
  0.44410365955134889        6.9600233688163093E-002
  0.44591638935008682        6.8815694011189560E-002
  0.44773651829821842        6.7910316021839459E-002
  0.44956407659738296        6.6889180173916360E-002
  0.45139909457249600        6.5757717782574443E-002
  0.45324160267225266        6.4521677270583472E-002
  0.45509163146963244        6.3187090334936177E-002
  0.45694921166240710        6.1760238191721981E-002
  0.45881437407364939        6.0247618048663812E-002
  0.46068714965224478        5.8655909945931860E-002
  0.46256756947340538        5.6991944096858024E-002
  0.46445566473918498        5.5262668851043480E-002
  0.46635146677899686        5.3475119393142048E-002
  0.46825500705013429        5.1636387281341511E-002
  0.47016631713829160        4.9753590920363994E-002
  0.47208542875808879        4.7833847054624859E-002
  0.47401237375359806        4.5884243358151437E-002
  0.47594718409887132        4.3911812188961584E-002
  0.47788989189847175        4.1923505566885330E-002
  0.47984052938800570        3.9926171425313267E-002
  0.48179912893465782        3.7926531179111503E-002
  0.48376572303772875        3.5931158642956769E-002
  0.48574034432917323        3.3946460326668045E-002
  0.48772302557414277        3.1978657126745115E-002
  0.48971379967152823        3.0033767426279237E-002
  0.49171269965450648        2.8117591608721890E-002
  0.49371975869108847        2.6235697984651248E-002
  0.49573501008466908        2.4393410124717629E-002
  0.49775848727458005        2.2595795586333779E-002
  0.49979022383664523        2.0847656016464360E-002
  0.50183025348373689        1.9153518608010473E-002
  0.50387861006633561        1.7517628882809992E-002
  0.50593532757309234        1.5943944770172025E-002
  0.50800044013139123        1.4436131946132498E-002
  0.51007398200791731        1.2997560395244417E-002
  0.51215598760922409        1.1631302153698274E-002
  0.51424649148230461        1.0340130189905134E-002
  0.51634552831516523        9.1265183763457013E-003
  0.51845313293740036        7.9926425044857773E-003
  0.52056934032077162        6.9403822928702803E-003
  0.52269418557978653        5.9713243371395932E-003
  0.52482770397228251        5.0867659496081821E-003
  0.52696993090001132        4.2877198352499514E-003
  0.52912090190922667        3.5749195503808773E-003
  0.53128065269127367        2.9488256900397809E-003
  0.53344921908318188        2.4096327500097922E-003
  0.53562663706825886        1.9572766095894436E-003
  0.53781294277668812        1.5914425815939943E-003
  0.54000817248612853        1.3115739766366703E-003
  0.54221236262231554        1.1168811294812405E-003
  0.54442554975966673        1.0063508361746894E-003
  0.54664777062188774        9.7875615172372701E-004
  0.54887906208258186        1.0326664992834481E-003
  0.55111946116586275        1.1664580431453701E-003
  0.55336900504696696        1.3783242792491024E-003
  0.55562773105287300        1.6662867984717741E-003
  0.55789567666291884        2.0282061795660316E-003
  0.56017287950942463        2.4617929703103507E-003
  0.56245937737831742        2.9646187171909486E-003
  0.56475520820975744        3.5341270057327140E-003
  0.56706041009876806        4.1676444754529980E-003
  0.56937502129586803        4.8623917752833763E-003
  0.57169908020770599        5.6154944272057000E-003
  0.57403262539769728        6.4239935677620659E-003
  0.57637569558666502        7.2848565390197214E-003
  0.57872832965348131        8.1949873024779983E-003
  0.58109056663571335        9.1512366513196702E-003
  0.58346244573027040        1.0150412198286269E-002
  0.58584400629405475        1.1189288118332126E-002
  0.58823528784461476        1.2264614627038864E-002
  0.59063633006079996        1.3373127177572964E-002
  0.59304717278342045        1.4511555360745469E-002
  0.59546785601590702        1.5676631494429830E-002
  0.59789841992497528        1.6865098890286871E-002
  0.60033890484129260        1.8073719787358021E-002
  0.60278935126014666        1.9299282943656175E-002
  0.60524979984211758        2.0538610878401854E-002
  0.60772029141375294        2.1788566759002238E-002
  0.61020086696824494        2.3046060928270967E-002
  0.61269156766611022        2.4308057068713144E-002
  0.61519243483587394        2.5571578001982863E-002
  0.61770350997475421        2.6833711122813773E-002
  0.62022483474935197        2.8091613467886169E-002
  0.62275645099634114        2.9342516421154034E-002
  0.62529840072316345        3.0583730058195122E-002
  0.62785072610872605        3.1812647133078284E-002
  0.63041346950409982        3.3026746712150459E-002
  0.63298667343322390        3.4223597459961175E-002
  0.63557038059361004        3.5400860583314972E-002
  0.63816463385705124        3.6556292440144474E-002
  0.64076947627033398        3.7687746820546750E-002
  0.64338495105595150        3.8793176907908206E-002
  0.64601110161282127        3.9870636928579575E-002
  0.64864797151700582        4.0918283499038581E-002
  0.65129560452243462        4.1934376679897793E-002
  0.65395404456163087        4.2917280746493439E-002
  0.65662333574644061        4.3865464686106075E-002
  0.65930352236876377        4.4777502432144768E-002
  0.66199464890129045        4.5652072845848740E-002
  0.66469675999823752        4.6487959456252212E-002
  0.66740990049609028        4.7284049969294292E-002
  0.67013411541434675        4.8039335557062461E-002
  0.67286944995626363        4.8752909938222337E-002
  0.67561594950960757        4.9423968260714594E-002
  0.67837365964740748        5.0051805797796306E-002
  0.68114262612871068        5.0635816468467251E-002
  0.68392289489934310        5.1175491193254832E-002
  0.68671451209267076        5.1670416096236904E-002
  0.68951752403036504        5.2120270564063050E-002
  0.69233197722317286        5.2524825172588850E-002
  0.69515791837168661        5.2883939491571774E-002
  0.69799539436711988        5.3197559777690910E-002
  0.70084445229208592        5.3465716565947029E-002
  0.70370513942137802        5.3688522169276547E-002
  0.70657750322275481        5.3866168095975338E-002
  0.70946159135772713        5.3998922394278108E-002
  0.71235745168234910        5.4087126933173836E-002
  0.71526513224801314        5.4131194628263581E-002
  0.71818468130224533        5.4131606621186719E-002
  0.72111614728950835        5.4088909420844530E-002
  0.72405957885200312        5.4003712014359273E-002
  0.72701502483047720        5.3876682955396563E-002
  0.72998253426503557        5.3708547437178483E-002
  0.73296215639595286        5.3500084357198330E-002
  0.73595394066449149        5.3252123380340875E-002
  0.73895793671372234        5.2965542006794951E-002
  0.74197419438934753        5.2641262650834145E-002
  0.74500276374052765        5.2280249736228857E-002
  0.74804369502071344        5.1883506813740356E-002
  0.75109703868847777        5.1452073705843010E-002
  0.75416284540835488        5.0987023683511358E-002
  0.75724116605167924        5.0489460679611138E-002
  0.76033205169743068        4.9960516543134818E-002
  0.76343555363308235        4.9401348338229373E-002
  0.76655172335545019        4.8813135691681976E-002
  0.76968061257154952        4.8197078192241866E-002
  0.77282227319945096        4.7554392844890069E-002
  0.77597675736914307        4.6886311582896356E-002
  0.77914411742339751        4.6194078840242986E-002
  0.78232440591863694        4.5478949186745547E-002
  0.78551767562580699        4.4742185027950541E-002
  0.78872397953125306        4.3985054371655410E-002
  0.79194337083759792        4.3208828662666711E-002
  0.79517590296462559        4.2414780687188035E-002
  0.79842162955016782        4.1604182548020084E-002
  0.80168060445099321        4.0778303711546046E-002
  0.80495288174370172        3.9938409127282207E-002
  0.80823851572562166        3.9085757420582207E-002
  0.81153756091571005        3.8221599158908007E-002
  0.81485007205545901        3.7347175191901935E-002
  0.81817610410980179        3.6463715065339609E-002
  0.82151571226802678        3.5572435508880618E-002
  0.82486895194469190        3.4674538997392430E-002
  0.82823587878054472        3.3771212385480608E-002
  0.83161654864344625        3.2863625614729823E-002
  0.83501101762929653        3.1952930493037407E-002
  0.83841934206296653        3.1040259545301895E-002
  0.84184157849923302        3.0126724934626734E-002
  0.84527778372371576        2.9213417453095206E-002
  0.84872801475382054        2.8301405581080588E-002
  0.85219232883968588        2.7391734613967256E-002
  0.85567078346513115        2.6485425855084010E-002
  0.85916343634861292        2.5583475873571918E-002
  0.86267034544418009        2.4686855825847450E-002
  0.86619156894243732        2.3796510839257500E-002
  0.86972716527151039        2.2913359456473079E-002
  0.87327719309801433        2.2038293139116774E-002
  0.87684171132802924        2.1172175829076420E-002
  0.88042077910807537        2.0315843565923423E-002
  0.88401445582609561        1.9470104158816816E-002
  0.88762280111244185        1.8635736911251900E-002
  0.89124587484086226        1.7813492396986652E-002
  0.89488373712949654        1.7004092285461906E-002
  0.89853644834187318        1.6208229215017626E-002
  0.90220406908791040        1.5426566712199823E-002
  0.90588666022492215        1.4659739155442653E-002
  0.90958428285862880        1.3908351781413492E-002
  0.91329699834416944        1.3172980732306765E-002
  0.91702486828712149        1.2454173142378632E-002
  0.92076795454452198        1.1752447262021419E-002
  0.92452631922589401        1.1068292617690354E-002
  0.92830002469427830        1.0402170206004452E-002
  0.93208913356726641        9.7545127203639628E-003
  0.93589370871804145        9.1257248084427901E-003
  0.93971381327641990        8.5161833589350137E-003
  0.94354951062989978        7.9262378159592351E-003
  0.94740086442471305        7.3562105195480905E-003
  0.95126793856688030        6.8063970706755085E-003
  0.95515079722327212        6.2770667193060630E-003
  0.95904950482267404        5.7684627739748280E-003
  0.96296412605685466        5.2808030314430840E-003
  0.96689472588163972        4.8142802250017002E-003
  0.97084136951799027        4.3690624900304042E-003
  0.97480412245308368        3.9452938454544034E-003
  0.97878305044140190        3.5430946897729940E-003
  0.98277821950582100        3.1625623103729542E-003
  0.98678969593870736        2.8037714048724117E-003
  0.99081754630301844        2.4667746132798832E-003
  0.99486183743340539        2.1516030597886300E-003
  0.99892263643732426        1.8582669030637422E-003
   1.0030000106961476        1.5867558939170673E-003
   1.0070940278662834        1.3370399393021718E-003
   1.0112047558802988        1.1090696715989879E-003
   1.0153322629480441        9.0277702219552093E-004
   1.0194766175577885        7.1807579841061181E-004
   1.0236378884773538        5.5486226283978991E-004
   1.0278161447552574        4.1301571424204537E-004
   1.0320114557218547        2.9239906912298651E-004
   1.0362238909904942        1.9285944320507854E-004
   1.0404535204586696        1.1422873201235472E-004
   1.0447004143091787        5.6324189831799231E-005
   1.0489646430112913        1.8949006348509044E-005
   1.0532462773219167        1.8928802865684154E-006
   1.0575453882867758        4.9325894208023530E-006
   1.0618620472415838        2.7832556358094103E-005
   1.0661963258132321        7.0345409519520188E-005
   1.0705482959209747        1.3221253878631175E-004
   1.0749180297776255        2.1316464530412449E-004
   1.0793055998907541        3.1292228497059420E-004
   1.0837110790638902        4.3119640516074882E-004
   1.0881345403977287        5.6768887427440494E-004
   1.0925760572913470        7.2209300371783023E-004
   1.0970357034434204        8.9409406195943499E-004
   1.1015135528534441        1.0833697803262748E-003
   1.1060096798229635        1.2895908502344698E-003
   1.1105241589568067        1.5124214115715363E-003
   1.1150570651643195        1.7515195319729691E-003
   1.1196084736606120        2.0065376767606133E-003
   1.1241784599678060        2.2771231693310967E-003
   1.1287670999162849        2.5629186418066031E-003
   1.1333744696459565        2.8635624757812877E-003
   1.1380006456075142        3.1786892330163022E-003
   1.1426457045637044        3.5079300759576762E-003
   1.1473097235906025        3.8509131779699579E-003
   1.1519927800788912        4.2072641231962011E-003
   1.1566949517351428        4.5766062959727398E-003
   1.1614163165831117        4.9585612597460764E-003
   1.1661569529650266        5.3527491254518039E-003
   1.1709169395428922        5.7587889093336439E-003
   1.1756963552997917        6.1762988801949076E-003
   1.1804952795412009        6.6048968960882443E-003
   1.1853137918963028        7.0442007304626873E-003
   1.1901519723193061        7.4938283878009364E-003
   1.1950099010907769        7.9533984087913154E-003
   1.1998876588189678        8.4225301650889105E-003
   1.2047853264411541        8.9008441437338475E-003
   1.2097029852249803        9.3879622213025888E-003
   1.2146407167698074        9.8835079278793338E-003
   1.2195986030080641        1.0387106700941865E-002
   1.2245767262066105        1.0898386129267534E-002
   1.2295751689681005        1.1416976186969208E-002
   1.2345940142323542        1.1942509457781591E-002
   1.2396333452777308        1.2474621349724562E-002
   1.2446932457225151        1.3012950300275005E-002
   1.2497737995263021        1.3557137972185888E-002
   1.2548750909913893        1.4106829440096936E-002
   1.2599972047641785        1.4661673368086072E-002
   1.2651402258365791        1.5221322178313571E-002
   1.2703042395474162        1.5785432210918673E-002
   1.2754893315838498        1.6353663875328422E-002
   1.2806955879827961        1.6925681793144534E-002
   1.2859230951323521        1.7501154932774383E-002
   1.2911719397732333        1.8079756735979068E-002
   1.2964422090002106        1.8661165236507873E-002
   1.3017339902635547        1.9245063170996671E-002
   1.3070473713704895        1.9831138082303957E-002
   1.3123824404866489        2.0419082415463335E-002
   1.3177392861375357        2.1008593606430193E-002
   1.3231179972099965        2.1599374163802781E-002
   1.3285186629536925        2.2191131743695310E-002
   1.3339413729825829        2.2783579217945001E-002
   1.3393862172764077        2.3376434735831574E-002
   1.3448532861821869        2.3969421779490189E-002
   1.3503426704157151        2.4562269213194522E-002
   1.3558544610630672        2.5154711326691215E-002
   1.3613887495821120        2.5746487872761806E-002
   1.3669456278040288        2.6337344099188774E-002
   1.3725251879348284        2.6927030775300575E-002
   1.3781275225568879        2.7515304213271901E-002
   1.3837527246304846        2.8101926284348731E-002
   1.3894008874953359        2.8686664430170459E-002
   1.3950721048721533        2.9269291669358218E-002
   1.4007664708641934        2.9849586599536064E-002
   1.4064840799588225        3.0427333394949928E-002
   1.4122250270290799        3.1002321799847160E-002
   1.4179894073352572        3.1574347117778435E-002
   1.4237773165264773        3.2143210196978612E-002
   1.4295888506422783        3.2708717411983411E-002
   1.4354241061142121        3.3270680641635408E-002
   1.4412831797674421        3.3828917243630303E-002
   1.4471661688223481        3.4383250025750253E-002
   1.4530731708961429        3.4933507213932326E-002
   1.4590042840044910        3.5479522417312635E-002
   1.4649596065631323        3.6021134590387242E-002
   1.4709392373895191        3.6558187992427132E-002
   1.4769432757044543        3.7090532144282130E-002
   1.4829718211337348        3.7618021782703223E-002
   1.4890249737098105        3.8140516812315353E-002
   1.4951028338734396        3.8657882255363533E-002
   1.5012055024753554        3.9169988199356215E-002
   1.5073330807779428        3.9676709742727058E-002
   1.5134856704569155        4.0177926938629989E-002
   1.5196633736030056        4.0673524736983067E-002
   1.5258662927236537        4.1163392924872332E-002
   1.5320945307447145        4.1647426065423772E-002
   1.5383481910121630        4.2125523435248231E-002
   1.5446273772938062        4.2597588960562441E-002
   1.5509321937810101        4.3063531152086311E-002
   1.5572627450904259        4.3523263038811939E-002
   1.5636191362657244        4.3976702100738840E-002
   1.5700014727793419        4.4423770200668171E-002
   1.5764098605342303        4.4864393515140967E-002
   1.5828444058656099        4.5298502464609473E-002
   1.5893052155427401        4.5726031642922750E-002
   1.5957923967706868        4.6146919746206619E-002
   1.6023060571921037        4.6561109501216384E-002
   1.6088463048890147        4.6968547593236980E-002
   1.6154132483846122        4.7369184593602655E-002
   1.6220069966450557        4.7762974886906666E-002
   1.6286276590812767        4.8149876597967434E-002
   1.6352753455508005        4.8529851518617058E-002
   1.6419501663595648        4.8902865034373910E-002
   1.6486522322637496        4.9268886051059918E-002
   1.6553816544716176        4.9627886921419777E-002
   1.6621385446453594        4.9979843371798047E-002
   1.6689230149029417        5.0324734428926932E-002
   1.6757351778199741        5.0662542346876283E-002
   1.6825751464315746        5.0993252534214079E-002
   1.6894430342342412        5.1316853481424479E-002
   1.6963389551877424        5.1633336688628198E-002
   1.7032630237170037        5.1942696593647586E-002
   1.7102153547140044        5.2244930500457171E-002
   1.7171960635396897        5.2540038508058773E-002
   1.7242052660258809        5.2828023439817198E-002
   1.7312430784771990        5.3108890773292845E-002
   1.7383096176729915        5.3382648570602834E-002
   1.7454050008692747        5.3649307409343747E-002
   1.7525293458006783        5.3908880314104748E-002
   1.7596827706823941        5.4161382688599248E-002
   1.7668653942121444        5.4406832248442026E-002
   1.7740773355721486        5.4645248954597124E-002
   1.7813187144310982        5.4876654947518047E-002
   1.7885896509461472        5.5101074482005158E-002
   1.7958902657649043        5.5318533862797947E-002
   1.8032206800274309        5.5529061380923186E-002
   1.8105810153682576        5.5732687250815274E-002
   1.8179713939183981        5.5929443548226952E-002
   1.8253919383073787        5.6119364148943807E-002
   1.8328427716652678        5.6302484668317471E-002
   1.8403240176247260        5.6478842401629772E-002
   1.8478358003230537        5.6648476265300403E-002
   1.8553782444042495        5.6811426738946881E-002
   1.8629514750210820        5.6967735808308100E-002
   1.8705556178371661        5.7117446909038187E-002
   1.8781907990290427        5.7260604871379323E-002
   1.8858571452882809        5.7397255865719192E-002
   1.8935547838235744        5.7527447349038162E-002
   1.9012838423628520        5.7651228012252392E-002
   1.9090444491554013        5.7768647728454407E-002
   1.9168367329739937        5.7879757502055783E-002
   1.9246608231170197        5.7984609418833002E-002
   1.9325168494106386        5.8083256596878234E-002
   1.9404049422109304        5.8175753138455695E-002
   1.9483252324060565        5.8262154082762758E-002
   1.9562778514184365        5.8342515359596496E-002
   1.9642629312069249        5.8416893743922026E-002
   1.9722806042690040        5.8485346811343188E-002
   1.9803310036429771        5.8547932894470696E-002
   1.9884142629101824        5.8604711040185657E-002
   1.9965305161972071        5.8655740967794794E-002
   2.0046798981781091        5.8701083028072580E-002
   2.0128625440766581        5.8740798163185920E-002
   2.0210785896685763        5.8774947867496173E-002
   2.0293281712837890        5.8803594149232412E-002
   2.0376114258086915        5.8826799493031219E-002
   2.0459284906884188        5.8844626823334419E-002
   2.0542795039291217        5.8857139468640081E-002
   2.0626646041002639        5.8864401126598416E-002
   2.0710839303369175        5.8866475829945288E-002
   2.0795376223420732        5.8863427913265778E-002
   2.0880258203889532        5.8855321980579668E-002
   2.0965486653233478        5.8842222873740115E-002
   2.1051062985659468        5.8824195641637794E-002
   2.1136988621146831        5.8801305510200387E-002
   2.1223264985470975        5.8773617853179472E-002
   2.1309893510226989        5.8741198163715168E-002
   2.1396875632853374        5.8704112026668732E-002
   2.1484212796655959        5.8662425091714127E-002
   2.1571906450831819        5.8616203047178260E-002
   2.1659958050493291        5.8565511594620326E-002
   2.1748369056692178        5.8510416424139851E-002
   2.1837140936443968        5.8450983190403497E-002
   2.1926275162752127        5.8387277489380468E-002
   2.2015773214632635        5.8319364835775864E-002
   2.2105636577138457        5.8247310641151455E-002
   2.2195866741384194        5.8171180192724298E-002
   2.2286465204570853        5.8091038632830938E-002
   2.2377433470010675        5.8006950939048375E-002
   2.2468773047152077        5.7918981904959699E-002
   2.2560485451604677        5.7827196121554930E-002
   2.2652572205164492        5.7731657959254959E-002
   2.2745034835839171        5.7632431550549791E-002
   2.2837874877873303        5.7529580773237901E-002
   2.2931093871773944        5.7423169234258852E-002
   2.3024693364336155        5.7313260254105422E-002
   2.3118674908668622        5.7199916851807850E-002
   2.3213040064219506        5.7083201730476082E-002
   2.3307790396802273        5.6963177263393006E-002
   2.3402927478621649        5.6839905480644687E-002
   2.3498452888299783        5.6713448056279862E-002
   2.3594368210902377        5.6583866295986288E-002
   2.3690675037965030        5.6451221125275071E-002
   2.3787374967519588        5.6315573078161402E-002
   2.3884469604120731        5.6176982286331792E-002
   2.3981960558872570        5.6035508468788436E-002
   2.4079849449455333        5.5891210921959367E-002
   2.4178137900152290        5.5744148510264942E-002
   2.4276827541876669        5.5594379657130953E-002
   2.4375920012198664        5.5441962336438201E-002
   2.4475416955372706        5.5286954064398368E-002
   2.4575320022364697        5.5129411891847495E-002
   2.4675630870879357        5.4969392396947085E-002
   2.4776351165387829        5.4806951678282333E-002
   2.4877482577155234        5.4642145348350053E-002
   2.4979026784268394        5.4475028527425369E-002
   2.5080985471663721        5.4305655837799026E-002
   2.5183360331155162        5.4134081398375743E-002
   2.5286153061462220        5.3960358819625194E-002
   2.5389365368238228        5.3784541198875692E-002
   2.5492998964098588        5.3606681115943723E-002
   2.5597055568649218        5.3426830629089081E-002
   2.5701536908515048        5.3245041271287923E-002
   2.5806444717368717        5.3061364046815253E-002
   2.5911780735959340        5.2875849428128487E-002
   2.6017546712141315        5.2688547353044408E-002
   2.6123744400903441        5.2499507222201237E-002
   2.6230375564397970        5.2308777896889203E-002
   2.6337441971969815        5.2116407696706259E-002
   2.6444945400185995        5.1922444398340935E-002
   2.6552887632865070        5.1726935233766862E-002
   2.6661270461106703        5.1529926889095572E-002
   2.6770095683321458        5.1331465503588129E-002
   2.6879365105260575        5.1131596668900728E-002
   2.6989080540045989        5.0930365428554551E-002
   2.7099243808200328        5.0727816277626132E-002
   2.7209856737677236        5.0523993162648273E-002
   2.7320921163891634        5.0318939481717818E-002
   2.7432438929750149        5.0112698084801455E-002
   2.7544411885681774        4.9905311274234677E-002
   2.7656841889668535        4.9696820805406855E-002
   2.7769730807276272        4.9487267887626266E-002
   2.7883080511685678        4.9276693185160210E-002
   2.7996892883723348        4.9065136818442073E-002
   2.8111169811892935        4.8852638365442083E-002
   2.8225913192406575        4.8639236863194005E-002
   2.8341124929216317        4.8424970809473403E-002
   2.8456806934045655        4.8209878164621980E-002
   2.8572961126421350        4.7993996353511592E-002
   2.8689589433705232        4.7777362267644383E-002
   2.8806693791126143        4.7560012267382358E-002
   2.8924276141812122        4.7341982184302439E-002
   2.9042338436822610        4.7123307323671579E-002
   2.9160882635180831        4.6904022467037641E-002
   2.9279910703906258        4.6684161874930276E-002
   2.9399424618047334        4.6463759289669129E-002
   2.9519426360714194        4.6242847938272671E-002
   2.9639917923111532        4.6021460535465145E-002
   2.9760901304571732        4.5799629286776181E-002
   2.9882378512587997        4.5577385891729348E-002
   3.0004351562847607        4.5354761547116165E-002
   3.0126822479265480        4.5131786950350104E-002
   3.0249793294017673        4.4908492302898000E-002
   3.0373266047575087        4.4684907313785098E-002
   3.0497242788737404        4.4461061203169110E-002
   3.0621725574667020        4.4236982705980220E-002
   3.0746716470923223        4.4012700075624078E-002
   3.0872217551496384        4.3788241087743048E-002
   3.0998230898842483        4.3563633044034218E-002
   3.1124758603917613        4.3338902776118522E-002
   3.1251802766212617        4.3114076649460549E-002
   3.1379365493788032        4.2889180567333617E-002
   3.1507448903309023        4.2664239974828565E-002
   3.1636055120080444        4.2439279862902857E-002
   3.1765186278082207        4.2214324772466789E-002
   3.1894844520004644        4.1989398798505086E-002
   3.2025031997284015        4.1764525594230405E-002
   3.2155750870138298        4.1539728375265650E-002
   3.2287003307602982        4.1315029923854323E-002
   3.2418791487567020        4.1090452593094878E-002
   3.2551117596809069        4.0866018311196482E-002
   3.2683983831033703        4.0641748585756234E-002
   3.2817392394907818        4.0417664508052308E-002
   3.2951345502097307        4.0193786757353432E-002
   3.3085845375303724        3.9970135605241354E-002
   3.3220894246301196        3.9746730919944691E-002
   3.3356494355973410        3.9523592170681666E-002
   3.3492647954350852        3.9300738432010790E-002
   3.3629357300648142        3.9078188388186268E-002
   3.3766624663301439        3.8855960337517960E-002
   3.3904452320006189        3.8634072196731935E-002
   3.4042842557754875        3.8412541505333124E-002
   3.4181797672874907        3.8191385429964982E-002
   3.4321319971066844        3.7970620768766769E-002
   3.4461411767442565        3.7750263955726802E-002
   3.4602075386563675        3.7530331065028684E-002
   3.4743313162480152        3.7310837815391629E-002
   3.4885127438769019        3.7091799574400362E-002
   3.5027520568573265        3.6873231362826712E-002
   3.5170494914640815        3.6655147858938537E-002
   3.5314052849363842        3.6437563402796830E-002
   3.5458196754818094        3.6220492000538791E-002
   3.5602929022802345        3.6003947328646285E-002
   3.5748252054878202        3.5787942738198096E-002
   3.5894168262409902        3.5572491259105846E-002
   3.6040680066604258        3.5357605604330780E-002
   3.6187789898550959        3.5143298174082710E-002
   3.6335500199262847        3.4929581059998702E-002
   3.6483813419716364        3.4716466049300662E-002
   3.6632732020892336        3.4503964628932168E-002
   3.6782258473816740        3.4292087989671573E-002
   3.6932395259601685        3.4080847030223710E-002
   3.7083144869486642        3.3870252361285769E-002
   3.7234509804879772        3.3660314309590045E-002
   3.7386492577399353        3.3451042921920658E-002
   3.7539095708915569        3.3242447969104159E-002
   3.7692321731592284        3.3034538949974851E-002
   3.7846173187929102        3.2827325095310493E-002
   3.8000652630803460        3.2620815371743703E-002
   3.8155762623513128        3.2415018485641614E-002
   3.8311505739818670        3.2209942886959941E-002
   3.8467884563986092        3.2005596773065817E-002
   3.8624901690829847        3.1801988092532284E-002
   3.8782559725755825        3.1599124548901472E-002
   3.8940861284804527        3.1397013604419183E-002
   3.9099808994694594        3.1195662483737244E-002
   3.9259405492866346        3.0995078177585629E-002
   3.9419653427525452        3.0795267446412387E-002
   3.9580555457687030        3.0596236823992980E-002
   3.9742114253219660        3.0397992621007060E-002
   3.9904332494889743        3.0200540928582643E-002
   4.0067212874405893        3.0003887621808816E-002
   4.0230758094463717        2.9808038363215231E-002
   4.0394970868790629        2.9612998606218785E-002
   4.0559853922190783        2.9418773598537378E-002
   4.0725409990590427        2.9225368385571149E-002
   4.0891641821083224        2.9032787813749076E-002
   4.1058552171975808        2.8841036533843577E-002
   4.1226143812833644        2.8650119004251070E-002
   4.1394419524526915        2.8460039494238684E-002
   4.1563382099276636        2.8270802087158094E-002
   4.1733034340701094        2.8082410683624905E-002
   4.1903379063862296        2.7894869004664553E-002
   4.2074419095312638        2.7708180594825122E-002
   4.2246157273141920        2.7522348825254988E-002
   4.2418596447024361        2.7337376896748495E-002
   4.2591739478265858        2.7153267842756248E-002
   4.2765589239851547        2.6970024532362764E-002
   4.2940148616493437        2.6787649673230014E-002
   4.3115420504678283        2.6606145814507379E-002
   4.3291407812715565        2.6425515349708269E-002
   4.3468113460785895        2.6245760519552904E-002
   4.3645540380989400        2.6066883414778034E-002
   4.3823691517394279        2.5888885978913041E-002
   4.4002569826085844        2.5711770011022938E-002
   4.4182178275215458        2.5535537168418495E-002
   4.4362519845049730        2.5360188969364986E-002
   4.4543597528020111        2.5185726795600830E-002
   4.4725414328772475        2.5012151895133273E-002
   4.4907973264216903        2.4839465384696811E-002
   4.5091277363577875        2.4667668252329047E-002
   4.5275329668444471        2.4496761359884260E-002
   4.5460133232820850        2.4326745445516090E-002
   4.5645691123176864        2.4157621126126634E-002
   4.5832006418499045        2.3989388899785590E-002
   4.6019082210341660        2.3822049148115802E-002
   4.6206921602877928        2.3655602138649329E-002
   4.6395527712951647        2.3490048027150778E-002
   4.6584903670128890        2.3325386859910639E-002
   4.6775052616749795        2.3161618576007272E-002
   4.6965977707980926        2.2998743009538386E-002
   4.7157682111867478        2.2836759891822253E-002
   4.7350169009385850        2.2675668853568302E-002
   4.7543441594496505        2.2515469427018681E-002
   4.7737503074196939        2.2356161048051285E-002
   4.7932356668574805        2.2197743058292141E-002
   4.8128005610861475        2.2040214707121957E-002
   4.8324453147485658        2.1883575153730003E-002
   4.8521702538127149        2.1727823469100911E-002
   4.8719757055771122        2.1572958637980769E-002
   4.8918619986762248        2.1418979560814393E-002
   4.9118294630859394        2.1265885055654767E-002
   4.9318784301290162        2.1113673860044771E-002
   4.9520092324806102        2.0962344632871038E-002
   4.9722222041737796        2.0811895956190297E-002
   4.9925176806050207        2.0662326337029146E-002
   5.0128959985398502        2.0513634209156244E-002
   5.0333574961183860        2.0365817934828286E-002
   5.0539025128609465        2.0218875806509717E-002
   5.0745313896737043        2.0072806048565976E-002
   5.0952444688543324        1.9927606818930941E-002
   5.1160420940976774        1.9783276210749042E-002
   5.1369246105014765        1.9639812253991664E-002
   5.1578923645720769        1.9497212917048763E-002
   5.1789457042301867        1.9355476108295008E-002
   5.2000849788166388        1.9214599677632671E-002
   5.2213105390982024        1.9074581418008354E-002
   5.2426227372734004        1.8935419066907173E-002
   5.2640219269783390        1.8797110307822329E-002
   5.2855084632925946        1.8659652771701462E-002
   5.3070827027450962        1.8523044038369477E-002
   5.3287450033200381        1.8387281637928417E-002
   5.3504957244628288        1.8252363052134495E-002
   5.3723352270860527        1.8118285715752799E-002
   5.3942638735754480        1.7985047017889326E-002
   5.4162820277959387        1.7852644303301430E-002
   5.4383900550976607        1.7721074873686044E-002
   5.4605883223220175        1.7590335988946913E-002
   5.4828771978077846        1.7460424868440422E-002
   5.5052570513972130        1.7331338692198207E-002
   5.5277282544421542        1.7203074602134636E-002
   5.5502911798102446        1.7075629703227450E-002
   5.5729462018910780        1.6949001064681786E-002
   5.5956936966024218        1.6823185721072928E-002
   5.6185340413964466        1.6698180673469863E-002
   5.6414676152660075        1.6573982890538866E-002
   5.6644947987509173        1.6450589309627884E-002
   5.6876159739442613        1.6327996837832141E-002
   5.7108315244987482        1.6206202353040582E-002
   5.7341418356330687        1.6085202704963959E-002
   5.7575472941382806        1.5964994716144508E-002
   5.7810482883842447        1.5845575182947436E-002
   5.8046452083260549        1.5726940876534843E-002
   5.8283384455105089        1.5609088543821764E-002
   5.8521283930826149        1.5492014908414595E-002
   5.8760154457921070        1.5375716671533155E-002
