  0.10000000000000001       0.30345711843790202     
  0.10040817718110437       0.27224078383115774     
  0.10081802044832047       0.24379417121316849     
  0.10122953660223166       0.21996129710097481     
  0.10164273247117964       0.20221836326883511     
  0.10205761491137796       0.19158333720367629     
  0.10247419080702558       0.18856089806817872     
  0.10289246707042120       0.19312483564336783     
  0.10331245064207799       0.20473729586263392     
  0.10373414849083867       0.22240178517368001     
  0.10415756761399117       0.24474473251345130     
  0.10458271503738485       0.27011878016789703     
  0.10500959781554686       0.29671990887045702     
  0.10543822303179938       0.32271002991305081     
  0.10586859779837712       0.34633678722094796     
  0.10630072925654524       0.36604295669685305     
  0.10673462457671801       0.38055892856785062     
  0.10717029095857759       0.38897320734332874     
  0.10760773563119364       0.39077754497355721     
  0.10804696585314330       0.38588511180861912     
  0.10848798891263144       0.37462188569761479     
  0.10893081212761184       0.35769309106955238     
  0.10937544284590843       0.33612795265185008     
  0.10982188844533726       0.31120716924231406     
  0.11027015633382903       0.28437831217357684     
  0.11072025394955184       0.25716478623961730     
  0.11117218876103470       0.23107405765185876     
  0.11162596826729153       0.20751057607094001     
  0.11208159999794542       0.18769823694631327     
  0.11253909151335369       0.17261640222904484     
  0.11299845040473337       0.16295248822959435     
  0.11345968429428700       0.15907301066819193     
  0.11392280083532935       0.16101382128027716     
  0.11438780771241415       0.16848914662498490     
  0.11485471264146174       0.18091800969395042     
  0.11532352336988719       0.19746573004476639     
  0.11579424767672861       0.21709749774663994     
  0.11626689337277650       0.23864052624614479     
  0.11674146830070313       0.26085102141495253     
  0.11721798033519278       0.28248215736264293     
  0.11769643738307244       0.30234941087149853     
  0.11817684738344295       0.31938995203398929     
  0.11865921830781066       0.33271328721994403     
  0.11914355816021997       0.34164096452713333     
  0.11962987497738581       0.34573384081882158     
  0.12011817682882717       0.34480613199331739     
  0.12060847181700105       0.33892618441463240     
  0.12110076807743671       0.32840457906458970     
  0.12159507377887094       0.31377077961558075     
  0.12209139712338332       0.29574003617982936     
  0.12258974634653247       0.27517263987827434     
  0.12309012971749274       0.25302787883095118     
  0.12359255553919130       0.23031517018743053     
  0.12409703214844603       0.20804483867786561     
  0.12460356791610375       0.18718088921711099     
  0.12511217124717913       0.16859789375493134     
  0.12562285058099434       0.15304379918591868     
  0.12613561439131882       0.14111008476652828     
  0.12665047118650996       0.13321027663747806     
  0.12716742950965446       0.12956738646869451     
  0.12768649793870987       0.13021040282295443     
  0.12820768508664696       0.13497954764507641     
  0.12873099960159279       0.14353963379037846     
  0.12925645016697404       0.15540053697664152     
  0.12978404550166117       0.16994353766176348     
  0.13031379436011306       0.18645210203209941     
  0.13084570553252231       0.20414555969180936     
  0.13137978784496107       0.22221409834891773     
  0.13191605015952751       0.23985352912198188     
  0.13245450137449291       0.25629837355212398     
  0.13299515042444918       0.27085197622380713     
  0.13353800628045717       0.28291254459439857     
  0.13408307795019572       0.29199424862479423     
  0.13463037447811083       0.29774276500089042     
  0.13517990494556581       0.29994491210191371     
  0.13573167847099218       0.29853228093130801     
  0.13628570421004074       0.29357901350186288     
  0.13684199135573349       0.28529410453337212     
  0.13740054913861643       0.27400879726844019     
  0.13796138682691236       0.26015980401735855     
  0.13852451372667493       0.24426920285282816     
  0.13908993918194296       0.22692194170168201     
  0.13965767257489561       0.20874191972213213     
  0.14022772332600780       0.19036761475160502     
  0.14080010089420669       0.17242818764541359     
  0.14137481477702879       0.15552092359098968     
  0.14195187451077720       0.14019077200910515     
  0.14253128967068007       0.12691262614234686     
  0.14311306987104958       0.11607684697125326     
  0.14369722476544117       0.10797838990261484     
  0.14428376404681392       0.10280974283030182     
  0.14487269744769149       0.10065773642283447     
  0.14546403474032335       0.10150414705972316     
  0.14605778573684705       0.10522988425982373     
  0.14665396028945119       0.11162244147105971     
  0.14725256829053859       0.12038619461666256     
  0.14785361967289068       0.13115505882364550     
  0.14845712440983222       0.14350696141443570     
  0.14906309251539690       0.15697955879212863     
  0.14967153404449324       0.17108661577663589     
  0.15028245909307170       0.18533447703463748     
  0.15089587779829214       0.19923808967335685     
  0.15151180033869191       0.21233608153553410     
  0.15213023693435482       0.22420445857520901     
  0.15275119784708088       0.23446855400517075     
  0.15337469338055626       0.24281293865917231     
  0.15400073388052446       0.24898908316852275     
  0.15462932973495802       0.25282064516998964     
  0.15526049137423079       0.25420633608012289     
  0.15589422927129087       0.25312039948917958     
  0.15653055394183482       0.24961080476333697     
  0.15716947594448166       0.24379532317723124     
  0.15781100588094832       0.23585570840042813     
  0.15845515439622559       0.22603024740493297     
  0.15910193217875471       0.21460498122053950     
  0.15975134996060453       0.20190391720225209     
  0.16040341851764989       0.18827856571116325     
  0.16105814866975027       0.17409713479629668     
  0.16171555128092935       0.15973370733318332     
  0.16237563725955523       0.14555770709730764     
  0.16303841755852153       0.13192393458638574     
  0.16370390317542910       0.11916342135142909     
  0.16437210515276834       0.10757531453572172     
  0.16504303457810285        9.7419962673793714E-002
  0.16571670258425286        8.8913330982899150E-002
  0.16639312034948034        8.2222830751805517E-002
  0.16707229909767446        7.7464604277794752E-002
  0.16775425009853762        7.4702265288919378E-002
  0.16843898466777257        7.3947055945014106E-002
  0.16912651416727026        7.5159346211312247E-002
  0.16981685000529834        7.8251370350480742E-002
  0.17051000363669019        8.3091069016985722E-002
  0.17120598656303537        8.9506884324220146E-002
  0.17190481033287031        9.7293339483724720E-002
  0.17260648654186983       0.10621722422203479     
  0.17331102683303970       0.11602420205281096     
  0.17401844289690985       0.12644565537726118     
  0.17472874647172817       0.13720558894875123     
  0.17544194934365545       0.14802742101789432     
  0.17615806334696094       0.15864050394797596     
  0.17687710036421864       0.16878623167915949     
  0.17759907232650440       0.17822360951060873     
  0.17832399121359424       0.18673418163432470     
  0.17905186905416270       0.19412623306666646     
  0.17978271792598266       0.20023820447474674     
  0.18051654995612570       0.20494128030834882     
  0.18125337732116351       0.20814113209042864     
  0.18199321224736950       0.20977881921081826     
  0.18273606701092207       0.20983086868894371     
  0.18348195393810826       0.20830857276882445     
  0.18423088540552804       0.20525655859872213     
  0.18498287384029991       0.20075069741392682     
  0.18573793172026712       0.19489543143897001     
  0.18649607157420448       0.18782060507642268     
  0.18725730598202642       0.17967789283798907     
  0.18802164757499584       0.17063691994216976     
  0.18878910903593346       0.16088117264630011     
  0.18955970309942835       0.15060379433912094     
  0.19033344255204943       0.14000336037211883     
  0.19111034023255730       0.12927971976300529     
  0.19189040903211749       0.11862998549639445     
  0.19267366189451438       0.10824474742439209     
  0.19346011181636599        9.8304572992556280E-002
  0.19424977184733941        8.8976851446113739E-002
  0.19504265509036750        8.0413027065965759E-002
  0.19583877470186650        7.2746256593673730E-002
  0.19663814389195391        6.6089515565662477E-002
  0.19744077592466802        6.0534168008270793E-002
  0.19824668411818794        5.6149004045417082E-002
  0.19905588184505443        5.2979740614699407E-002
  0.19986838253239200        5.1048971825952520E-002
  0.20068419966213161        5.0356547653046417E-002
  0.20150334677123438        5.0880352722862142E-002
  0.20232583745191612        5.2577451026650346E-002
  0.20315168535187320        5.5385557474703105E-002
  0.20398090417450848        5.9224793367376107E-002
  0.20481350767915915        6.3999680063307238E-002
  0.20564950968132489        6.9601323367910944E-002
  0.20648892405289709        7.5909740401735218E-002
  0.20733176472238896        8.2796280883122519E-002
  0.20817804567516671        9.0126095802750661E-002
  0.20902778095368180        9.7760608298130491E-002
  0.20988098465770355       0.10555994406423730     
  0.21073767094455342       0.11338528176626859     
  0.21159785402933992       0.12110108755232442     
  0.21246154818519422       0.12857720179629950     
  0.21332876774350720       0.13569075053363860     
  0.21419952709416737       0.14232785858625205     
  0.21507384068579924       0.14838514601340347     
  0.21595172302600341       0.15377099418355114     
  0.21683318868159726       0.15840657235540706     
  0.21771825227885655       0.16222662011002573     
  0.21860692850375804       0.16517998522270161     
  0.21949923210222347       0.16722992054604735     
  0.22039517788036408       0.16835414714505886     
  0.22129478070472614       0.16854469424159363     
  0.22219805550253774       0.16780752945911614     
  0.22310501726195672       0.16616199538723275     
  0.22401568103231900       0.16364007059638308     
  0.22493006192438844       0.16028547492119963     
  0.22584817511060773       0.15615264009888499     
  0.22677003582534988       0.15130556770581102     
  0.22769565936517111       0.14581659679672393     
  0.22862506108906488       0.13976510373709070     
  0.22955825641871638       0.13323615645533629     
  0.23049526083875860       0.12631914475688402     
  0.23143608989702943       0.11910640746769753     
  0.23238075920482931       0.11169187604550612     
  0.23332928443718048       0.10416975294715818     
  0.23428168133308711        9.6633241506906845E-002
  0.23523796569579644        8.9173342398867331E-002
  0.23619815339306083        8.1877729963101609E-002
  0.23716226035740115        7.4829719803384723E-002
  0.23813030258637141        6.8107337148895511E-002
  0.23910229614282377        6.1782493543006599E-002
  0.24007825715517533        5.5920277509138687E-002
  0.24105820181767584        5.0578362972900595E-002
  0.24204214639067612        4.5806537415247296E-002
  0.24303010720089804        4.1646350014353017E-002
  0.24402210064170560        3.8130878422434539E-002
  0.24501814317337661        3.5284611333067477E-002
  0.24601825132337590        3.3123442637100847E-002
  0.24702244168662996        3.1654771750321588E-002
  0.24803073092580163        3.0877703630520923E-002
  0.24904313577156709        3.0783341089406245E-002
  0.25005967302289334        3.1355161247689875E-002
  0.25108035954731700        3.2569467378850997E-002
  0.25210521228122396        3.4395906935834941E-002
  0.25313424823013059        3.6798046250633334E-002
  0.25416748446896609        3.9733992233009448E-002
  0.25520493814235545        4.3157051363866890E-002
  0.25624662646490398        4.7016416371995870E-002
  0.25729256672148348        5.1257871190244116E-002
  0.25834277626751834        5.5824505097925602E-002
  0.25939727252927380        6.0657427359274436E-002
  0.26045607300414547        6.5696474151389642E-002
  0.26151919526094891        7.0880900127719387E-002
  0.26258665694021183        7.6150047572936225E-002
  0.26365847575446660        8.1443986760505752E-002
  0.26473466948854396        8.6704121814103904E-002
  0.26581525599986822        9.1873757087429966E-002
  0.26690025321875377        9.6898619803616401E-002
  0.26798967914870253       0.10172733542563088     
  0.26908355186670235       0.10631185295384535     
  0.27018188952352734       0.11060781805807415     
  0.27128471034403900       0.11457489264136798     
  0.27239203262748851       0.11817702009514749     
  0.27350387474782023       0.12138263613405322     
  0.27462025515397709       0.12416482568923731     
  0.27574119237020622       0.12650142688664856     
  0.27686670499636645       0.12837508363889158     
  0.27799681170823720       0.12977324883294722     
  0.27913153125782791       0.13068814049970717     
  0.28027088247368953       0.13111665370389566     
  0.28141488426122702       0.13106023119413809     
  0.28256355560301261       0.13052469610295525     
  0.28371691555910122       0.12952005018616009     
  0.28487498326734656       0.12806024124182558     
  0.28603777794371876       0.12616290345246059     
  0.28720531888262307       0.12384907445242238     
  0.28837762545721990       0.12114289293851314     
  0.28955471711974690       0.11807128061777966     
  0.29073661340184104       0.11466361222595166     
  0.29192333391486291       0.11095137725575527     
  0.29311489835022253       0.10696783690989910     
  0.29431132647970543       0.10274767964222641     
  0.29551263815580109        9.8326678475741516E-002
  0.29671885331203263        9.3741353091371202E-002
  0.29792999196328690        8.9028639469774157E-002
  0.29914607420614708        8.4225569643499407E-002
  0.30036712021922612        7.9368963881568569E-002
  0.30159315026350136        7.4495137386026616E-002
  0.30282418468265071        6.9639623333199258E-002
  0.30406024390339059        6.4836913843872482E-002
  0.30530134843581452        6.0120220219021782E-002
  0.30654751887373349        5.5521253533277651E-002
  0.30779877589501764        5.1070026439210846E-002
  0.30905514026193970        4.6794676803616791E-002
  0.31031663282151906        4.2721313573969411E-002
  0.31158327450586787        3.8873885060588781E-002
  0.31285508633253861        3.5274069619064964E-002
  0.31413208940487242        3.1941188529159510E-002
  0.31541430491234945        2.8892140691663900E-002
  0.31670175413094059        2.6141358604076084E-002
  0.31799445842346041        2.3700784930128199E-002
  0.31929243923992134        2.1579868847222659E-002
  0.32059571811789023        1.9785581240084994E-002
  0.32190431668284508        1.8322447708219967E-002
  0.32321825664853443        1.7192598269049810E-002
  0.32453755981733712        1.6395832567524436E-002
  0.32586224808062436        1.5929699346253368E-002
  0.32719234341912323        1.5789588887211457E-002
  0.32852786790328065        1.5968837106338393E-002
  0.32986884369363056        1.6458839965142736E-002
  0.33121529304116082        1.7249176858103558E-002
  0.33256723828768275        1.8327741640395443E-002
  0.33392470186620210        1.9680879976486827E-002
  0.33528770630129073        2.1293531715622947E-002
  0.33665627420946076        2.3149377034246941E-002
  0.33803042829953994        2.5230985127166514E-002
  0.33941019137304806        2.7519964277884591E-002
  0.34079558632457546        2.9997112193107883E-002
  0.34218663614216327        3.2642565546174430E-002
  0.34358336390768413        3.5435947738189540E-002
  0.34498579279722608        3.8356513953215418E-002
  0.34639394608147639        4.1383292654141091E-002
  0.34780784712610791        4.4495222738156648E-002
  0.34922751939216706        4.7671285644350546E-002
  0.35065298643646264        5.0890631780164508E-002
  0.35208427191195729        5.4132700707733010E-002
  0.35352139956815942        5.7377334604831798E-002
  0.35496439325151735        6.0604884587849669E-002
  0.35641327690581565        6.3796309555304173E-002
  0.35786807457257153        6.6933267279602443E-002
  0.35932881039143427        6.9998197541559518E-002
  0.36079550860058590        7.2974397166331723E-002
  0.36226819353714296        7.5846086880591898E-002
  0.36374688963756052        7.8598469968737442E-002
  0.36523162143803800        8.1217782760461724E-002
  0.36672241357492547        8.3691337032995000E-002
  0.36821929078513355        8.6007554458594107E-002
  0.36972227790654283        8.8155993271334457E-002
  0.37123139987841652        9.0127367366930417E-002
  0.37274668174181458        9.1913558085085639E-002
  0.37426814864000829        9.3507618955865873E-002
  0.37579582581889864        9.4903773719691775E-002
  0.37732973862743413        9.6097407955012537E-002
  0.37886991251803198        9.7085054668429496E-002
  0.38041637304700071        9.7864374219284164E-002
  0.38196914587496344        9.8434128964470125E-002
  0.38352825676728425        9.8794153019751071E-002
  0.38509373159449567        9.8945317541192582E-002
  0.38666559633272773        9.8889491934710985E-002
  0.38824387706413899        9.8629501403327269E-002
  0.38982859997734975        9.8169081240641970E-002
  0.39141979136787586        9.7512828275582844E-002
  0.39301747763856587        9.6666149867720541E-002
  0.39462168530003849        9.5635210844644866E-002
  0.39623244097112265        9.4426878763195651E-002
  0.39784977137929967        9.3048667864982490E-002
  0.39947370336114574        9.1508682083725951E-002
  0.40110426386277853        8.9815557447758182E-002
  0.40274147994030307        8.7978404205656419E-002
  0.40438537876026137        8.6006748986672266E-002
  0.40603598760008325        8.3910477290453964E-002
  0.40769333384853856        8.1699776582801906E-002
  0.40935744500619187        7.9385080255878010E-002
  0.41102834868585908        7.6977012692674512E-002
  0.41270607261306486        7.4486335656665500E-002
  0.41439064462650332        7.1923896208613267E-002
  0.41608209267850005        6.9300576333578404E-002
  0.41778044483547516        6.6627244442374778E-002
  0.41948572927840988        6.3914708893159519E-002
  0.42119797430331363        6.1173673660619363E-002
  0.42291720832169355        5.8414696262382659E-002
  0.42464345986102636        5.5648148034973158E-002
  0.42637675756523108        5.2884176834824000E-002
  0.42811713019514508        5.0132672223716403E-002
  0.42986460662900056        4.7403233182494689E-002
  0.43161921586290408        4.4705138382113589E-002
  0.43338098701131811        4.2047319027010831E-002
  0.43514994930754325        3.9438334272513295E-002
  0.43692613210420378        3.6886349205482734E-002
  0.43870956487373508        3.4399115365718685E-002
  0.44050027720887197        3.1983953774761611E-002
  0.44229829882313998        2.9647740428697229E-002
  0.44410365955134889        2.7396894202317223E-002
  0.44591638935008682        2.5237367103604406E-002
  0.44773651829821842        2.3174636809885213E-002
  0.44956407659738296        2.1213701410193960E-002
  0.45139909457249600        1.9359076272365678E-002
  0.45324160267225266        1.7614792948088844E-002
  0.45509163146963244        1.5984400024623653E-002
  0.45694921166240710        1.4470965828059373E-002
  0.45881437407364939        1.3077082879838393E-002
  0.46068714965224478        1.1804874005788829E-002
  0.46256756947340538        1.0655999995037916E-002
  0.46445566473918498        9.6316687049119408E-003
  0.46635146677899686        8.7326455072041422E-003
  0.46825500705013429        7.9592649710179819E-003
  0.47016631713829160        7.3114436776908435E-003
  0.47208542875808879        6.7886940640719019E-003
  0.47401237375359806        6.3901391916214006E-003
  0.47594718409887132        6.1145283403819120E-003
  0.47788989189847175        5.9602533288100439E-003
  0.47984052938800570        5.9253654627343657E-003
  0.48179912893465782        6.0075930192581024E-003
  0.48376572303772875        6.2043591742579696E-003
  0.48574034432917323        6.5128002851865168E-003
  0.48772302557414277        6.9297844441386031E-003
  0.48971379967152823        7.4519302195908878E-003
  0.49171269965450648        8.0756255087918536E-003
  0.49371975869108847        8.7970464264923824E-003
  0.49573501008466908        9.6121761595003193E-003
  0.49775848727458005        1.0516823720421644E-002
  0.49979022383664523        1.1506642537867137E-002
  0.50183025348373689        1.2577148824361097E-002
  0.50387861006633561        1.3723739667150844E-002
  0.50593532757309234        1.4941710791070572E-002
  0.50800044013139123        1.6226273946542934E-002
  0.51007398200791731        1.7572573879692049E-002
  0.51215598760922409        1.8975704845375332E-002
  0.51424649148230461        2.0430726627710828E-002
  0.51634552831516523        2.1932680036358728E-002
  0.51845313293740036        2.3476601850415092E-002
  0.52056934032077162        2.5057539185273474E-002
  0.52269418557978653        2.6670563261191740E-002
  0.52482770397228251        2.8310782555580311E-002
  0.52696993090001132        2.9973355324174212E-002
  0.52912090190922667        3.1653501479272012E-002
  0.53128065269127367        3.3346513816123531E-002
  0.53344921908318188        3.5047768581293638E-002
  0.53562663706825886        3.6752735379456093E-002
  0.53781294277668812        3.8456986417547988E-002
  0.54000817248612853        4.0156205087548497E-002
  0.54221236262231554        4.1846193891352058E-002
  0.54442554975966673        4.3522881713251992E-002
  0.54664777062188774        4.5182330447475966E-002
  0.54887906208258186        4.6820740989982838E-002
  0.55111946116586275        4.8434458605381883E-002
  0.55336900504696696        5.0019977681330721E-002
  0.55562773105287300        5.1573945884150513E-002
  0.55789567666291884        5.3093167730636333E-002
  0.56017287950942463        5.4574607592169852E-002
  0.56245937737831742        5.6015392148225970E-002
  0.56475520820975744        5.7412812307262348E-002
  0.56706041009876806        5.8764324613734105E-002
  0.56937502129586803        6.0067552160639907E-002
  0.57169908020770599        6.1320285027561990E-002
  0.57403262539769728        6.2520480264607881E-002
  0.57637569558666502        6.3666261443023286E-002
  0.57872832965348131        6.4755917793513362E-002
  0.58109056663571335        6.5787902953485619E-002
  0.58346244573027040        6.6760833344532228E-002
  0.58584400629405475        6.7673486201484376E-002
  0.58823528784461476        6.8524797274328142E-002
  0.59063633006079996        6.9313858224158170E-002
  0.59304717278342045        7.0039913734151041E-002
  0.59546785601590702        7.0702358356324380E-002
  0.59789841992497528        7.1300733114539230E-002
  0.60033890484129260        7.1834721883878128E-002
  0.60278935126014666        7.2304147566132335E-002
  0.60524979984211758        7.2708968080724787E-002
  0.60772029141375294        7.3049272189917983E-002
  0.61020086696824494        7.3325275176667218E-002
  0.61269156766611022        7.3537314392964334E-002
  0.61519243483587394        7.3685844695950936E-002
  0.61770350997475421        7.3771433788528684E-002
  0.62022483474935197        7.3794757480588974E-002
  0.62275645099634114        7.3756594886389221E-002
  0.62529840072316345        7.3657823572978773E-002
  0.62785072610872605        7.3499414673955404E-002
  0.63041346950409982        7.3282427982192505E-002
  0.63298667343322390        7.3008007034542868E-002
  0.63557038059361004        7.2677374200879982E-002
  0.63816463385705124        7.2291825789199876E-002
  0.64076947627033398        7.1852727177857845E-002
  0.64338495105595150        7.1361507985391537E-002
  0.64601110161282127        7.0819657287740756E-002
  0.64864797151700582        7.0228718892056466E-002
  0.65129560452243462        6.9590286675676336E-002
  0.65395404456163087        6.8905999998240985E-002
  0.65662333574644061        6.8177539194329895E-002
  0.65930352236876377        6.7406621153421942E-002
  0.66199464890129045        6.6594994993412093E-002
  0.66469675999823752        6.5744437833368349E-002
  0.66740990049609028        6.4856750670676713E-002
  0.67013411541434675        6.3933754367198642E-002
  0.67286944995626363        6.2977285748562692E-002
  0.67561594950960757        6.1989193820226489E-002
  0.67837365964740748        6.0971336103471808E-002
  0.68114262612871068        5.9925575094048361E-002
  0.68392289489934310        5.8853774845742626E-002
  0.68671451209267076        5.7757797680738202E-002
  0.68951752403036504        5.6639501028230121E-002
  0.69233197722317286        5.5500734392382400E-002
  0.69515791837168661        5.4343336450353344E-002
  0.69799539436711988        5.3169132280772538E-002
  0.70084445229208592        5.1979930722725887E-002
  0.70370513942137802        5.0777521865001805E-002
  0.70657750322275481        4.9563674665062181E-002
  0.70946159135772713        4.8340134696925642E-002
  0.71235745168234910        4.7108622026902323E-002
  0.71526513224801314        4.5870829215876520E-002
  0.71818468130224533        4.4628419446616503E-002
  0.72111614728950835        4.3383024774381121E-002
  0.72405957885200312        4.2136244498906378E-002
  0.72701502483047720        4.0889643655679042E-002
  0.72998253426503557        3.9644751624246036E-002
  0.73296215639595286        3.8403060851161901E-002
  0.73595394066449149        3.7166025685042910E-002
  0.73895793671372234        3.5935061321084948E-002
  0.74197419438934753        3.4711542852288016E-002
  0.74500276374052765        3.3496804424544321E-002
  0.74804369502071344        3.2292138492660702E-002
  0.75109703868847777        3.1098795174322468E-002
  0.75416284540835488        2.9917981698937581E-002
  0.75724116605167924        2.8750861948262631E-002
  0.76033205169743068        2.7598556085663101E-002
  0.76343555363308235        2.6462140270838822E-002
  0.76655172335545019        2.5342646456819794E-002
  0.76968061257154952        2.4241062266030677E-002
  0.77282227319945096        2.3158330942211511E-002
  0.77597675736914307        2.2095351374993751E-002
  0.77914411742339751        2.1052978193932530E-002
  0.78232440591863694        2.0032021928822762E-002
  0.78551767562580699        1.9033249233139097E-002
  0.78872397953125306        1.8057383167479339E-002
  0.79194337083759792        1.7105103539917395E-002
  0.79517590296462559        1.6177047300214163E-002
  0.79842162955016782        1.5273808984878991E-002
  0.80168060445099321        1.4395941210121664E-002
  0.80495288174370172        1.3543955209785363E-002
  0.80823851572562166        1.2718321415407284E-002
  0.81153756091571005        1.1919470075614369E-002
  0.81485007205545901        1.1147791912115190E-002
  0.81817610410980179        1.0403638809624230E-002
  0.82151571226802678        9.6873245371073696E-003
  0.82486895194469190        8.9991254978163317E-003
  0.82823587878054472        8.3392815056431528E-003
  0.83161654864344625        7.7079965853966157E-003
  0.83501101762929653        7.1054397946782788E-003
  0.83841934206296653        6.5317460651032585E-003
  0.84184157849923302        5.9870170606890647E-003
  0.84527778372371576        5.4713220513080635E-003
  0.84872801475382054        4.9846987991711200E-003
  0.85219232883968588        4.5271544563890093E-003
  0.85567078346513115        4.0986664717281842E-003
  0.85916343634861292        3.6991835047549245E-003
  0.86267034544418009        3.3286263456327905E-003
  0.86619156894243732        2.9868888389144601E-003
  0.86972716527151039        2.6738388097384651E-003
  0.87327719309801433        2.3893189909164354E-003
  0.87684171132802924        2.1331479494646655E-003
  0.88042077910807537        1.9051210112060414E-003
  0.88401445582609561        1.7050111821351201E-003
  0.88762280111244185        1.5325700653090329E-003
  0.89124587484086226        1.3875287720930816E-003
  0.89488373712949654        1.2695988266517898E-003
  0.89853644834187318        1.1784730626472754E-003
  0.90220406908791040        1.1138265111603385E-003
  0.90588666022492215        1.0753172789187877E-003
  0.90958428285862880        1.0625874159716081E-003
  0.91329699834416944        1.0752637720080121E-003
  0.91702486828712149        1.1129588405760034E-003
  0.92076795454452198        1.1752715905109865E-003
  0.92452631922589401        1.2617882839357651E-003
  0.92830002469427830        1.3720832802482591E-003
  0.93208913356726641        1.5057198255595435E-003
  0.93589370871804145        1.6622508270960200E-003
  0.93971381327641990        1.8412196121245631E-003
  0.94354951062989978        2.0421606710051246E-003
  0.94740086442471305        2.2646003840174440E-003
  0.95126793856688030        2.5080577316527407E-003
  0.95515079722327212        2.7720449880979424E-003
  0.95904950482267404        3.0560683976819567E-003
  0.96296412605685466        3.3596288340867857E-003
  0.96689472588163972        3.6822224421651363E-003
  0.97084136951799027        4.0233412622374676E-003
  0.97480412245308368        4.3824738367737462E-003
  0.97878305044140190        4.7591057993981644E-003
  0.98277821950582100        5.1527204461807733E-003
  0.98678969593870736        5.5627992892111466E-003
  0.99081754630301844        5.9888225924735706E-003
  0.99486183743340539        6.4302698900679531E-003
  0.99892263643732426        6.8866204868469026E-003
   1.0030000106961476        7.3573539415575789E-003
   1.0070940278662834        7.8419505326022629E-003
   1.0112047558802988        8.3398917065479264E-003
   1.0153322629480441        8.8506605095353616E-003
   1.0194766175577885        9.3737420017559209E-003
   1.0236378884773538        9.9086236551784862E-003
   1.0278161447552574        1.0454795734726552E-002
   1.0320114557218547        1.1011751663116668E-002
   1.0362238909904942        1.1578988369585945E-002
   1.0404535204586696        1.2156006622744627E-002
   1.0447004143091787        1.2742311347801679E-002
   1.0489646430112913        1.3337411928424662E-002
   1.0532462773219167        1.3940822493498629E-002
   1.0575453882867758        1.4552062189060843E-002
   1.0618620472415838        1.5170655435695674E-002
   1.0661963258132321        1.5796132171677565E-002
   1.0705482959209747        1.6428028082158843E-002
   1.0749180297776255        1.7065884814702923E-002
   1.0793055998907541        1.7709250181467996E-002
   1.0837110790638902        1.8357678348349105E-002
   1.0881345403977287        1.9010730011390729E-002
   1.0925760572913470        1.9667972560785698E-002
   1.0970357034434204        2.0328980232773245E-002
   1.1015135528534441        2.0993334249755587E-002
   1.1060096798229635        2.1660622948951703E-002
   1.1105241589568067        2.2330441899904234E-002
   1.1150570651643195        2.3002394011159080E-002
   1.1196084736606120        2.3676089626435259E-002
   1.1241784599678060        2.4351146610600991E-002
   1.1287670999162849        2.5027190425769359E-002
   1.1333744696459565        2.5703854197829765E-002
   1.1380006456075142        2.6380778773722378E-002
   1.1426457045637044        2.7057612769765781E-002
   1.1473097235906025        2.7734012611343010E-002
   1.1519927800788912        2.8409642564247425E-002
   1.1566949517351428        2.9084174757987514E-002
   1.1614163165831117        2.9757289201346657E-002
   1.1661569529650266        3.0428673790487207E-002
   1.1709169395428922        3.1098024309888592E-002
   1.1756963552997917        3.1765044426399824E-002
   1.1804952795412009        3.2429445676687180E-002
   1.1853137918963028        3.3090947448349471E-002
   1.1901519723193061        3.3749276954970271E-002
   1.1950099010907769        3.4404169205372870E-002
   1.1998876588189678        3.5055366967334536E-002
   1.2047853264411541        3.5702620726016897E-002
   1.2097029852249803        3.6345688637360776E-002
   1.2146407167698074        3.6984336476687939E-002
   1.2195986030080641        3.7618337582750121E-002
   1.2245767262066105        3.8247472797458437E-002
   1.2295751689681005        3.8871530401518729E-002
   1.2345940142323542        3.9490306046198263E-002
   1.2396333452777308        4.0103602681437776E-002
   1.2446932457225151        4.0711230480523476E-002
   1.2497737995263021        4.1313006761521359E-002
   1.2548750909913893        4.1908755905677539E-002
   1.2599972047641785        4.2498309272977382E-002
   1.2651402258365791        4.3081505115055041E-002
   1.2703042395474162        4.3658188485634783E-002
   1.2754893315838498        4.4228211148686872E-002
   1.2806955879827961        4.4791431484467722E-002
   1.2859230951323521        4.5347714393614874E-002
   1.2911719397732333        4.5896931199458847E-002
   1.2964422090002106        4.6438959548709934E-002
   1.3017339902635547        4.6973683310672316E-002
   1.3070473713704895        4.7500992475133473E-002
   1.3123824404866489        4.8020783049071168E-002
   1.3177392861375357        4.8532956952315374E-002
   1.3231179972099965        4.9037421912298373E-002
   1.3285186629536925        4.9534091358021330E-002
   1.3339413729825829        5.0022884313358697E-002
   1.3393862172764077        5.0503725289821416E-002
   1.3448532861821869        5.0976544178892559E-002
   1.3503426704157151        5.1441276144042258E-002
   1.3558544610630672        5.1897861512531472E-002
   1.3613887495821120        5.2346245667101519E-002
   1.3669456278040288        5.2786378937649599E-002
   1.3725251879348284        5.3218216492978226E-002
   1.3781275225568879        5.3641718232713104E-002
   1.3837527246304846        5.4056848679468375E-002
   1.3894008874953359        5.4463576871343358E-002
   1.3950721048721533        5.4861876254826678E-002
   1.4007664708641934        5.5251724578180623E-002
   1.4064840799588225        5.5633103785377065E-002
   1.4122250270290799        5.6005999910647551E-002
   1.4179894073352572        5.6370402973716455E-002
   1.4237773165264773        5.6726306875769059E-002
   1.4295888506422783        5.7073709296217967E-002
   1.4354241061142121        5.7412611590315535E-002
   1.4412831797674421        5.7743018687665994E-002
   1.4471661688223481        5.8064938991682455E-002
   1.4530731708961429        5.8378384280033738E-002
   1.4590042840044910        5.8683369606122728E-002
   1.4649596065631323        5.8979913201633899E-002
   1.4709392373895191        5.9268036380187628E-002
   1.4769432757044543        5.9547763442134534E-002
   1.4829718211337348        5.9819121580519573E-002
   1.4890249737098105        6.0082140788247189E-002
   1.4951028338734396        6.0336853766471910E-002
   1.5012055024753554        6.0583295834239707E-002
   1.5073330807779428        6.0821504839402026E-002
   1.5134856704569155        6.1051521070822963E-002
   1.5196633736030056        6.1273387171896891E-002
   1.5258662927236537        6.1487148055393646E-002
   1.5320945307447145        6.1692850819645033E-002
   1.5383481910121630        6.1890544666085658E-002
   1.5446273772938062        6.2080280818158487E-002
   1.5509321937810101        6.2262112441595095E-002
   1.5572627450904259        6.2436094566077384E-002
   1.5636191362657244        6.2602284008287962E-002
   1.5700014727793419        6.2760739296352799E-002
   1.5764098605342303        6.2911520595680989E-002
   1.5828444058656099        6.3054689636201491E-002
   1.5893052155427401        6.3190309641000197E-002
   1.5957923967706868        6.3318445256354869E-002
   1.6023060571921037        6.3439162483166861E-002
   1.6088463048890147        6.3552528609787634E-002
   1.6154132483846122        6.3658612146235638E-002
   1.6220069966450557        6.3757482759798478E-002
   1.6286276590812767        6.3849211212015755E-002
   1.6352753455508005        6.3933869297035262E-002
   1.6419501663595648        6.4011529781334925E-002
   1.6486522322637496        6.4082266344802824E-002
   1.6553816544716176        6.4146153523165730E-002
   1.6621385446453594        6.4203266651757310E-002
   1.6689230149029417        6.4253681810613625E-002
   1.6757351778199741        6.4297475770887985E-002
   1.6825751464315746        6.4334725942570031E-002
   1.6894430342342412        6.4365510323499908E-002
   1.6963389551877424        6.4389907449662387E-002
   1.7032630237170037        6.4407996346749208E-002
   1.7102153547140044        6.4419856482975671E-002
   1.7171960635396897        6.4425567723136581E-002
   1.7242052660258809        6.4425210283887854E-002
   1.7312430784771990        6.4418864690239219E-002
   1.7383096176729915        6.4406611733241387E-002
   1.7454050008692747        6.4388532428853604E-002
   1.7525293458006783        6.4364707977975555E-002
   1.7596827706823941        6.4335219727626555E-002
   1.7668653942121444        6.4300149133256906E-002
   1.7740773355721486        6.4259577722174818E-002
   1.7813187144310982        6.4213587058071731E-002
   1.7885896509461472        6.4162258706629297E-002
   1.7958902657649043        6.4105674202192028E-002
   1.8032206800274309        6.4043915015486674E-002
   1.8105810153682576        6.3977062522373979E-002
   1.8179713939183981        6.3905197973612160E-002
   1.8253919383073787        6.3828402465618217E-002
   1.8328427716652678        6.3746756912207214E-002
   1.8403240176247260        6.3660342017293439E-002
   1.8478358003230537        6.3569238248536192E-002
   1.8553782444042495        6.3473525811912013E-002
   1.8629514750210820        6.3373284627196241E-002
   1.8705556178371661        6.3268594304338330E-002
   1.8781907990290427        6.3159534120710029E-002
   1.8858571452882809        6.3046182999213579E-002
   1.8935547838235744        6.2928619487229123E-002
   1.9012838423628520        6.2806921736386689E-002
   1.9090444491554013        6.2681167483145145E-002
   1.9168367329739937        6.2551434030159725E-002
   1.9246608231170197        6.2417798228424984E-002
   1.9325168494106386        6.2280336460172454E-002
   1.9404049422109304        6.2139124622509471E-002
   1.9483252324060565        6.1994238111781515E-002
   1.9562778514184365        6.1845751808642171E-002
   1.9642629312069249        6.1693740063815082E-002
   1.9722806042690040        6.1538276684530401E-002
   1.9803310036429771        6.1379434921622789E-002
   1.9884142629101824        6.1217287457272583E-002
   1.9965305161972071        6.1051906393376244E-002
   2.0046798981781091        6.0883363240530723E-002
   2.0128625440766581        6.0711728907616676E-002
   2.0210785896685763        6.0537073691964982E-002
   2.0293281712837890        6.0359467270092969E-002
   2.0376114258086915        6.0178978688995549E-002
   2.0459284906884188        5.9995676357975897E-002
   2.0542795039291217        5.9809628041003544E-002
   2.0626646041002639        5.9620900849584470E-002
   2.0710839303369175        5.9429561236129740E-002
   2.0795376223420732        5.9235674987810273E-002
   2.0880258203889532        5.9039307220882978E-002
   2.0965486653233478        5.8840522375476156E-002
   2.1051062985659468        5.8639384210821023E-002
   2.1136988621146831        5.8435955800916824E-002
   2.1223264985470975        5.8230299530616744E-002
   2.1309893510226989        5.8022477092123291E-002
   2.1396875632853374        5.7812549481879444E-002
   2.1484212796655959        5.7600576997845584E-002
   2.1571906450831819        5.7386619237149883E-002
   2.1659958050493291        5.7170735094099992E-002
   2.1748369056692178        5.6952982758546086E-002
   2.1837140936443968        5.6733419714583490E-002
   2.1926275162752127        5.6512102739585027E-002
   2.2015773214632635        5.6289087903550077E-002
   2.2105636577138457        5.6064430568764159E-002
   2.2195866741384194        5.5838185389754491E-002
   2.2286465204570853        5.5610406313534727E-002
   2.2377433470010675        5.5381146580127209E-002
   2.2468773047152077        5.5150458723354417E-002
   2.2560485451604677        5.4918394571889621E-002
   2.2652572205164492        5.4685005250557507E-002
   2.2745034835839171        5.4450341181875916E-002
   2.2837874877873303        5.4214452087831072E-002
   2.2931093871773944        5.3977386991874862E-002
   2.3024693364336155        5.3739194221139062E-002
   2.3118674908668622        5.3499921408856274E-002
   2.3213040064219506        5.3259615496979842E-002
   2.3307790396802273        5.3018322738995684E-002
   2.3402927478621649        5.2776088702917341E-002
   2.3498452888299783        5.2532958274457649E-002
   2.3594368210902377        5.2288975660369039E-002
   2.3690675037965030        5.2044184391945636E-002
   2.3787374967519588        5.1798627328681124E-002
   2.3884469604120731        5.1552346662072819E-002
   2.3981960558872570        5.1305383919568855E-002
   2.4079849449455333        5.1057779968649762E-002
   2.4178137900152290        5.0809575021038465E-002
   2.4276827541876669        5.0560808637032904E-002
   2.4375920012198664        5.0311519729955713E-002
   2.4475416955372706        5.0061746570713876E-002
   2.4575320022364697        4.9811526792463798E-002
   2.4675630870879357        4.9560897395376294E-002
   2.4776351165387829        4.9309894751494783E-002
   2.4877482577155234        4.9058554609683058E-002
   2.4979026784268394        4.8806912100656956E-002
   2.5080985471663721        4.8555001742094338E-002
   2.5183360331155162        4.8302857443819618E-002
   2.5286153061462220        4.8050512513057760E-002
   2.5389365368238228        4.7797999659751872E-002
   2.5492998964098588        4.7545351001943216E-002
   2.5597055568649218        4.7292598071205935E-002
   2.5701536908515048        4.7039771818133742E-002
   2.5806444717368717        4.6786902617875228E-002
   2.5911780735959340        4.6534020275712330E-002
   2.6017546712141315        4.6281154032680079E-002
   2.6123744400903441        4.6028332571221374E-002
   2.6230375564397970        4.5775584020959499E-002
   2.6337441971969815        4.5522935964094180E-002
   2.6444945400185995        4.5270415441611825E-002
   2.6552887632865070        4.5018048958751604E-002
   2.6661270461106703        4.4765862490864901E-002
   2.6770095683321458        4.4513881489218532E-002
   2.6879365105260575        4.4262130886811940E-002
   2.6989080540045989        4.4010635104204734E-002
   2.7099243808200328        4.3759418055352849E-002
   2.7209856737677236        4.3508503153449896E-002
   2.7320921163891634        4.3257913316771424E-002
   2.7432438929750149        4.3007670974519956E-002
   2.7544411885681774        4.2757798072667413E-002
   2.7656841889668535        4.2508316079793815E-002
   2.7769730807276272        4.2259245992919310E-002
   2.7883080511685678        4.2010608343327607E-002
   2.7996892883723348        4.1762423202378378E-002
   2.8111169811892935        4.1514710187307867E-002
   2.8225913192406575        4.1267488467013821E-002
   2.8341124929216317        4.1020776767824549E-002
   2.8456806934045655        4.0774593379250511E-002
   2.8572961126421350        4.0528956159714469E-002
   2.8689589433705232        4.0283882542261409E-002
   2.8806693791126143        4.0039389540244941E-002
   2.8924276141812122        3.9795493752989387E-002
   2.9042338436822610        3.9552211371425700E-002
   2.9160882635180831        3.9309558183699959E-002
   2.9279910703906258        3.9067549580753758E-002
   2.9399424618047334        3.8826200561874080E-002
   2.9519426360714194        3.8585525740212442E-002
   2.9639917923111532        3.8345539348272138E-002
   2.9760901304571732        3.8106255243361191E-002
   2.9882378512587997        3.7867686913011983E-002
   3.0004351562847607        3.7629847480365505E-002
   3.0126822479265480        3.7392749709518835E-002
   3.0249793294017673        3.7156406010835787E-002
   3.0373266047575087        3.6920828446219987E-002
   3.0497242788737404        3.6686028734348432E-002
   3.0621725574667020        3.6452018255866629E-002
   3.0746716470923223        3.6218808058542488E-002
   3.0872217551496384        3.5986408862380422E-002
   3.0998230898842483        3.5754831064693134E-002
   3.1124758603917613        3.5524084745131905E-002
   3.1251802766212617        3.5294179670674414E-002
   3.1379365493788032        3.5065125300568940E-002
   3.1507448903309023        3.4836930791235676E-002
   3.1636055120080444        3.4609605001123554E-002
   3.1765186278082207        3.4383156495523190E-002
   3.1894844520004644        3.4157593551334846E-002
   3.2025031997284015        3.3932924161791368E-002
   3.2155750870138298        3.3709156041135675E-002
   3.2287003307602982        3.3486296629252774E-002
   3.2418791487567020        3.3264353096256326E-002
   3.2551117596809069        3.3043332347027339E-002
   3.2683983831033703        3.2823241025709528E-002
   3.2817392394907818        3.2604085520155417E-002
   3.2951345502097307        3.2385871966327549E-002
   3.3085845375303724        3.2168606252652006E-002
   3.3220894246301196        3.1952294024325943E-002
   3.3356494355973410        3.1736940687577805E-002
   3.3492647954350852        3.1522551413880627E-002
   3.3629357300648142        3.1309131144118492E-002
   3.3766624663301439        3.1096684592705964E-002
   3.3904452320006189        3.0885216251660585E-002
   3.4042842557754875        3.0674730394628688E-002
   3.4181797672874907        3.0465231080864043E-002
   3.4321319971066844        3.0256722159159730E-002
   3.4461411767442565        3.0049207271733578E-002
   3.4602075386563675        2.9842689858066811E-002
   3.4743313162480152        2.9637173158695972E-002
   3.4885127438769019        2.9432660218958791E-002
   3.5027520568573265        2.9229153892694298E-002
   3.5170494914640815        2.9026656845895366E-002
   3.5314052849363842        2.8825171560317057E-002
   3.5458196754818094        2.8624700337038091E-002
   3.5602929022802345        2.8425245299977722E-002
   3.5748252054878202        2.8226808399365980E-002
   3.5894168262409902        2.8029391415170538E-002
   3.6040680066604258        2.7832995960477211E-002
   3.6187789898550959        2.7637623484826665E-002
   3.6335500199262847        2.7443275277506347E-002
   3.6483813419716364        2.7249952470798720E-002
   3.6632732020892336        2.7057656043185135E-002
   3.6782258473816740        2.6866386822506146E-002
   3.6932395259601685        2.6676145489079262E-002
   3.7083144869486642        2.6486932578772833E-002
   3.7234509804879772        2.6298748486037075E-002
   3.7386492577399353        2.6111593466894061E-002
   3.7539095708915569        2.5925467641883589E-002
   3.7692321731592284        2.5740370998969041E-002
   3.7846173187929102        2.5556303396400620E-002
   3.8000652630803460        2.5373264565538005E-002
   3.8155762623513128        2.5191254113631802E-002
   3.8311505739818670        2.5010271526564831E-002
   3.8467884563986092        2.4830316171552937E-002
   3.8624901690829847        2.4651387299806406E-002
   3.8782559725755825        2.4473484049151319E-002
   3.8940861284804527        2.4296605446612222E-002
   3.9099808994694594        2.4120750410955929E-002
   3.9259405492866346        2.3945917755196978E-002
   3.9419653427525452        2.3772106189064758E-002
   3.9580555457687030        2.3599314321433067E-002
   3.9742114253219660        2.3427540662712562E-002
   3.9904332494889743        2.3256783627205752E-002
   4.0067212874405893        2.3087041535425974E-002
   4.0230758094463717        2.2918312616379527E-002
   4.0394970868790629        2.2750595009812344E-002
   4.0559853922190783        2.2583886768420977E-002
   4.0725409990590427        2.2418185860028427E-002
   4.0891641821083224        2.2253490169725273E-002
   4.1058552171975808        2.2089797501976437E-002
   4.1226143812833644        2.1927105582693635E-002
   4.1394419524526915        2.1765412061274723E-002
   4.1563382099276636        2.1604714512609157E-002
   4.1733034340701094        2.1445010439050942E-002
   4.1903379063862296        2.1286297272358579E-002
   4.2074419095312638        2.1128572375603914E-002
   4.2246157273141920        2.0971833045047201E-002
   4.2418596447024361        2.0816076511983184E-002
   4.2591739478265858        2.0661299944554106E-002
   4.2765589239851547        2.0507500449532787E-002
   4.2940148616493437        2.0354675074075710E-002
   4.3115420504678283        2.0202820807445544E-002
   4.3291407812715565        2.0051934582704236E-002
   4.3468113460785895        1.9902013278376932E-002
   4.3645540380989400        1.9753053720087139E-002
   4.3823691517394279        1.9605052682162973E-002
   4.4002569826085844        1.9458006889215389E-002
   4.4182178275215458        1.9311913017689138E-002
   4.4362519845049730        1.9166767697361347E-002
   4.4543597528020111        1.9022567512931163E-002
   4.4725414328772475        1.8879309005351567E-002
   4.4907973264216903        1.8736988673361894E-002
   4.5091277363577875        1.8595602974882410E-002
   4.5275329668444471        1.8455148328404933E-002
   4.5460133232820850        1.8315621114359047E-002
   4.5645691123176864        1.8177017676452040E-002
   4.5832006418499045        1.8039334322985063E-002
   4.6019082210341660        1.7902567328144336E-002
   4.6206921602877928        1.7766712933268584E-002
   4.6395527712951647        1.7631767348092683E-002
   4.6584903670128890        1.7497726751968104E-002
   4.6775052616749795        1.7364587295059929E-002
   4.6965977707980926        1.7232345099521269E-002
   4.7157682111867478        1.7100996260645599E-002
   4.7350169009385850        1.6970536847996428E-002
   4.7543441594496505        1.6840962906515690E-002
   4.7737503074196939        1.6712270457615669E-002
   4.7932356668574805        1.6584455500222296E-002
   4.8128005610861475        1.6457514011853611E-002
   4.8324453147485658        1.6331441949620960E-002
   4.8521702538127149        1.6206235251238724E-002
   4.8719757055771122        1.6081889836007897E-002
   4.8918619986762248        1.5958401605780284E-002
   4.9118294630859394        1.5835766445903465E-002
   4.9318784301290162        1.5713980226146101E-002
   4.9520092324806102        1.5593038801604925E-002
   4.9722222041737796        1.5472938013593215E-002
   4.9925176806050207        1.5353673690510630E-002
   5.0128959985398502        1.5235241648695273E-002
   5.0333574961183860        1.5117637693258291E-002
   5.0539025128609465        1.5000857618900573E-002
   5.0745313896737043        1.4884897210712776E-002
   5.0952444688543324        1.4769752244958082E-002
   5.1160420940976774        1.4655418489838484E-002
   5.1369246105014765        1.4541891706244663E-002
   5.1578923645720769        1.4429167648489748E-002
   5.1789457042301867        1.4317242065027184E-002
   5.2000849788166388        1.4206110699153209E-002
   5.2213105390982024        1.4095769289693567E-002
   5.2426227372734004        1.3986213571675231E-002
   5.2640219269783390        1.3877439276983636E-002
   5.2855084632925946        1.3769442135004648E-002
   5.3070827027450962        1.3662217873252693E-002
   5.3287450033200381        1.3555762217984079E-002
   5.3504957244628288        1.3450070894797191E-002
   5.3723352270860527        1.3345139629218272E-002
   5.3942638735754480        1.3240964147273999E-002
   5.4162820277959387        1.3137540176050838E-002
   5.4383900550976607        1.3034863444241228E-002
   5.4605883223220175        1.2932929682677126E-002
   5.4828771978077846        1.2831734624850150E-002
   5.5052570513972130        1.2731274007421915E-002
   5.5277282544421542        1.2631543570717432E-002
   5.5502911798102446        1.2532539059211246E-002
   5.5729462018910780        1.2434256221999340E-002
   5.5956936966024218        1.2336690813259946E-002
   5.6185340413964466        1.2239838592702905E-002
   5.6414676152660075        1.2143695326008241E-002
   5.6644947987509173        1.2048256785252983E-002
   5.6876159739442613        1.1953518749327994E-002
   5.7108315244987482        1.1859477004343612E-002
   5.7341418356330687        1.1766127344024907E-002
   5.7575472941382806        1.1673465570097163E-002
   5.7810482883842447        1.1581487492660494E-002
   5.8046452083260549        1.1490188930555404E-002
   5.8283384455105089        1.1399565711718036E-002
   5.8521283930826149        1.1309613673525986E-002
   5.8760154457921070        1.1220328663134990E-002
